ID,Postcode,Locality,State,Longitude,Latitude,Category,Type,SA3,SA3 Name,SA4,SA4 Name,Region,Status
458,1001,SYDNEY,NSW,151.268071,-33.794883,LVR,LVR,11703,Sydney Inner City,117,Sydney - City and Inner South,R1,Updated 25-Mar-2020 SA3
459,1002,SYDNEY,NSW,151.268071,-33.794883,LVR,LVR,11703,Sydney Inner City,117,Sydney - City and Inner South,R1,Updated 25-Mar-2020 SA3
460,1003,SYDNEY,NSW,151.268071,-33.794883,LVR,LVR,11703,Sydney Inner City,117,Sydney - City and Inner South,R1,Updated 25-Mar-2020 SA3
461,1004,SYDNEY,NSW,151.268071,-33.794883,LVR,LVR,11703,Sydney Inner City,117,Sydney - City and Inner South,R1,Updated 25-Mar-2020 SA3
462,1005,SYDNEY,NSW,151.268071,-33.794883,LVR,LVR,11703,Sydney Inner City,117,Sydney - City and Inner South,R1,Updated 25-Mar-2020 SA3
463,1006,SYDNEY,NSW,151.268071,-33.794883,LVR,LVR,11703,Sydney Inner City,117,Sydney - City and Inner South,R1,Updated 25-Mar-2020 SA3
464,1007,SYDNEY,NSW,151.268071,-33.794883,LVR,LVR,11703,Sydney Inner City,117,Sydney - City and Inner South,R1,Updated 25-Mar-2020 SA3
465,1008,SYDNEY,NSW,151.268071,-33.794883,LVR,LVR,11703,Sydney Inner City,117,Sydney - City and Inner South,R1,Updated 25-Mar-2020 SA3
466,1009,SYDNEY,NSW,151.268071,-33.794883,LVR,LVR,11703,Sydney Inner City,117,Sydney - City and Inner South,R1,Updated 25-Mar-2020 SA3
467,1010,SYDNEY,NSW,151.268071,-33.794883,LVR,LVR,11703,Sydney Inner City,117,Sydney - City and Inner South,R1,Updated 25-Mar-2020 SA3
468,1020,SYDNEY,NSW,151.268071,-33.794883,LVR,LVR,11703,Sydney Inner City,117,Sydney - City and Inner South,R1,Updated 25-Mar-2020 SA3
469,1021,SYDNEY,NSW,151.268071,-33.794883,LVR,LVR,11703,Sydney Inner City,117,Sydney - City and Inner South,R1,Updated 25-Mar-2020 SA3
470,1022,SYDNEY,NSW,151.268071,-33.794883,LVR,LVR,11703,Sydney Inner City,117,Sydney - City and Inner South,R1,Updated 25-Mar-2020 SA3
471,1023,SYDNEY,NSW,151.268071,-33.794883,LVR,LVR,11703,Sydney Inner City,117,Sydney - City and Inner South,R1,Updated 25-Mar-2020 SA3
472,1025,SYDNEY,NSW,151.268071,-33.794883,LVR,LVR,11703,Sydney Inner City,117,Sydney - City and Inner South,R1,Updated 25-Mar-2020 SA3
473,1026,SYDNEY,NSW,151.268071,-33.794883,LVR,LVR,11703,Sydney Inner City,117,Sydney - City and Inner South,R1,Updated 25-Mar-2020 SA3
474,1027,SYDNEY,NSW,151.268071,-33.794883,LVR,LVR,11703,Sydney Inner City,117,Sydney - City and Inner South,R1,Updated 25-Mar-2020 SA3
475,1028,SYDNEY,NSW,151.268071,-33.794883,LVR,LVR,11703,Sydney Inner City,117,Sydney - City and Inner South,R1,Updated 25-Mar-2020 SA3
476,1029,SYDNEY,NSW,151.268071,-33.794883,LVR,LVR,11703,Sydney Inner City,117,Sydney - City and Inner South,R1,Updated 25-Mar-2020 SA3
477,1030,SYDNEY,NSW,151.268071,-33.794883,LVR,LVR,11703,Sydney Inner City,117,Sydney - City and Inner South,R1,Updated 25-Mar-2020 SA3
478,1031,SYDNEY,NSW,151.268071,-33.794883,LVR,LVR,11703,Sydney Inner City,117,Sydney - City and Inner South,R1,Updated 25-Mar-2020 SA3
479,1032,SYDNEY,NSW,150.874182,-33.662834,LVR,LVR,11703,Sydney Inner City,117,Sydney - City and Inner South,R1,Updated 25-Mar-2020 SA3
480,1033,SYDNEY,NSW,151.268071,-33.794883,LVR,LVR,11703,Sydney Inner City,117,Sydney - City and Inner South,R1,Updated 25-Mar-2020 SA3
481,1034,SYDNEY,NSW,151.268071,-33.794883,LVR,LVR,11703,Sydney Inner City,117,Sydney - City and Inner South,R1,Updated 25-Mar-2020 SA3
482,1035,SYDNEY,NSW,151.268071,-33.794883,LVR,LVR,11703,Sydney Inner City,117,Sydney - City and Inner South,R1,Updated 25-Mar-2020 SA3
483,1036,SYDNEY,NSW,151.268071,-33.794883,LVR,LVR,11703,Sydney Inner City,117,Sydney - City and Inner South,R1,Updated 25-Mar-2020 SA3
484,1037,SYDNEY,NSW,151.268071,-33.794883,LVR,LVR,11703,Sydney Inner City,117,Sydney - City and Inner South,R1,Updated 25-Mar-2020 SA3
485,1038,SYDNEY,NSW,151.268071,-33.794883,LVR,LVR,11703,Sydney Inner City,117,Sydney - City and Inner South,R1,Updated 25-Mar-2020 SA3
486,1039,SYDNEY,NSW,151.268071,-33.794883,LVR,LVR,11703,Sydney Inner City,117,Sydney - City and Inner South,R1,Updated 25-Mar-2020 SA3
487,1040,SYDNEY,NSW,151.268071,-33.794883,LVR,LVR,11703,Sydney Inner City,117,Sydney - City and Inner South,R1,Updated 25-Mar-2020 SA3
488,1041,SYDNEY,NSW,151.268071,-33.794883,LVR,LVR,11703,Sydney Inner City,117,Sydney - City and Inner South,R1,Updated 25-Mar-2020 SA3
489,1042,SYDNEY,NSW,151.268071,-33.794883,LVR,LVR,11703,Sydney Inner City,117,Sydney - City and Inner South,R1,Updated 25-Mar-2020 SA3
490,1043,SYDNEY,NSW,151.268071,-33.794883,LVR,LVR,11703,Sydney Inner City,117,Sydney - City and Inner South,R1,Updated 25-Mar-2020 SA3
491,1044,SYDNEY,NSW,151.268071,-33.794883,LVR,LVR,11703,Sydney Inner City,117,Sydney - City and Inner South,R1,Updated 25-Mar-2020 SA3
492,1045,SYDNEY,NSW,151.268071,-33.794883,LVR,LVR,11703,Sydney Inner City,117,Sydney - City and Inner South,R1,Updated 25-Mar-2020 SA3
493,1046,SYDNEY,NSW,151.268071,-33.794883,LVR,LVR,11703,Sydney Inner City,117,Sydney - City and Inner South,R1,Updated 25-Mar-2020 SA3
494,1100,SYDNEY,NSW,151.268071,-33.794883,LVR,LVR,11703,Sydney Inner City,117,Sydney - City and Inner South,R1,Updated 25-Mar-2020 SA3
495,1101,SYDNEY,NSW,151.268071,-33.794883,LVR,LVR,11703,Sydney Inner City,117,Sydney - City and Inner South,R1,Updated 25-Mar-2020 SA3
496,1105,SYDNEY,NSW,151.268071,-33.794883,LVR,LVR,11703,Sydney Inner City,117,Sydney - City and Inner South,R1,Updated 25-Mar-2020 SA3
497,1106,SYDNEY,NSW,151.268071,-33.794883,LVR,LVR,11703,Sydney Inner City,117,Sydney - City and Inner South,R1,Updated 25-Mar-2020 SA3
498,1107,SYDNEY,NSW,151.268071,-33.794883,LVR,LVR,11703,Sydney Inner City,117,Sydney - City and Inner South,R1,Updated 25-Mar-2020 SA3
499,1108,SYDNEY,NSW,151.268071,-33.794883,LVR,LVR,11703,Sydney Inner City,117,Sydney - City and Inner South,R1,Updated 25-Mar-2020 SA3
500,1109,SYDNEY,NSW,151.268071,-33.794883,LVR,LVR,11703,Sydney Inner City,117,Sydney - City and Inner South,R1,Updated 25-Mar-2020 SA3
501,1110,SYDNEY,NSW,151.268071,-33.794883,LVR,LVR,11703,Sydney Inner City,117,Sydney - City and Inner South,R1,Updated 25-Mar-2020 SA3
502,1112,SYDNEY,NSW,151.268071,-33.794883,LVR,LVR,11703,Sydney Inner City,117,Sydney - City and Inner South,R1,Updated 25-Mar-2020 SA3
503,1113,SYDNEY,NSW,151.268071,-33.794883,LVR,LVR,11703,Sydney Inner City,117,Sydney - City and Inner South,R1,Updated 25-Mar-2020 SA3
504,1114,SYDNEY,NSW,151.268071,-33.794883,LVR,LVR,11703,Sydney Inner City,117,Sydney - City and Inner South,R1,Updated 25-Mar-2020 SA3
505,1115,SYDNEY,NSW,151.268071,-33.794883,LVR,LVR,11703,Sydney Inner City,117,Sydney - City and Inner South,R1,Updated 25-Mar-2020 SA3
506,1116,SYDNEY,NSW,150.866145,-33.666729,LVR,LVR,11703,Sydney Inner City,117,Sydney - City and Inner South,R1,Updated 25-Mar-2020 SA3
507,1117,SYDNEY,NSW,150.87022,-33.664575,LVR,LVR,11703,Sydney Inner City,117,Sydney - City and Inner South,R1,Updated 25-Mar-2020 SA3
508,1118,SYDNEY,NSW,151.268071,-33.794883,LVR,LVR,11703,Sydney Inner City,117,Sydney - City and Inner South,R1,Updated 25-Mar-2020 SA3
509,1119,SYDNEY,NSW,151.268071,-33.794883,LVR,LVR,11703,Sydney Inner City,117,Sydney - City and Inner South,R1,Updated 25-Mar-2020 SA3
510,1120,SYDNEY,NSW,151.268071,-33.794883,LVR,LVR,11703,Sydney Inner City,117,Sydney - City and Inner South,R1,Updated 25-Mar-2020 SA3
511,1121,SYDNEY,NSW,151.268071,-33.794883,LVR,LVR,11703,Sydney Inner City,117,Sydney - City and Inner South,R1,Updated 25-Mar-2020 SA3
512,1122,SYDNEY,NSW,151.268071,-33.794883,LVR,LVR,11703,Sydney Inner City,117,Sydney - City and Inner South,R1,Updated 25-Mar-2020 SA3
513,1123,SYDNEY,NSW,151.268071,-33.794883,LVR,LVR,11703,Sydney Inner City,117,Sydney - City and Inner South,R1,Updated 25-Mar-2020 SA3
514,1124,SYDNEY,NSW,151.268071,-33.794883,LVR,LVR,11703,Sydney Inner City,117,Sydney - City and Inner South,R1,Updated 25-Mar-2020 SA3
515,1125,SYDNEY,NSW,151.268071,-33.794883,LVR,LVR,11703,Sydney Inner City,117,Sydney - City and Inner South,R1,Updated 25-Mar-2020 SA3
516,1126,SYDNEY,NSW,151.268071,-33.794883,LVR,LVR,11703,Sydney Inner City,117,Sydney - City and Inner South,R1,Updated 25-Mar-2020 SA3
517,1127,SYDNEY,NSW,151.268071,-33.794883,LVR,LVR,11703,Sydney Inner City,117,Sydney - City and Inner South,R1,Updated 25-Mar-2020 SA3
518,1128,SYDNEY,NSW,151.268071,-33.794883,LVR,LVR,11703,Sydney Inner City,117,Sydney - City and Inner South,R1,Updated 25-Mar-2020 SA3
519,1129,SYDNEY,NSW,151.268071,-33.794883,LVR,LVR,11703,Sydney Inner City,117,Sydney - City and Inner South,R1,Updated 25-Mar-2020 SA3
520,1130,SYDNEY,NSW,151.268071,-33.794883,LVR,LVR,11703,Sydney Inner City,117,Sydney - City and Inner South,R1,Updated 25-Mar-2020 SA3
521,1131,SYDNEY,NSW,151.268071,-33.794883,LVR,LVR,11703,Sydney Inner City,117,Sydney - City and Inner South,R1,Updated 25-Mar-2020 SA3
522,1132,SYDNEY,NSW,150.874265,-33.66279,LVR,LVR,11703,Sydney Inner City,117,Sydney - City and Inner South,R1,Updated 25-Mar-2020 SA3
523,1133,SYDNEY,NSW,151.268071,-33.794883,LVR,LVR,11703,Sydney Inner City,117,Sydney - City and Inner South,R1,Updated 25-Mar-2020 SA3
524,1134,SYDNEY,NSW,151.268071,-33.794883,LVR,LVR,11703,Sydney Inner City,117,Sydney - City and Inner South,R1,Updated 25-Mar-2020 SA3
525,1135,SYDNEY,NSW,151.268071,-33.794883,LVR,LVR,11703,Sydney Inner City,117,Sydney - City and Inner South,R1,Updated 25-Mar-2020 SA3
526,1136,SYDNEY,NSW,151.268071,-33.794883,LVR,LVR,11703,Sydney Inner City,117,Sydney - City and Inner South,R1,Updated 25-Mar-2020 SA3
527,1137,SYDNEY,NSW,151.268071,-33.794883,LVR,LVR,11703,Sydney Inner City,117,Sydney - City and Inner South,R1,Updated 25-Mar-2020 SA3
528,1138,SYDNEY,NSW,151.268071,-33.794883,LVR,LVR,11703,Sydney Inner City,117,Sydney - City and Inner South,R1,Updated 25-Mar-2020 SA3
529,1139,SYDNEY,NSW,151.268071,-33.794883,LVR,LVR,11703,Sydney Inner City,117,Sydney - City and Inner South,R1,Updated 25-Mar-2020 SA3
530,1140,SYDNEY,NSW,151.268071,-33.794883,LVR,LVR,11703,Sydney Inner City,117,Sydney - City and Inner South,R1,Updated 25-Mar-2020 SA3
531,1141,SYDNEY,NSW,151.268071,-33.794883,LVR,LVR,11703,Sydney Inner City,117,Sydney - City and Inner South,R1,Updated 25-Mar-2020 SA3
532,1142,SYDNEY,NSW,151.268071,-33.794883,LVR,LVR,11703,Sydney Inner City,117,Sydney - City and Inner South,R1,Updated 25-Mar-2020 SA3
533,1143,SYDNEY,NSW,151.268071,-33.794883,LVR,LVR,11703,Sydney Inner City,117,Sydney - City and Inner South,R1,Updated 25-Mar-2020 SA3
534,1144,SYDNEY,NSW,151.268071,-33.794883,LVR,LVR,11703,Sydney Inner City,117,Sydney - City and Inner South,R1,Updated 25-Mar-2020 SA3
535,1145,SYDNEY,NSW,151.268071,-33.794883,LVR,LVR,11703,Sydney Inner City,117,Sydney - City and Inner South,R1,Updated 25-Mar-2020 SA3
536,1146,SYDNEY,NSW,151.268071,-33.794883,LVR,LVR,11703,Sydney Inner City,117,Sydney - City and Inner South,R1,Updated 25-Mar-2020 SA3
537,1147,SYDNEY,NSW,151.268071,-33.794883,LVR,LVR,11703,Sydney Inner City,117,Sydney - City and Inner South,R1,Updated 25-Mar-2020 SA3
538,1148,SYDNEY,NSW,151.268071,-33.794883,LVR,LVR,11703,Sydney Inner City,117,Sydney - City and Inner South,R1,Updated 25-Mar-2020 SA3
539,1149,SYDNEY,NSW,151.268071,-33.794883,LVR,LVR,11703,Sydney Inner City,117,Sydney - City and Inner South,R1,Updated 25-Mar-2020 SA3
540,1150,SYDNEY,NSW,151.268071,-33.794883,LVR,LVR,11703,Sydney Inner City,117,Sydney - City and Inner South,R1,Updated 25-Mar-2020 SA3
541,1151,SYDNEY,NSW,151.268071,-33.794883,LVR,LVR,11703,Sydney Inner City,117,Sydney - City and Inner South,R1,Updated 25-Mar-2020 SA3
542,1152,SYDNEY,NSW,151.268071,-33.794883,LVR,LVR,11703,Sydney Inner City,117,Sydney - City and Inner South,R1,Updated 25-Mar-2020 SA3
543,1153,SYDNEY,NSW,151.268071,-33.794883,LVR,LVR,11703,Sydney Inner City,117,Sydney - City and Inner South,R1,Updated 25-Mar-2020 SA3
544,1154,SYDNEY,NSW,151.268071,-33.794883,LVR,LVR,11703,Sydney Inner City,117,Sydney - City and Inner South,R1,Updated 25-Mar-2020 SA3
545,1155,SYDNEY,NSW,151.268071,-33.794883,LVR,LVR,11703,Sydney Inner City,117,Sydney - City and Inner South,R1,Updated 25-Mar-2020 SA3
546,1156,SYDNEY,NSW,151.268071,-33.794883,LVR,LVR,11703,Sydney Inner City,117,Sydney - City and Inner South,R1,Updated 25-Mar-2020 SA3
547,1157,SYDNEY,NSW,151.268071,-33.794883,LVR,LVR,11703,Sydney Inner City,117,Sydney - City and Inner South,R1,Updated 25-Mar-2020 SA3
548,1158,SYDNEY,NSW,151.268071,-33.794883,LVR,LVR,11703,Sydney Inner City,117,Sydney - City and Inner South,R1,Updated 25-Mar-2020 SA3
549,1159,SYDNEY,NSW,151.268071,-33.794883,LVR,LVR,11703,Sydney Inner City,117,Sydney - City and Inner South,R1,Updated 25-Mar-2020 SA3
550,1160,SYDNEY,NSW,151.268071,-33.794883,LVR,LVR,11703,Sydney Inner City,117,Sydney - City and Inner South,R1,Updated 25-Mar-2020 SA3
551,1161,SYDNEY,NSW,151.268071,-33.794883,LVR,LVR,11703,Sydney Inner City,117,Sydney - City and Inner South,R1,Updated 25-Mar-2020 SA3
552,1162,SYDNEY,NSW,151.268071,-33.794883,LVR,LVR,11703,Sydney Inner City,117,Sydney - City and Inner South,R1,Updated 25-Mar-2020 SA3
553,1163,SYDNEY,NSW,151.268071,-33.794883,LVR,LVR,11703,Sydney Inner City,117,Sydney - City and Inner South,R1,Updated 25-Mar-2020 SA3
554,1164,SYDNEY,NSW,151.268071,-33.794883,LVR,LVR,11703,Sydney Inner City,117,Sydney - City and Inner South,R1,Updated 25-Mar-2020 SA3
555,1165,SYDNEY,NSW,151.268071,-33.794883,LVR,LVR,11703,Sydney Inner City,117,Sydney - City and Inner South,R1,Updated 25-Mar-2020 SA3
556,1166,SYDNEY,NSW,151.268071,-33.794883,LVR,LVR,11703,Sydney Inner City,117,Sydney - City and Inner South,R1,Updated 25-Mar-2020 SA3
557,1167,SYDNEY,NSW,151.268071,-33.794883,LVR,LVR,11703,Sydney Inner City,117,Sydney - City and Inner South,R1,Updated 25-Mar-2020 SA3
558,1168,SYDNEY,NSW,151.268071,-33.794883,LVR,LVR,11703,Sydney Inner City,117,Sydney - City and Inner South,R1,Updated 25-Mar-2020 SA3
559,1169,SYDNEY,NSW,151.268071,-33.794883,LVR,LVR,11703,Sydney Inner City,117,Sydney - City and Inner South,R1,Updated 25-Mar-2020 SA3
560,1170,SYDNEY,NSW,151.268071,-33.794883,LVR,LVR,11703,Sydney Inner City,117,Sydney - City and Inner South,R1,Updated 25-Mar-2020 SA3
561,1171,SYDNEY,NSW,151.268071,-33.794883,LVR,LVR,11703,Sydney Inner City,117,Sydney - City and Inner South,R1,Updated 25-Mar-2020 SA3
562,1172,SYDNEY,NSW,151.268071,-33.794883,LVR,LVR,11703,Sydney Inner City,117,Sydney - City and Inner South,R1,Updated 25-Mar-2020 SA3
563,1173,SYDNEY,NSW,151.268071,-33.794883,LVR,LVR,11703,Sydney Inner City,117,Sydney - City and Inner South,R1,Updated 25-Mar-2020 SA3
564,1174,SYDNEY,NSW,151.268071,-33.794883,LVR,LVR,11703,Sydney Inner City,117,Sydney - City and Inner South,R1,Updated 25-Mar-2020 SA3
565,1175,SYDNEY,NSW,151.268071,-33.794883,LVR,LVR,11703,Sydney Inner City,117,Sydney - City and Inner South,R1,Updated 25-Mar-2020 SA3
566,1176,SYDNEY,NSW,151.268071,-33.794883,LVR,LVR,11703,Sydney Inner City,117,Sydney - City and Inner South,R1,Updated 25-Mar-2020 SA3
567,1177,SYDNEY,NSW,151.268071,-33.794883,LVR,LVR,11703,Sydney Inner City,117,Sydney - City and Inner South,R1,Updated 25-Mar-2020 SA3
568,1178,SYDNEY,NSW,151.268071,-33.794883,LVR,LVR,11703,Sydney Inner City,117,Sydney - City and Inner South,R1,Updated 25-Mar-2020 SA3
569,1179,SYDNEY,NSW,151.268071,-33.794883,LVR,LVR,11703,Sydney Inner City,117,Sydney - City and Inner South,R1,Updated 25-Mar-2020 SA3
570,1180,SYDNEY,NSW,151.268071,-33.794883,LVR,LVR,11703,Sydney Inner City,117,Sydney - City and Inner South,R1,Updated 25-Mar-2020 SA3
571,1181,SYDNEY,NSW,151.268071,-33.794883,LVR,LVR,11703,Sydney Inner City,117,Sydney - City and Inner South,R1,Updated 25-Mar-2020 SA3
572,1182,SYDNEY,NSW,151.268071,-33.794883,LVR,LVR,11703,Sydney Inner City,117,Sydney - City and Inner South,R1,Updated 25-Mar-2020 SA3
573,1183,SYDNEY,NSW,151.268071,-33.794883,LVR,LVR,11703,Sydney Inner City,117,Sydney - City and Inner South,R1,Updated 25-Mar-2020 SA3
574,1184,SYDNEY,NSW,151.268071,-33.794883,LVR,LVR,11703,Sydney Inner City,117,Sydney - City and Inner South,R1,Updated 25-Mar-2020 SA3
575,1185,SYDNEY,NSW,151.268071,-33.794883,LVR,LVR,11703,Sydney Inner City,117,Sydney - City and Inner South,R1,Updated 25-Mar-2020 SA3
576,1186,SYDNEY,NSW,151.268071,-33.794883,LVR,LVR,11703,Sydney Inner City,117,Sydney - City and Inner South,R1,Updated 25-Mar-2020 SA3
577,1187,SYDNEY,NSW,151.268071,-33.794883,LVR,LVR,11703,Sydney Inner City,117,Sydney - City and Inner South,R1,Updated 25-Mar-2020 SA3
578,1188,SYDNEY,NSW,151.268071,-33.794883,LVR,LVR,11703,Sydney Inner City,117,Sydney - City and Inner South,R1,Updated 25-Mar-2020 SA3
579,1189,SYDNEY,NSW,151.268071,-33.794883,LVR,LVR,11703,Sydney Inner City,117,Sydney - City and Inner South,R1,Updated 25-Mar-2020 SA3
580,1190,SYDNEY,NSW,151.268071,-33.794883,LVR,LVR,11703,Sydney Inner City,117,Sydney - City and Inner South,R1,Updated 25-Mar-2020 SA3
581,1191,SYDNEY,NSW,151.268071,-33.794883,LVR,LVR,11703,Sydney Inner City,117,Sydney - City and Inner South,R1,Updated 25-Mar-2020 SA3
582,1192,SYDNEY,NSW,147.685283,-34.790684,LVR,LVR,11703,Sydney Inner City,117,Sydney - City and Inner South,R1,Updated 25-Mar-2020 SA3
583,1193,SYDNEY,NSW,151.268071,-33.794883,LVR,LVR,11703,Sydney Inner City,117,Sydney - City and Inner South,R1,Updated 25-Mar-2020 SA3
584,1194,SYDNEY,NSW,151.268071,-33.794883,LVR,LVR,11703,Sydney Inner City,117,Sydney - City and Inner South,R1,Updated 25-Mar-2020 SA3
585,1195,SYDNEY,NSW,151.268071,-33.794883,LVR,LVR,11703,Sydney Inner City,117,Sydney - City and Inner South,R1,Updated 25-Mar-2020 SA3
586,1196,SYDNEY,NSW,151.268071,-33.794883,LVR,LVR,11703,Sydney Inner City,117,Sydney - City and Inner South,R1,Updated 25-Mar-2020 SA3
587,1197,SYDNEY,NSW,151.268071,-33.794883,LVR,LVR,11703,Sydney Inner City,117,Sydney - City and Inner South,R1,Updated 25-Mar-2020 SA3
588,1198,SYDNEY,NSW,151.268071,-33.794883,LVR,LVR,11703,Sydney Inner City,117,Sydney - City and Inner South,R1,Updated 25-Mar-2020 SA3
589,1199,SYDNEY,NSW,151.268071,-33.794883,LVR,LVR,11703,Sydney Inner City,117,Sydney - City and Inner South,R1,Updated 25-Mar-2020 SA3
591,1201,SYDNEY,NSW,151.268071,-33.794883,LVR,LVR,11703,Sydney Inner City,117,Sydney - City and Inner South,R1,Updated 25-Mar-2020 SA3
592,1202,SYDNEY,NSW,151.268071,-33.794883,LVR,LVR,11703,Sydney Inner City,117,Sydney - City and Inner South,R1,Updated 25-Mar-2020 SA3
593,1203,SYDNEY,NSW,151.268071,-33.794883,LVR,LVR,11703,Sydney Inner City,117,Sydney - City and Inner South,R1,Updated 25-Mar-2020 SA3
595,1205,SYDNEY,NSW,151.268071,-33.794883,LVR,LVR,11703,Sydney Inner City,117,Sydney - City and Inner South,R1,Updated 25-Mar-2020 SA3
597,1207,SYDNEY,NSW,151.268071,-33.794883,LVR,LVR,11703,Sydney Inner City,117,Sydney - City and Inner South,R1,Updated 25-Mar-2020 SA3
598,1208,HAYMARKET,NSW,151.659454,-29.816475,LVR,LVR,11703,Sydney Inner City,117,Sydney - City and Inner South,R1,Updated 25-Mar-2020 SA3
599,1209,AUSTRALIA SQUARE,NSW,151.176251,-33.891788,LVR,LVR,,,,,R1,Updated 25-Jan-2020
600,1210,AUSTRALIA SQUARE,NSW,151.176251,-33.891788,LVR,LVR,,,,,R1,Updated 25-Jan-2020
601,1211,AUSTRALIA SQUARE,NSW,151.176251,-33.891788,LVR,LVR,,,,,R1,Updated 25-Jan-2020
602,1212,AUSTRALIA SQUARE,NSW,151.176251,-33.891788,LVR,LVR,,,,,R1,Updated 25-Jan-2020
603,1213,AUSTRALIA SQUARE,NSW,151.176251,-33.891788,LVR,LVR,,,,,R1,Updated 25-Jan-2020
604,1214,AUSTRALIA SQUARE,NSW,151.176251,-33.891788,LVR,LVR,,,,,R1,Updated 25-Jan-2020
605,1215,AUSTRALIA SQUARE,NSW,151.176251,-33.891788,Post Office Boxes,Post Office Boxes,,,,,R1,Updated 25-Jan-2020
606,1216,GROSVENOR PLACE,NSW,151.034025,-33.741311,LVR,LVR,,,,,R1,Updated 25-Jan-2020
607,1217,GROSVENOR PLACE,NSW,151.034025,-33.741311,LVR,LVR,,,,,R1,Updated 25-Jan-2020
608,1218,GROSVENOR PLACE,NSW,151.034025,-33.741311,LVR,LVR,,,,,R1,Updated 25-Jan-2020
609,1219,GROSVENOR PLACE,NSW,151.034025,-33.741311,LVR,LVR,,,,,R1,Updated 25-Jan-2020
610,1220,GROSVENOR PLACE,NSW,151.034025,-33.741311,Post Office Boxes,Post Office Boxes,,,,,R1,Updated 25-Jan-2020
611,1221,ROYAL EXCHANGE,NSW,151.207905,-33.86533,LVR,LVR,,,,,R1,Updated 25-Jan-2020
612,1222,ROYAL EXCHANGE,NSW,151.207905,-33.86533,LVR,LVR,,,,,R1,Updated 25-Jan-2020
613,1223,ROYAL EXCHANGE,NSW,151.207905,-33.86533,LVR,LVR,,,,,R1,Updated 25-Jan-2020
614,1224,ROYAL EXCHANGE,NSW,151.207905,-33.86533,LVR,LVR,,,,,R1,Updated 25-Jan-2020
615,1225,ROYAL EXCHANGE,NSW,151.207905,-33.86533,Post Office Boxes,Post Office Boxes,,,,,R1,Updated 25-Jan-2020
616,1226,QUEEN VICTORIA BUILDING,NSW,151.206708,-33.871749,LVR,LVR,,,,,R1,Updated 25-Jan-2020
617,1227,QUEEN VICTORIA BUILDING,NSW,151.206708,-33.871749,LVR,LVR,,,,,R1,Updated 25-Jan-2020
618,1228,QUEEN VICTORIA BUILDING,NSW,151.206708,-33.871749,LVR,LVR,,,,,R1,Updated 25-Jan-2020
619,1229,QUEEN VICTORIA BUILDING,NSW,151.206708,-33.871749,LVR,LVR,,,,,R1,Updated 25-Jan-2020
620,1230,QUEEN VICTORIA BUILDING,NSW,151.206708,-33.871749,Post Office Boxes,Post Office Boxes,,,,,R1,Updated 25-Jan-2020
621,1231,SYDNEY SOUTH,NSW,151.042528,-33.815551,LVR,LVR,11703,Sydney Inner City,117,Sydney - City and Inner South,R1,Updated 25-Mar-2020 SA3
622,1232,SYDNEY SOUTH,NSW,151.042528,-33.815551,LVR,LVR,11703,Sydney Inner City,117,Sydney - City and Inner South,R1,Updated 25-Mar-2020 SA3
623,1233,SYDNEY SOUTH,NSW,151.042528,-33.815551,LVR,LVR,11703,Sydney Inner City,117,Sydney - City and Inner South,R1,Updated 25-Mar-2020 SA3
624,1234,SYDNEY SOUTH,NSW,151.042528,-33.815551,LVR,LVR,11703,Sydney Inner City,117,Sydney - City and Inner South,R1,Updated 25-Mar-2020 SA3
625,1235,SYDNEY SOUTH,NSW,151.042528,-33.815551,Post Office Boxes,Post Office Boxes,11703,Sydney Inner City,117,Sydney - City and Inner South,R1,Updated 25-Mar-2020 SA3
626,1236,HAYMARKET,NSW,151.659454,-29.816475,LVR,LVR,11703,Sydney Inner City,117,Sydney - City and Inner South,R1,Updated 25-Mar-2020 SA3
627,1237,HAYMARKET,NSW,151.659454,-29.816475,LVR,LVR,11703,Sydney Inner City,117,Sydney - City and Inner South,R1,Updated 25-Mar-2020 SA3
628,1238,HAYMARKET,NSW,151.659454,-29.816475,LVR,LVR,11703,Sydney Inner City,117,Sydney - City and Inner South,R1,Updated 25-Mar-2020 SA3
629,1239,HAYMARKET,NSW,151.659454,-29.816475,LVR,LVR,11703,Sydney Inner City,117,Sydney - City and Inner South,R1,Updated 25-Mar-2020 SA3
630,1240,HAYMARKET,NSW,151.659454,-29.816475,Post Office Boxes,Post Office Boxes,11703,Sydney Inner City,117,Sydney - City and Inner South,R1,Updated 25-Mar-2020 SA3
631,1291,SYDNEY,NSW,151.268071,-33.794883,LVR,LVR,11703,Sydney Inner City,117,Sydney - City and Inner South,R1,Updated 25-Mar-2020 SA3
632,1292,SYDNEY,NSW,151.268071,-33.794883,LVR,LVR,11703,Sydney Inner City,117,Sydney - City and Inner South,R1,Updated 25-Mar-2020 SA3
633,1293,SYDNEY,NSW,151.268071,-33.794883,LVR,LVR,11703,Sydney Inner City,117,Sydney - City and Inner South,R1,Updated 25-Mar-2020 SA3
634,1294,SYDNEY,NSW,151.268071,-33.794883,LVR,LVR,11703,Sydney Inner City,117,Sydney - City and Inner South,R1,Updated 25-Mar-2020 SA3
635,1295,SYDNEY,NSW,151.268071,-33.794883,LVR,LVR,11703,Sydney Inner City,117,Sydney - City and Inner South,R1,Updated 25-Mar-2020 SA3
636,1296,SYDNEY,NSW,151.268071,-33.794883,LVR,LVR,11703,Sydney Inner City,117,Sydney - City and Inner South,R1,Updated 25-Mar-2020 SA3
637,1297,SYDNEY,NSW,151.268071,-33.794883,LVR,LVR,11703,Sydney Inner City,117,Sydney - City and Inner South,R1,Updated 25-Mar-2020 SA3
638,1298,SYDNEY,NSW,151.268071,-33.794883,LVR,LVR,11703,Sydney Inner City,117,Sydney - City and Inner South,R1,Updated 25-Mar-2020 SA3
639,1299,SYDNEY,NSW,151.268071,-33.794883,LVR,LVR,11703,Sydney Inner City,117,Sydney - City and Inner South,R1,Updated 25-Mar-2020 SA3
640,1300,DARLINGHURST,NSW,151.220876,-33.877331,Post Office Boxes,Post Office Boxes,11703,Sydney Inner City,117,Sydney - City and Inner South,R1,Updated 25-Mar-2020 SA3
644,1314,EASTERN SUBURBS MC,NSW,,,,,,,,,R1,
665,1335,POTTS POINT,NSW,151.117575,-33.82269,Post Office Boxes,Post Office Boxes,11703,Sydney Inner City,117,Sydney - City and Inner South,R1,Updated 25-Mar-2020 SA3
666,1340,KINGS CROSS,NSW,148.021014,-35.537721,Post Office Boxes,Post Office Boxes,11703,Sydney Inner City,117,Sydney - City and Inner South,R1,Updated 25-Mar-2020 SA3
667,1350,WOOLLAHRA,NSW,151.240508,-33.88871,,,11801,Eastern Suburbs - North,118,Sydney - Eastern Suburbs,R1,Updated 25-Mar-2020 SA3
668,1355,BONDI JUNCTION,NSW,151.262502,-33.893739,Post Office Boxes,Post Office Boxes,11801,Eastern Suburbs - North,118,Sydney - Eastern Suburbs,R1,Updated 25-Mar-2020 SA3
669,1360,DOUBLE BAY,NSW,151.241938,-33.87584,Post Office Boxes,Post Office Boxes,11801,Eastern Suburbs - North,118,Sydney - Eastern Suburbs,R1,Updated 25-Mar-2020 SA3
672,1401,BROADWAY,NSW,151.199825,-33.884217,LVR,LVR,11703,Sydney Inner City,117,Sydney - City and Inner South,R1,Updated 25-Mar-2020 SA3
674,1419,SOUTHERN SUBURBS MC,NSW,,,,,,,,,R1,
675,1420,STRAWBERRY HILLS,NSW,150.931838,-33.726098,LVR,LVR,,,,,R1,Updated 25-Jan-2020
676,1422,STRAWBERRY HILLS,NSW,150.931838,-33.726098,LVR,LVR,,,,,R1,Updated 25-Jan-2020
677,1423,STRAWBERRY HILLS,NSW,150.931838,-33.726098,LVR,LVR,,,,,R1,Updated 25-Jan-2020
678,1424,STRAWBERRY HILLS,NSW,150.931838,-33.726098,LVR,LVR,,,,,R1,Updated 25-Jan-2020
679,1425,STRAWBERRY HILLS,NSW,150.931838,-33.726098,LVR,LVR,,,,,R1,Updated 25-Jan-2020
680,1426,STRAWBERRY HILLS,NSW,150.931838,-33.726098,LVR,LVR,,,,,R1,Updated 25-Jan-2020
681,1427,STRAWBERRY HILLS,NSW,150.931838,-33.726098,LVR,LVR,,,,,R1,Updated 25-Jan-2020
2415,1428,STRAWBERRY HILLS,NSW,150.931838,-33.726098,LVR,LVR,,,,,R1,Updated 25-Jan-2020
2416,1429,STRAWBERRY HILLS,NSW,150.931838,-33.726098,LVR,LVR,,,,,R1,Updated 25-Jan-2020
2417,1430,EVELEIGH,NSW,151.199489,-33.890232,LVR,LVR,11703,Sydney Inner City,117,Sydney - City and Inner South,R1,Updated 25-Mar-2020 SA3
2418,1435,ALEXANDRIA,NSW,151.108248,-33.711785,Post Office Boxes,Post Office Boxes,11703,Sydney Inner City,117,Sydney - City and Inner South,R1,Updated 25-Mar-2020 SA3
2419,1440,WATERLOO,NSW,151.057914,-33.902836,Post Office Boxes,Post Office Boxes,11703,Sydney Inner City,117,Sydney - City and Inner South,R1,Updated 25-Mar-2020 SA3
2420,1441,WATERLOO,NSW,151.057914,-33.902836,LVR,LVR,11703,Sydney Inner City,117,Sydney - City and Inner South,R1,Updated 25-Mar-2020 SA3
2421,1445,ROSEBERY,NSW,151.007691,-34.083089,Post Office Boxes,Post Office Boxes,11703,Sydney Inner City,117,Sydney - City and Inner South,R1,Updated 25-Mar-2020 SA3
2422,1450,CAMPERDOWN,NSW,153.13679,-30.305815,Post Office Boxes,Post Office Boxes,11703,Sydney Inner City,117,Sydney - City and Inner South,R1,Updated 25-Mar-2020 SA3
2423,1455,BOTANY,NSW,151.197644,-33.947087,Post Office Boxes,Post Office Boxes,11701,Botany,117,Sydney - City and Inner South,R1,Updated 25-Mar-2020 SA3
2424,1460,MASCOT,NSW,151.210791,-33.926669,Post Office Boxes,Post Office Boxes,11702,Marrickville - Sydenham - Petersham,117,Sydney - City and Inner South,R1,Updated 25-Mar-2020 SA3
2425,1465,KENSINGTON,NSW,151.140735,-33.888549,Post Office Boxes,Post Office Boxes,11802,Eastern Suburbs - South,118,Sydney - Eastern Suburbs,R1,Updated 25-Mar-2020 SA3
2426,1466,UNSW SYDNEY,NSW,151.234417,-33.906561,Post Office Boxes,Post Office Boxes,11802,Eastern Suburbs - South,118,Sydney - Eastern Suburbs,R1,Updated 25-Mar-2020 SA3
2427,1470,DRUMMOYNE,NSW,151.151958,-33.842999,Post Office Boxes,Post Office Boxes,12001,Canada Bay,120,Sydney - Inner West,R1,Updated 25-Mar-2020 SA3
2428,1475,MARRICKVILLE,NSW,151.15334,-33.90911,Post Office Boxes,Post Office Boxes,12003,Strathfield - Burwood - Ashfield,120,Sydney - Inner West,R1,Updated 25-Mar-2020 SA3
2429,1476,MARRICKVILLE,NSW,151.15334,-33.90911,LVR,LVR,12003,Strathfield - Burwood - Ashfield,120,Sydney - Inner West,R1,Updated 25-Mar-2020 SA3
2430,1480,KINGSGROVE,NSW,151.100027,-33.935923,Post Office Boxes,Post Office Boxes,11904,Kogarah - Rockdale,119,Sydney - Inner South West,R1,Updated 25-Mar-2020 SA3
2431,1481,HURSTVILLE BC,NSW,,,,,,,,,R1,
2432,1484,KINGSGROVE DC,NSW,,,,,,,,,R1,
2433,1485,KOGARAH,NSW,151.140345,-33.974354,,,11904,Kogarah - Rockdale,119,Sydney - Inner South West,R1,Updated 25-Mar-2020 SA3
2435,1490,MIRANDA,NSW,151.107201,-34.035878,Post Office Boxes,Post Office Boxes,12801,Cronulla - Miranda - Caringbah,128,Sydney - Sutherland,R1,Updated 25-Mar-2020 SA3
2436,1493,HURSTVILLE,NSW,151.088939,-33.975869,LVR,LVR,11904,Kogarah - Rockdale,119,Sydney - Inner South West,R1,Updated 25-Mar-2020 SA3
2437,1495,CARINGBAH,NSW,151.123943,-34.046927,Post Office Boxes,Post Office Boxes,12801,Cronulla - Miranda - Caringbah,128,Sydney - Sutherland,R1,Updated 25-Mar-2020 SA3
2438,1499,SUTHERLAND,NSW,151.0622,-34.015705,Post Office Boxes,Post Office Boxes,12802,Sutherland - Menai - Heathcote,128,Sydney - Sutherland,R1,Updated 25-Mar-2020 SA3
2439,1515,WEST CHATSWOOD,NSW,151.207261,-33.824607,Post Office Boxes,Post Office Boxes,,,,,R1,Updated 25-Jan-2020
2440,1560,NORTHBRIDGE,NSW,151.214797,-33.812636,,,12101,Chatswood - Lane Cove,121,Sydney - North Sydney and Hornsby,R1,Updated 25-Mar-2020 SA3
2441,1565,MILSONS POINT,NSW,151.193071,-33.865367,Post Office Boxes,Post Office Boxes,12104,North Sydney - Mosman,121,Sydney - North Sydney and Hornsby,R1,Updated 25-Mar-2020 SA3
2442,1570,ARTARMON,NSW,151.192733,-33.808087,Post Office Boxes,Post Office Boxes,12101,Chatswood - Lane Cove,121,Sydney - North Sydney and Hornsby,R1,Updated 25-Mar-2020 SA3
2444,1585,CROWS NEST,NSW,151.20085,-33.83459,Post Office Boxes,Post Office Boxes,12104,North Sydney - Mosman,121,Sydney - North Sydney and Hornsby,R1,Updated 25-Mar-2020 SA3
2445,1590,ST LEONARDS,NSW,151.468652,-33.292001,Post Office Boxes,Post Office Boxes,12104,North Sydney - Mosman,121,Sydney - North Sydney and Hornsby,R1,Updated 25-Mar-2020 SA3
2446,1595,LANE COVE,NSW,151.187955,-33.791875,Post Office Boxes,Post Office Boxes,12101,Chatswood - Lane Cove,121,Sydney - North Sydney and Hornsby,R1,Updated 25-Mar-2020 SA3
2447,1597,LANE COVE,NSW,151.187955,-33.791875,LVR,LVR,12101,Chatswood - Lane Cove,121,Sydney - North Sydney and Hornsby,R1,Updated 25-Mar-2020 SA3
2448,1602,LANE COVE DC,NSW,,,,,,,,,R1,
2452,1630,HORNSBY,NSW,151.099812,-33.707684,Post Office Boxes,Post Office Boxes,12102,Hornsby,121,Sydney - North Sydney and Hornsby,R1,Updated 25-Mar-2020 SA3
2453,1635,HORNSBY WESTFIELD,NSW,,,,,,,,,R1,
2454,1639,FRENCHS FOREST,NSW,151.246751,-33.793137,LVR,LVR,12203,Warringah,122,Sydney - Northern Beaches,R1,Updated 25-Mar-2020 SA3
2455,1640,FRENCHS FOREST,NSW,151.246751,-33.793137,Post Office Boxes,Post Office Boxes,12203,Warringah,122,Sydney - Northern Beaches,R1,Updated 25-Mar-2020 SA3
2456,1655,MANLY,NSW,151.505125,-33.329799,Post Office Boxes,Post Office Boxes,12201,Manly,122,Sydney - Northern Beaches,R1,Updated 25-Mar-2020 SA3
2457,1658,MONA VALE,NSW,151.216799,-33.698773,LVR,LVR,12202,Pittwater,122,Sydney - Northern Beaches,R1,Updated 25-Mar-2020 SA3
2458,1660,MONA VALE,NSW,151.216799,-33.698773,Post Office Boxes,Post Office Boxes,12202,Pittwater,122,Sydney - Northern Beaches,R1,Updated 25-Mar-2020 SA3
2459,1670,NORTH RYDE BC,NSW,,,,,,,,,R1,
2460,1675,GLADESVILLE,NSW,151.139681,-33.833033,Post Office Boxes,Post Office Boxes,12602,Ryde - Hunters Hill,126,Sydney - Ryde,R1,Updated 25-Mar-2020 SA3
2461,1680,RYDE,NSW,151.137807,-33.761498,Post Office Boxes,Post Office Boxes,12602,Ryde - Hunters Hill,126,Sydney - Ryde,R1,Updated 25-Mar-2020 SA3
2462,1685,WEST RYDE,NSW,151.09064,-33.80406,Post Office Boxes,Post Office Boxes,12602,Ryde - Hunters Hill,126,Sydney - Ryde,R1,Updated 25-Mar-2020 SA3
2473,1700,ERMINGTON,NSW,151.206982,-33.950299,Post Office Boxes,Post Office Boxes,12502,Carlingford,125,Sydney - Parramatta,R1,Updated 25-Mar-2020 SA3
2475,1710,EPPING,NSW,151.116696,-33.78417,Post Office Boxes,Post Office Boxes,12602,Ryde - Hunters Hill,126,Sydney - Ryde,R1,Updated 25-Mar-2020 SA3
2477,1715,PENNANT HILLS,NSW,151.049106,-33.758433,Post Office Boxes,Post Office Boxes,12601,Pennant Hills - Epping,126,Sydney - Ryde,R1,Updated 25-Mar-2020 SA3
2478,1730,SEVEN HILLS,NSW,150.966912,-33.760263,Post Office Boxes,Post Office Boxes,11601,Blacktown,116,Sydney - Blacktown,R1,Updated 25-Mar-2020 SA3
2479,1740,PARRAMATTA,NSW,151.139472,-33.886166,LVR,LVR,12504,Parramatta,125,Sydney - Parramatta,R1,Updated 25-Mar-2020 SA3
2480,1741,PARRAMATTA,NSW,151.139472,-33.886166,LVR,LVR,12504,Parramatta,125,Sydney - Parramatta,R1,Updated 25-Mar-2020 SA3
2481,1750,NORTH PARRAMATTA,NSW,151.023102,-33.857053,Post Office Boxes,Post Office Boxes,12504,Parramatta,125,Sydney - Parramatta,R1,Updated 25-Mar-2020 SA3
2482,1755,BAULKHAM HILLS,NSW,150.968177,-33.767239,Post Office Boxes,Post Office Boxes,12504,Parramatta,125,Sydney - Parramatta,R1,Updated 25-Mar-2020 SA3
2483,1765,CASTLE HILL,NSW,151.030535,-33.735906,Post Office Boxes,Post Office Boxes,11501,Baulkham Hills,115,Sydney - Baulkham Hills and Hawkesbury,R1,Updated 25-Mar-2020 SA3
2484,1771,PENNANT HILLS,NSW,151.049106,-33.758433,LVR,LVR,12601,Pennant Hills - Epping,126,Sydney - Ryde,R1,Updated 25-Mar-2020 SA3
2485,1781,SEVEN HILLS MC,NSW,,,,,,,,,R1,
2486,1790,ST MARYS,NSW,151.19554,-33.859047,Post Office Boxes,Post Office Boxes,12405,St Marys,124,Sydney - Outer West and Blue Mountains,R1,Updated 25-Mar-2020 SA3
4457,1800,ASHFIELD,NSW,151.124008,-33.887602,Post Office Boxes,Post Office Boxes,12003,Strathfield - Burwood - Ashfield,120,Sydney - Inner West,R1,Updated 25-Mar-2020 SA3
4458,1805,BURWOOD,NSW,151.10082,-33.891556,Post Office Boxes,Post Office Boxes,12003,Strathfield - Burwood - Ashfield,120,Sydney - Inner West,R1,Updated 25-Mar-2020 SA3
4459,1811,SILVERWATER,NSW,151.051375,-33.82328,Post Office Boxes,Post Office Boxes,12501,Auburn,125,Sydney - Parramatta,R1,Updated 25-Mar-2020 SA3
4461,1819,STRATHFIELD,NSW,151.093326,-33.877139,LVR,LVR,12003,Strathfield - Burwood - Ashfield,120,Sydney - Inner West,R1,Updated 25-Mar-2020 SA3
4462,1825,LIDCOMBE,NSW,151.044768,-33.872483,,,12501,Auburn,125,Sydney - Parramatta,R1,Updated 25-Mar-2020 SA3
4464,1830,GRANVILLE,NSW,150.948582,-33.859289,LVR,LVR,12504,Parramatta,125,Sydney - Parramatta,R1,Updated 25-Mar-2020 SA3
4465,1831,GRANVILLE,NSW,150.948582,-33.859289,LVR,LVR,12504,Parramatta,125,Sydney - Parramatta,R1,Updated 25-Mar-2020 SA3
4466,1835,AUBURN,NSW,151.023796,-33.883928,Post Office Boxes,Post Office Boxes,12501,Auburn,125,Sydney - Parramatta,R1,Updated 25-Mar-2020 SA3
4468,1851,WETHERILL PARK DC,NSW,,,,,,,,,R1,
4469,1860,FAIRFIELD,NSW,150.961124,-33.850457,Post Office Boxes,Post Office Boxes,12702,Fairfield,127,Sydney - South West,R1,Updated 25-Mar-2020 SA3
4470,1871,LIVERPOOL,NSW,151.103632,-33.888327,Post Office Boxes,Post Office Boxes,12703,Liverpool,127,Sydney - South West,R1,Updated 25-Mar-2020 SA3
4471,1875,MOOREBANK,NSW,150.92236,-33.954639,Post Office Boxes,Post Office Boxes,12703,Liverpool,127,Sydney - South West,R1,Updated 25-Mar-2020 SA3
4472,1885,BANKSTOWN,NSW,151.024581,-33.907417,Post Office Boxes,Post Office Boxes,11902,Canterbury,119,Sydney - Inner South West,R1,Updated 25-Mar-2020 SA3
4473,1888,BANKSTOWN,NSW,151.024581,-33.907417,LVR,LVR,11902,Canterbury,119,Sydney - Inner South West,R1,Updated 25-Mar-2020 SA3
4474,1890,INGLEBURN,NSW,150.802088,-33.960035,Post Office Boxes,Post Office Boxes,12302,Campbelltown (NSW),123,Sydney - Outer South West,R1,Updated 25-Mar-2020 SA3
4475,1891,MILPERRA,NSW,151.000183,-33.932221,Post Office Boxes,Post Office Boxes,12703,Liverpool,127,Sydney - South West,R1,Updated 25-Mar-2020 SA3
20208,2000,BARANGAROO,NSW,151.2015802,-33.86051951,Delivery Area,Delivery Area,11703,Sydney Inner City,117,Sydney - City and Inner South,R1,Updated 6-Feb-2020
4478,2000,DARLING HARBOUR,NSW,151.256649,-33.859953,,,11703,Sydney Inner City,117,Sydney - City and Inner South,R1,Updated 6-Feb-2020
4479,2000,DAWES POINT,NSW,151.256649,-33.859953,Delivery Area,Delivery Area,11703,Sydney Inner City,117,Sydney - City and Inner South,R1,Updated 6-Feb-2020
4480,2000,HAYMARKET,NSW,151.256649,-33.859953,Delivery Area,Delivery Area,11703,Sydney Inner City,117,Sydney - City and Inner South,R1,Updated 6-Feb-2020
4481,2000,MILLERS POINT,NSW,151.256649,-33.859953,Delivery Area,Delivery Area,11703,Sydney Inner City,117,Sydney - City and Inner South,R1,Updated 6-Feb-2020
4482,2000,PARLIAMENT HOUSE,NSW,151.256649,-33.859953,Delivery Area,Delivery Area,11703,Sydney Inner City,117,Sydney - City and Inner South,R1,Updated 6-Feb-2020
4483,2000,SYDNEY,NSW,151.256649,-33.859953,Delivery Area,Delivery Area,11703,Sydney Inner City,117,Sydney - City and Inner South,R1,Updated 6-Feb-2020
4484,2000,SYDNEY SOUTH,NSW,151.256649,-33.859953,Delivery Area,Delivery Area,11703,Sydney Inner City,117,Sydney - City and Inner South,R1,Updated 6-Feb-2020
4485,2000,THE ROCKS,NSW,151.256649,-33.859953,Delivery Area,Delivery Area,11703,Sydney Inner City,117,Sydney - City and Inner South,R1,Updated 6-Feb-2020
4486,2001,SYDNEY,NSW,151.268071,-33.794883,Post Office Boxes,Post Office Boxes,11703,Sydney Inner City,117,Sydney - City and Inner South,R1,Updated 25-Mar-2020 SA3
5,2002,WORLD SQUARE,NSW,,,Post Office Boxes,Post Office Boxes,,,,,R1,
4487,2004,ALEXANDRIA MC,NSW,,,,,,,,,R1,
4488,2004,EASTERN SUBURBS MC,NSW,,,,,,,,,R1,
4489,2006,THE UNIVERSITY OF SYDNEY,NSW,151.186507,-33.889219,Delivery Area,Delivery Area,11703,Sydney Inner City,117,Sydney - City and Inner South,R1,Updated 6-Feb-2020
4490,2007,BROADWAY,NSW,151.19665,-33.883189,Delivery Area,Delivery Area,11703,Sydney Inner City,117,Sydney - City and Inner South,R1,Updated 6-Feb-2020
4491,2007,ULTIMO,NSW,151.19665,-33.883189,Delivery Area,Delivery Area,11703,Sydney Inner City,117,Sydney - City and Inner South,R1,Updated 6-Feb-2020
4492,2008,CHIPPENDALE,NSW,151.193858,-33.891146,Delivery Area,Delivery Area,11703,Sydney Inner City,117,Sydney - City and Inner South,R1,Updated 6-Feb-2020
4493,2008,DARLINGTON,NSW,151.193858,-33.891146,Delivery Area,Delivery Area,11703,Sydney Inner City,117,Sydney - City and Inner South,R1,Updated 6-Feb-2020
4494,2008,GOLDEN GROVE,NSW,151.193858,-33.891146,,,11703,Sydney Inner City,117,Sydney - City and Inner South,R1,Updated 6-Feb-2020
4495,2009,DARLING ISLAND,NSW,151.193055,-33.871222,,,11703,Sydney Inner City,117,Sydney - City and Inner South,R1,Updated 6-Feb-2020
4496,2009,PYRMONT,NSW,151.193055,-33.871222,Delivery Area,Delivery Area,11703,Sydney Inner City,117,Sydney - City and Inner South,R1,Updated 6-Feb-2020
4497,2010,DARLINGHURST,NSW,151.212262,-33.884119,Delivery Area,Delivery Area,11703,Sydney Inner City,117,Sydney - City and Inner South,R1,Updated 6-Feb-2020
4498,2010,SURRY HILLS,NSW,151.212262,-33.884119,Delivery Area,Delivery Area,11703,Sydney Inner City,117,Sydney - City and Inner South,R1,Updated 6-Feb-2020
4499,2010,TAYLOR SQUARE,NSW,151.212262,-33.884119,,,11703,Sydney Inner City,117,Sydney - City and Inner South,R1,Updated 6-Feb-2020
4500,2011,ELIZABETH BAY,NSW,151.221626,-33.873599,Delivery Area,Delivery Area,11703,Sydney Inner City,117,Sydney - City and Inner South,R1,Updated 6-Feb-2020
4501,2011,HMAS KUTTABUL,NSW,151.221626,-33.873599,Delivery Area,Delivery Area,11703,Sydney Inner City,117,Sydney - City and Inner South,R1,Updated 6-Feb-2020
4502,2011,KINGS CROSS,NSW,151.221626,-33.873599,,,11703,Sydney Inner City,117,Sydney - City and Inner South,R1,Updated 6-Feb-2020
4503,2011,POTTS POINT,NSW,151.221626,-33.873599,Delivery Area,Delivery Area,11703,Sydney Inner City,117,Sydney - City and Inner South,R1,Updated 6-Feb-2020
4504,2011,RUSHCUTTERS BAY,NSW,151.221626,-33.873599,Delivery Area,Delivery Area,11703,Sydney Inner City,117,Sydney - City and Inner South,R1,Updated 6-Feb-2020
4505,2011,WOOLLOOMOOLOO,NSW,151.221626,-33.873599,Delivery Area,Delivery Area,11703,Sydney Inner City,117,Sydney - City and Inner South,R1,Updated 6-Feb-2020
4506,2012,STRAWBERRY HILLS,NSW,150.931838,-33.726098,Post Office Boxes,Post Office Boxes,,,,,R1,Updated 25-Jan-2020
4507,2013,STRAWBERRY HILLS,NSW,150.931838,-33.726098,Post Office Boxes,Post Office Boxes,,,,,R1,Updated 25-Jan-2020
4508,2015,ALEXANDRIA,NSW,151.194825,-33.910105,Delivery Area,Delivery Area,11703,Sydney Inner City,117,Sydney - City and Inner South,R1,Updated 6-Feb-2020
4509,2015,BEACONSFIELD,NSW,151.194825,-33.910105,Delivery Area,Delivery Area,11703,Sydney Inner City,117,Sydney - City and Inner South,R1,Updated 6-Feb-2020
4510,2015,EVELEIGH,NSW,151.194825,-33.910105,Delivery Area,Delivery Area,11703,Sydney Inner City,117,Sydney - City and Inner South,R1,Updated 6-Feb-2020
4511,2016,REDFERN,NSW,151.206211,-33.894912,Delivery Area,Delivery Area,11703,Sydney Inner City,117,Sydney - City and Inner South,R1,Updated 6-Feb-2020
4512,2017,WATERLOO,NSW,151.206316,-33.903892,Delivery Area,Delivery Area,11703,Sydney Inner City,117,Sydney - City and Inner South,R1,Updated 6-Feb-2020
22871,2017,WATERLOO DC,NSW,0,0,,,,,,,R1,Added 25-Mar-2020
4513,2017,ZETLAND,NSW,151.206316,-33.903892,Delivery Area,Delivery Area,11703,Sydney Inner City,117,Sydney - City and Inner South,R1,Updated 6-Feb-2020
4514,2018,EASTLAKES,NSW,151.202697,-33.9233,Delivery Area,Delivery Area,11703,Sydney Inner City,117,Sydney - City and Inner South,R1,Updated 6-Feb-2020
4515,2018,ROSEBERY,NSW,151.202697,-33.9233,Delivery Area,Delivery Area,11703,Sydney Inner City,117,Sydney - City and Inner South,R1,Updated 6-Feb-2020
4516,2019,BANKSMEADOW,NSW,151.207285,-33.946923,Delivery Area,Delivery Area,11701,Botany,117,Sydney - City and Inner South,R1,Updated 6-Feb-2020
4517,2019,BOTANY,NSW,151.207285,-33.946923,Delivery Area,Delivery Area,11701,Botany,117,Sydney - City and Inner South,R1,Updated 6-Feb-2020
4518,2020,MASCOT,NSW,151.176775,-33.936179,Delivery Area,Delivery Area,11702,Marrickville - Sydenham - Petersham,117,Sydney - City and Inner South,R1,Updated 6-Feb-2020
4519,2020,SYDNEY DOMESTIC AIRPORT,NSW,151.176775,-33.936179,Delivery Area,Delivery Area,11702,Marrickville - Sydenham - Petersham,117,Sydney - City and Inner South,R1,Updated 6-Feb-2020
4520,2020,SYDNEY INTERNATIONAL AIRPORT,NSW,151.176775,-33.936179,Delivery Area,Delivery Area,11702,Marrickville - Sydenham - Petersham,117,Sydney - City and Inner South,R1,Updated 6-Feb-2020
4521,2021,CENTENNIAL PARK,NSW,151.227236,-33.895705,,,11802,Eastern Suburbs - South,118,Sydney - Eastern Suburbs,R1,Updated 6-Feb-2020
4522,2021,MOORE PARK,NSW,151.227236,-33.895705,Delivery Area,Delivery Area,11802,Eastern Suburbs - South,118,Sydney - Eastern Suburbs,R1,Updated 6-Feb-2020
4523,2021,PADDINGTON,NSW,151.227236,-33.895705,Delivery Area,Delivery Area,11802,Eastern Suburbs - South,118,Sydney - Eastern Suburbs,R1,Updated 6-Feb-2020
4524,2022,BONDI JUNCTION,NSW,151.245049,-33.896401,Delivery Area,Delivery Area,11801,Eastern Suburbs - North,118,Sydney - Eastern Suburbs,R1,Updated 6-Feb-2020
4525,2022,BONDI JUNCTION PLAZA,NSW,151.245049,-33.896401,Delivery Area,Delivery Area,11801,Eastern Suburbs - North,118,Sydney - Eastern Suburbs,R1,Updated 6-Feb-2020
4526,2022,QUEENS PARK,NSW,151.245049,-33.896401,Delivery Area,Delivery Area,11801,Eastern Suburbs - North,118,Sydney - Eastern Suburbs,R1,Updated 6-Feb-2020
4527,2023,BELLEVUE HILL,NSW,151.25591,-33.884685,Delivery Area,Delivery Area,11801,Eastern Suburbs - North,118,Sydney - Eastern Suburbs,R1,Updated 6-Feb-2020
4528,2024,BRONTE,NSW,151.259392,-33.904414,Delivery Area,Delivery Area,11801,Eastern Suburbs - North,118,Sydney - Eastern Suburbs,R1,Updated 6-Feb-2020
4529,2024,CHARING CROSS,NSW,151.259392,-33.904414,,,11801,Eastern Suburbs - North,118,Sydney - Eastern Suburbs,R1,Updated 6-Feb-2020
4530,2024,WAVERLEY,NSW,151.259392,-33.904414,Delivery Area,Delivery Area,11801,Eastern Suburbs - North,118,Sydney - Eastern Suburbs,R1,Updated 6-Feb-2020
4531,2025,WOOLLAHRA,NSW,151.240508,-33.88871,Delivery Area,Delivery Area,11801,Eastern Suburbs - North,118,Sydney - Eastern Suburbs,R1,Updated 6-Feb-2020
4532,2026,BEN BUCKLER,NSW,151.268968,-33.891041,,,11801,Eastern Suburbs - North,118,Sydney - Eastern Suburbs,R1,Updated 6-Feb-2020
4533,2026,BONDI,NSW,151.268968,-33.891041,Delivery Area,Delivery Area,11801,Eastern Suburbs - North,118,Sydney - Eastern Suburbs,R1,Updated 6-Feb-2020
4534,2026,BONDI BEACH,NSW,151.268968,-33.891041,Delivery Area,Delivery Area,11801,Eastern Suburbs - North,118,Sydney - Eastern Suburbs,R1,Updated 6-Feb-2020
4535,2026,NORTH BONDI,NSW,151.268968,-33.891041,Delivery Area,Delivery Area,11801,Eastern Suburbs - North,118,Sydney - Eastern Suburbs,R1,Updated 6-Feb-2020
4536,2026,TAMARAMA,NSW,151.268968,-33.891041,Delivery Area,Delivery Area,11801,Eastern Suburbs - North,118,Sydney - Eastern Suburbs,R1,Updated 6-Feb-2020
4537,2027,DARLING POINT,NSW,151.250494,-33.868972,Delivery Area,Delivery Area,11801,Eastern Suburbs - North,118,Sydney - Eastern Suburbs,R1,Updated 6-Feb-2020
4538,2027,EDGECLIFF,NSW,151.250494,-33.868972,Delivery Area,Delivery Area,11801,Eastern Suburbs - North,118,Sydney - Eastern Suburbs,R1,Updated 6-Feb-2020
4539,2027,HMAS RUSHCUTTERS,NSW,151.250494,-33.868972,Delivery Area,Delivery Area,11801,Eastern Suburbs - North,118,Sydney - Eastern Suburbs,R1,Updated 6-Feb-2020
4540,2027,POINT PIPER,NSW,151.250494,-33.868972,Delivery Area,Delivery Area,11801,Eastern Suburbs - North,118,Sydney - Eastern Suburbs,R1,Updated 6-Feb-2020
4541,2028,DOUBLE BAY,NSW,151.240965,-33.878413,Delivery Area,Delivery Area,11801,Eastern Suburbs - North,118,Sydney - Eastern Suburbs,R1,Updated 6-Feb-2020
4542,2029,ROSE BAY,NSW,151.266989,-33.875709,Delivery Area,Delivery Area,11801,Eastern Suburbs - North,118,Sydney - Eastern Suburbs,R1,Updated 6-Feb-2020
4543,2030,DIAMOND BAY,NSW,151.275977,-33.858378,,,11801,Eastern Suburbs - North,118,Sydney - Eastern Suburbs,R1,Updated 6-Feb-2020
4544,2030,DOVER HEIGHTS,NSW,151.275977,-33.858378,Delivery Area,Delivery Area,11801,Eastern Suburbs - North,118,Sydney - Eastern Suburbs,R1,Updated 6-Feb-2020
4545,2030,HMAS WATSON,NSW,151.275977,-33.858378,Delivery Area,Delivery Area,11801,Eastern Suburbs - North,118,Sydney - Eastern Suburbs,R1,Updated 6-Feb-2020
4546,2030,ROSE BAY NORTH,NSW,151.275977,-33.858378,Delivery Area,Delivery Area,11801,Eastern Suburbs - North,118,Sydney - Eastern Suburbs,R1,Updated 6-Feb-2020
4547,2030,VAUCLUSE,NSW,151.275977,-33.858378,Delivery Area,Delivery Area,11801,Eastern Suburbs - North,118,Sydney - Eastern Suburbs,R1,Updated 6-Feb-2020
4548,2030,WATSONS BAY,NSW,151.275977,-33.858378,Delivery Area,Delivery Area,11801,Eastern Suburbs - North,118,Sydney - Eastern Suburbs,R1,Updated 6-Feb-2020
4549,2031,CLOVELLY,NSW,151.239167,-33.914832,Delivery Area,Delivery Area,11802,Eastern Suburbs - South,118,Sydney - Eastern Suburbs,R1,Updated 6-Feb-2020
4550,2031,CLOVELLY WEST,NSW,151.239167,-33.914832,Delivery Area,Delivery Area,11802,Eastern Suburbs - South,118,Sydney - Eastern Suburbs,R1,Updated 6-Feb-2020
4551,2031,RANDWICK,NSW,151.239167,-33.914832,Delivery Area,Delivery Area,11802,Eastern Suburbs - South,118,Sydney - Eastern Suburbs,R1,Updated 6-Feb-2020
22858,2031,RANDWICK DC,NSW,0,0,,,,,,,R1,Added 25-Mar-2020
4552,2031,ST PAULS,NSW,151.239167,-33.914832,Delivery Area,Delivery Area,11802,Eastern Suburbs - South,118,Sydney - Eastern Suburbs,R1,Updated 6-Feb-2020
4553,2032,DACEYVILLE,NSW,151.223936,-33.930314,Delivery Area,Delivery Area,11802,Eastern Suburbs - South,118,Sydney - Eastern Suburbs,R1,Updated 6-Feb-2020
4554,2032,KINGSFORD,NSW,151.223936,-33.930314,Delivery Area,Delivery Area,11802,Eastern Suburbs - South,118,Sydney - Eastern Suburbs,R1,Updated 6-Feb-2020
4555,2033,KENSINGTON,NSW,151.218435,-33.91139,Delivery Area,Delivery Area,11802,Eastern Suburbs - South,118,Sydney - Eastern Suburbs,R1,Updated 6-Feb-2020
4556,2034,COOGEE,NSW,151.252171,-33.929096,Delivery Area,Delivery Area,11802,Eastern Suburbs - South,118,Sydney - Eastern Suburbs,R1,Updated 6-Feb-2020
4557,2034,SOUTH COOGEE,NSW,151.252171,-33.929096,Delivery Area,Delivery Area,11802,Eastern Suburbs - South,118,Sydney - Eastern Suburbs,R1,Updated 6-Feb-2020
4558,2035,MAROUBRA,NSW,151.241292,-33.945635,Delivery Area,Delivery Area,11802,Eastern Suburbs - South,118,Sydney - Eastern Suburbs,R1,Updated 6-Feb-2020
4559,2035,MAROUBRA SOUTH,NSW,151.241292,-33.945635,Delivery Area,Delivery Area,11802,Eastern Suburbs - South,118,Sydney - Eastern Suburbs,R1,Updated 6-Feb-2020
4560,2035,PAGEWOOD,NSW,151.241292,-33.945635,Delivery Area,Delivery Area,11802,Eastern Suburbs - South,118,Sydney - Eastern Suburbs,R1,Updated 6-Feb-2020
4561,2036,CHIFLEY,NSW,151.237844,-33.969624,Delivery Area,Delivery Area,11802,Eastern Suburbs - South,118,Sydney - Eastern Suburbs,R1,Updated 6-Feb-2020
4562,2036,EASTGARDENS,NSW,151.237844,-33.969624,Delivery Area,Delivery Area,11802,Eastern Suburbs - South,118,Sydney - Eastern Suburbs,R1,Updated 6-Feb-2020
4563,2036,HILLSDALE,NSW,151.237844,-33.969624,Delivery Area,Delivery Area,11802,Eastern Suburbs - South,118,Sydney - Eastern Suburbs,R1,Updated 6-Feb-2020
4564,2036,LA PEROUSE,NSW,151.237844,-33.969624,Delivery Area,Delivery Area,11802,Eastern Suburbs - South,118,Sydney - Eastern Suburbs,R1,Updated 6-Feb-2020
4565,2036,LITTLE BAY,NSW,151.237844,-33.969624,Delivery Area,Delivery Area,11802,Eastern Suburbs - South,118,Sydney - Eastern Suburbs,R1,Updated 6-Feb-2020
4566,2036,MALABAR,NSW,151.237844,-33.969624,Delivery Area,Delivery Area,11802,Eastern Suburbs - South,118,Sydney - Eastern Suburbs,R1,Updated 6-Feb-2020
4567,2036,MATRAVILLE,NSW,151.237844,-33.969624,Delivery Area,Delivery Area,11802,Eastern Suburbs - South,118,Sydney - Eastern Suburbs,R1,Updated 6-Feb-2020
4568,2036,PHILLIP BAY,NSW,151.237844,-33.969624,Delivery Area,Delivery Area,11802,Eastern Suburbs - South,118,Sydney - Eastern Suburbs,R1,Updated 6-Feb-2020
4569,2036,PORT BOTANY,NSW,151.237844,-33.969624,Delivery Area,Delivery Area,11802,Eastern Suburbs - South,118,Sydney - Eastern Suburbs,R1,Updated 6-Feb-2020
4570,2037,FOREST LODGE,NSW,151.184458,-33.880179,Delivery Area,Delivery Area,11703,Sydney Inner City,117,Sydney - City and Inner South,R1,Updated 6-Feb-2020
4571,2037,GLEBE,NSW,151.184458,-33.880179,Delivery Area,Delivery Area,11703,Sydney Inner City,117,Sydney - City and Inner South,R1,Updated 6-Feb-2020
4572,2038,ANNANDALE,NSW,151.170165,-33.881624,Delivery Area,Delivery Area,12002,Leichhardt,120,Sydney - Inner West,R1,Updated 6-Feb-2020
4573,2039,ROZELLE,NSW,151.171915,-33.867187,Delivery Area,Delivery Area,12002,Leichhardt,120,Sydney - Inner West,R1,Updated 6-Feb-2020
4574,2040,LEICHHARDT,NSW,151.156819,-33.878774,Delivery Area,Delivery Area,12002,Leichhardt,120,Sydney - Inner West,R1,Updated 6-Feb-2020
4575,2040,LILYFIELD,NSW,151.156819,-33.878774,Delivery Area,Delivery Area,12002,Leichhardt,120,Sydney - Inner West,R1,Updated 6-Feb-2020
4576,2041,BALMAIN,NSW,151.180095,-33.858556,Delivery Area,Delivery Area,12002,Leichhardt,120,Sydney - Inner West,R1,Updated 6-Feb-2020
4577,2041,BALMAIN EAST,NSW,151.180095,-33.858556,Delivery Area,Delivery Area,12002,Leichhardt,120,Sydney - Inner West,R1,Updated 6-Feb-2020
4578,2041,BIRCHGROVE,NSW,151.180095,-33.858556,Delivery Area,Delivery Area,12002,Leichhardt,120,Sydney - Inner West,R1,Updated 6-Feb-2020
4579,2042,ENMORE,NSW,151.175354,-33.900649,Delivery Area,Delivery Area,11703,Sydney Inner City,117,Sydney - City and Inner South,R1,Updated 6-Feb-2020
4580,2042,NEWTOWN,NSW,151.175354,-33.900649,Delivery Area,Delivery Area,11703,Sydney Inner City,117,Sydney - City and Inner South,R1,Updated 6-Feb-2020
4581,2043,ERSKINEVILLE,NSW,151.184665,-33.903521,Delivery Area,Delivery Area,11703,Sydney Inner City,117,Sydney - City and Inner South,R1,Updated 6-Feb-2020
4582,2044,ST PETERS,NSW,151.17074,-33.920698,Delivery Area,Delivery Area,11703,Sydney Inner City,117,Sydney - City and Inner South,R1,Updated 6-Feb-2020
22863,2044,ST PETERS DC,NSW,0,0,,,,,,,R1,Added 25-Mar-2020
4583,2044,SYDENHAM,NSW,151.17074,-33.920698,Delivery Area,Delivery Area,11703,Sydney Inner City,117,Sydney - City and Inner South,R1,Updated 6-Feb-2020
4584,2044,TEMPE,NSW,151.17074,-33.920698,Delivery Area,Delivery Area,11703,Sydney Inner City,117,Sydney - City and Inner South,R1,Updated 6-Feb-2020
4585,2045,HABERFIELD,NSW,151.138684,-33.879301,Delivery Area,Delivery Area,12003,Strathfield - Burwood - Ashfield,120,Sydney - Inner West,R1,Updated 6-Feb-2020
4586,2046,ABBOTSFORD,NSW,151.133865,-33.866044,Delivery Area,Delivery Area,12003,Strathfield - Burwood - Ashfield,120,Sydney - Inner West,R1,Updated 6-Feb-2020
4587,2046,CANADA BAY,NSW,151.133865,-33.866044,Delivery Area,Delivery Area,12003,Strathfield - Burwood - Ashfield,120,Sydney - Inner West,R1,Updated 6-Feb-2020
4588,2046,CHISWICK,NSW,151.133865,-33.866044,Delivery Area,Delivery Area,12003,Strathfield - Burwood - Ashfield,120,Sydney - Inner West,R1,Updated 6-Feb-2020
4589,2046,FIVE DOCK,NSW,151.133865,-33.866044,Delivery Area,Delivery Area,12003,Strathfield - Burwood - Ashfield,120,Sydney - Inner West,R1,Updated 6-Feb-2020
4590,2046,RODD POINT,NSW,151.133865,-33.866044,Delivery Area,Delivery Area,12003,Strathfield - Burwood - Ashfield,120,Sydney - Inner West,R1,Updated 6-Feb-2020
4591,2046,RUSSELL LEA,NSW,151.133865,-33.866044,Delivery Area,Delivery Area,12003,Strathfield - Burwood - Ashfield,120,Sydney - Inner West,R1,Updated 6-Feb-2020
4592,2046,WAREEMBA,NSW,151.133865,-33.866044,Delivery Area,Delivery Area,12003,Strathfield - Burwood - Ashfield,120,Sydney - Inner West,R1,Updated 6-Feb-2020
4593,2047,DRUMMOYNE,NSW,151.165735,-33.853924,Delivery Area,Delivery Area,12001,Canada Bay,120,Sydney - Inner West,R1,Updated 6-Feb-2020
4594,2048,STANMORE,NSW,151.16564,-33.89418,Delivery Area,Delivery Area,12002,Leichhardt,120,Sydney - Inner West,R1,Updated 6-Feb-2020
4595,2048,WESTGATE,NSW,151.16564,-33.89418,,,12002,Leichhardt,120,Sydney - Inner West,R1,Updated 6-Feb-2020
4321,2049,LEWISHAM,NSW,151.15085,-33.897219,Delivery Area,Delivery Area,12003,Strathfield - Burwood - Ashfield,120,Sydney - Inner West,R1,Updated 6-Feb-2020
4322,2049,PETERSHAM,NSW,151.15085,-33.897219,Delivery Area,Delivery Area,12003,Strathfield - Burwood - Ashfield,120,Sydney - Inner West,R1,Updated 6-Feb-2020
4323,2049,PETERSHAM NORTH,NSW,151.15085,-33.897219,Delivery Area,Delivery Area,12003,Strathfield - Burwood - Ashfield,120,Sydney - Inner West,R1,Updated 6-Feb-2020
4324,2050,CAMPERDOWN,NSW,151.17598,-33.89037,Delivery Area,Delivery Area,11703,Sydney Inner City,117,Sydney - City and Inner South,R1,Updated 6-Feb-2020
4325,2050,MISSENDEN ROAD,NSW,151.17598,-33.89037,Delivery Area,Delivery Area,11703,Sydney Inner City,117,Sydney - City and Inner South,R1,Updated 6-Feb-2020
4326,2052,UNSW SYDNEY,NSW,151.234417,-33.906561,LVR,LVR,11802,Eastern Suburbs - South,118,Sydney - Eastern Suburbs,R1,Updated 6-Feb-2020
4327,2055,NORTH SYDNEY,NSW,151.104935,-33.802837,Delivery Area,Delivery Area,12104,North Sydney - Mosman,121,Sydney - North Sydney and Hornsby,R1,Updated 25-Mar-2020 SA3
4328,2057,CHATSWOOD,NSW,151.1899,-33.791988,Post Office Boxes,Post Office Boxes,12101,Chatswood - Lane Cove,121,Sydney - North Sydney and Hornsby,R1,Updated 25-Mar-2020 SA3
4329,2058,NORTHERN SUBURBS MC,NSW,,,,,,,,,R1,
4330,2059,NORTH SYDNEY,NSW,151.104935,-33.802837,Post Office Boxes,Post Office Boxes,12104,North Sydney - Mosman,121,Sydney - North Sydney and Hornsby,R1,Updated 25-Mar-2020 SA3
4331,2060,HMAS PLATYPUS,NSW,151.204557,-33.839863,,,12104,North Sydney - Mosman,121,Sydney - North Sydney and Hornsby,R1,Updated 6-Feb-2020
4332,2060,HMAS WATERHEN,NSW,151.204557,-33.839863,Delivery Area,Delivery Area,12104,North Sydney - Mosman,121,Sydney - North Sydney and Hornsby,R1,Updated 6-Feb-2020
4333,2060,LAVENDER BAY,NSW,151.204557,-33.839863,Delivery Area,Delivery Area,12104,North Sydney - Mosman,121,Sydney - North Sydney and Hornsby,R1,Updated 6-Feb-2020
4334,2060,MCMAHONS POINT,NSW,151.204557,-33.839863,Delivery Area,Delivery Area,12104,North Sydney - Mosman,121,Sydney - North Sydney and Hornsby,R1,Updated 6-Feb-2020
4335,2060,NORTH SYDNEY,NSW,151.204557,-33.839863,Delivery Area,Delivery Area,12104,North Sydney - Mosman,121,Sydney - North Sydney and Hornsby,R1,Updated 6-Feb-2020
4336,2060,NORTH SYDNEY SHOPPINGWORLD,NSW,151.204557,-33.839863,Delivery Area,Delivery Area,12104,North Sydney - Mosman,121,Sydney - North Sydney and Hornsby,R1,Updated 6-Feb-2020
4337,2060,WAVERTON,NSW,151.204557,-33.839863,Delivery Area,Delivery Area,12104,North Sydney - Mosman,121,Sydney - North Sydney and Hornsby,R1,Updated 6-Feb-2020
4338,2061,KIRRIBILLI,NSW,151.212372,-33.848785,Delivery Area,Delivery Area,12104,North Sydney - Mosman,121,Sydney - North Sydney and Hornsby,R1,Updated 6-Feb-2020
4339,2061,MILSONS POINT,NSW,151.212372,-33.848785,Delivery Area,Delivery Area,12104,North Sydney - Mosman,121,Sydney - North Sydney and Hornsby,R1,Updated 6-Feb-2020
4340,2062,CAMMERAY,NSW,151.21246,-33.822837,Delivery Area,Delivery Area,12104,North Sydney - Mosman,121,Sydney - North Sydney and Hornsby,R1,Updated 6-Feb-2020
4341,2063,NORTHBRIDGE,NSW,151.214797,-33.812636,Delivery Area,Delivery Area,12101,Chatswood - Lane Cove,121,Sydney - North Sydney and Hornsby,R1,Updated 6-Feb-2020
4342,2064,ARTARMON,NSW,151.183801,-33.813209,Delivery Area,Delivery Area,12101,Chatswood - Lane Cove,121,Sydney - North Sydney and Hornsby,R1,Updated 6-Feb-2020
4343,2065,CROWS NEST,NSW,151.192212,-33.828361,Delivery Area,Delivery Area,12104,North Sydney - Mosman,121,Sydney - North Sydney and Hornsby,R1,Updated 6-Feb-2020
22835,2065,CROWS NEST DC,NSW,0,0,,,,,,,R1,Added 25-Mar-2020
4344,2065,GORE HILL,NSW,151.192212,-33.828361,,,12104,North Sydney - Mosman,121,Sydney - North Sydney and Hornsby,R1,Updated 6-Feb-2020
4345,2065,GREENWICH,NSW,151.192212,-33.828361,Delivery Area,Delivery Area,12104,North Sydney - Mosman,121,Sydney - North Sydney and Hornsby,R1,Updated 6-Feb-2020
4346,2065,NAREMBURN,NSW,151.192212,-33.828361,Delivery Area,Delivery Area,12104,North Sydney - Mosman,121,Sydney - North Sydney and Hornsby,R1,Updated 6-Feb-2020
4347,2065,ROYAL NORTH SHORE HOSPITAL,NSW,151.192212,-33.828361,Delivery Area,Delivery Area,12104,North Sydney - Mosman,121,Sydney - North Sydney and Hornsby,R1,Updated 6-Feb-2020
4348,2065,ST LEONARDS,NSW,151.192212,-33.828361,Delivery Area,Delivery Area,12104,North Sydney - Mosman,121,Sydney - North Sydney and Hornsby,R1,Updated 6-Feb-2020
4349,2065,WOLLSTONECRAFT,NSW,151.192212,-33.828361,Delivery Area,Delivery Area,12104,North Sydney - Mosman,121,Sydney - North Sydney and Hornsby,R1,Updated 6-Feb-2020
4350,2066,LANE COVE,NSW,151.160912,-33.818641,Delivery Area,Delivery Area,12101,Chatswood - Lane Cove,121,Sydney - North Sydney and Hornsby,R1,Updated 6-Feb-2020
4351,2066,LANE COVE NORTH,NSW,151.160912,-33.818641,Delivery Area,Delivery Area,12101,Chatswood - Lane Cove,121,Sydney - North Sydney and Hornsby,R1,Updated 6-Feb-2020
4352,2066,LANE COVE WEST,NSW,151.160912,-33.818641,Delivery Area,Delivery Area,12101,Chatswood - Lane Cove,121,Sydney - North Sydney and Hornsby,R1,Updated 6-Feb-2020
4353,2066,LINLEY POINT,NSW,151.160912,-33.818641,Delivery Area,Delivery Area,12101,Chatswood - Lane Cove,121,Sydney - North Sydney and Hornsby,R1,Updated 6-Feb-2020
4354,2066,LONGUEVILLE,NSW,151.160912,-33.818641,Delivery Area,Delivery Area,12101,Chatswood - Lane Cove,121,Sydney - North Sydney and Hornsby,R1,Updated 6-Feb-2020
4355,2066,NORTHWOOD,NSW,151.160912,-33.818641,Delivery Area,Delivery Area,12101,Chatswood - Lane Cove,121,Sydney - North Sydney and Hornsby,R1,Updated 6-Feb-2020
4356,2066,OSBORNE PARK,NSW,151.160912,-33.818641,,,12101,Chatswood - Lane Cove,121,Sydney - North Sydney and Hornsby,R1,Updated 6-Feb-2020
4357,2066,RIVERVIEW,NSW,151.160912,-33.818641,Delivery Area,Delivery Area,12101,Chatswood - Lane Cove,121,Sydney - North Sydney and Hornsby,R1,Updated 6-Feb-2020
4358,2067,CHATSWOOD,NSW,151.17711,-33.798378,Delivery Area,Delivery Area,12101,Chatswood - Lane Cove,121,Sydney - North Sydney and Hornsby,R1,Updated 6-Feb-2020
4359,2067,CHATSWOOD WEST,NSW,151.17711,-33.798378,Delivery Area,Delivery Area,12101,Chatswood - Lane Cove,121,Sydney - North Sydney and Hornsby,R1,Updated 6-Feb-2020
4360,2068,CASTLECRAG,NSW,151.202715,-33.800881,Delivery Area,Delivery Area,12101,Chatswood - Lane Cove,121,Sydney - North Sydney and Hornsby,R1,Updated 6-Feb-2020
4361,2068,MIDDLE COVE,NSW,151.202715,-33.800881,Delivery Area,Delivery Area,12101,Chatswood - Lane Cove,121,Sydney - North Sydney and Hornsby,R1,Updated 6-Feb-2020
20209,2068,NORTH WILLOUGHBY,NSW,151.1973964,-33.79634382,Delivery Area,Delivery Area,12101,Chatswood - Lane Cove,121,Sydney - North Sydney and Hornsby,R1,Updated 6-Feb-2020
4362,2068,WILLOUGHBY,NSW,151.202715,-33.800881,Delivery Area,Delivery Area,12101,Chatswood - Lane Cove,121,Sydney - North Sydney and Hornsby,R1,Updated 6-Feb-2020
20210,2068,WILLOUGHBY EAST,NSW,151.206289,-33.79909157,Delivery Area,Delivery Area,12101,Chatswood - Lane Cove,121,Sydney - North Sydney and Hornsby,R1,Updated 6-Feb-2020
4363,2068,WILLOUGHBY NORTH,NSW,151.202715,-33.800881,Delivery Area,Delivery Area,12101,Chatswood - Lane Cove,121,Sydney - North Sydney and Hornsby,R1,Updated 6-Feb-2020
4364,2069,CASTLE COVE,NSW,151.195368,-33.780246,Delivery Area,Delivery Area,12103,Ku-ring-gai,121,Sydney - North Sydney and Hornsby,R1,Updated 6-Feb-2020
4365,2069,ROSEVILLE,NSW,151.195368,-33.780246,Delivery Area,Delivery Area,12103,Ku-ring-gai,121,Sydney - North Sydney and Hornsby,R1,Updated 6-Feb-2020
4366,2069,ROSEVILLE CHASE,NSW,151.195368,-33.780246,Delivery Area,Delivery Area,12103,Ku-ring-gai,121,Sydney - North Sydney and Hornsby,R1,Updated 6-Feb-2020
4367,2070,EAST LINDFIELD,NSW,151.162007,-33.78042,Delivery Area,Delivery Area,12103,Ku-ring-gai,121,Sydney - North Sydney and Hornsby,R1,Updated 6-Feb-2020
4368,2070,LINDFIELD,NSW,151.162007,-33.78042,Delivery Area,Delivery Area,12103,Ku-ring-gai,121,Sydney - North Sydney and Hornsby,R1,Updated 6-Feb-2020
4369,2070,LINDFIELD WEST,NSW,151.162007,-33.78042,Delivery Area,Delivery Area,12103,Ku-ring-gai,121,Sydney - North Sydney and Hornsby,R1,Updated 6-Feb-2020
20211,2071,EAST KILLARA,NSW,151.1814551,-33.75536381,Delivery Area,Delivery Area,12103,Ku-ring-gai,121,Sydney - North Sydney and Hornsby,R1,Updated 6-Feb-2020
4370,2071,KILLARA,NSW,151.171738,-33.761834,Delivery Area,Delivery Area,12103,Ku-ring-gai,121,Sydney - North Sydney and Hornsby,R1,Updated 6-Feb-2020
4371,2072,GORDON,NSW,151.153176,-33.754582,Delivery Area,Delivery Area,12103,Ku-ring-gai,121,Sydney - North Sydney and Hornsby,R1,Updated 6-Feb-2020
4372,2073,PYMBLE,NSW,151.130278,-33.757296,Delivery Area,Delivery Area,12103,Ku-ring-gai,121,Sydney - North Sydney and Hornsby,R1,Updated 6-Feb-2020
4373,2073,WEST PYMBLE,NSW,151.130278,-33.757296,Delivery Area,Delivery Area,12103,Ku-ring-gai,121,Sydney - North Sydney and Hornsby,R1,Updated 6-Feb-2020
4374,2074,BOBBIN HEAD,NSW,151.123716,-33.735222,,,12601,Pennant Hills - Epping,126,Sydney - Ryde,R1,Updated 6-Feb-2020
4375,2074,NORTH TURRAMURRA,NSW,151.123716,-33.735222,Delivery Area,Delivery Area,12601,Pennant Hills - Epping,126,Sydney - Ryde,R1,Updated 6-Feb-2020
4376,2074,SOUTH TURRAMURRA,NSW,151.123716,-33.735222,Delivery Area,Delivery Area,12601,Pennant Hills - Epping,126,Sydney - Ryde,R1,Updated 6-Feb-2020
4377,2074,TURRAMURRA,NSW,151.123716,-33.735222,Delivery Area,Delivery Area,12601,Pennant Hills - Epping,126,Sydney - Ryde,R1,Updated 6-Feb-2020
4378,2074,WARRAWEE,NSW,151.123716,-33.735222,Delivery Area,Delivery Area,12601,Pennant Hills - Epping,126,Sydney - Ryde,R1,Updated 6-Feb-2020
4379,2075,NORTH ST IVES,NSW,151.16729,-33.723693,,,12103,Ku-ring-gai,121,Sydney - North Sydney and Hornsby,R1,Updated 6-Feb-2020
4380,2075,ST IVES,NSW,151.16729,-33.723693,Delivery Area,Delivery Area,12103,Ku-ring-gai,121,Sydney - North Sydney and Hornsby,R1,Updated 6-Feb-2020
4381,2075,ST IVES CHASE,NSW,151.16729,-33.723693,Delivery Area,Delivery Area,12103,Ku-ring-gai,121,Sydney - North Sydney and Hornsby,R1,Updated 6-Feb-2020
4382,2076,NORMANHURST,NSW,151.108249,-33.723263,Delivery Area,Delivery Area,12103,Ku-ring-gai,121,Sydney - North Sydney and Hornsby,R1,Updated 6-Feb-2020
20212,2076,NORTH WAHROONGA,NSW,151.1311234,-33.6977144,Delivery Area,Delivery Area,12103,Ku-ring-gai,121,Sydney - North Sydney and Hornsby,R1,Updated 6-Feb-2020
4383,2076,WAHROONGA,NSW,151.108249,-33.723263,Delivery Area,Delivery Area,12103,Ku-ring-gai,121,Sydney - North Sydney and Hornsby,R1,Updated 6-Feb-2020
4384,2077,ASQUITH,NSW,151.097508,-33.691922,Delivery Area,Delivery Area,12102,Hornsby,121,Sydney - North Sydney and Hornsby,R1,Updated 6-Feb-2020
4385,2077,HORNSBY,NSW,151.097508,-33.691922,Delivery Area,Delivery Area,12102,Hornsby,121,Sydney - North Sydney and Hornsby,R1,Updated 6-Feb-2020
4386,2077,HORNSBY HEIGHTS,NSW,151.097508,-33.691922,Delivery Area,Delivery Area,12102,Hornsby,121,Sydney - North Sydney and Hornsby,R1,Updated 6-Feb-2020
4387,2077,WAITARA,NSW,151.097508,-33.691922,Delivery Area,Delivery Area,12102,Hornsby,121,Sydney - North Sydney and Hornsby,R1,Updated 6-Feb-2020
4388,2079,MOUNT COLAH,NSW,151.112681,-33.666637,Delivery Area,Delivery Area,12102,Hornsby,121,Sydney - North Sydney and Hornsby,R1,Updated 6-Feb-2020
4389,2080,MOUNT KURING-GAI,NSW,151.143563,-33.658174,Delivery Area,Delivery Area,12102,Hornsby,121,Sydney - North Sydney and Hornsby,R1,Updated 6-Feb-2020
4390,2081,BEROWRA,NSW,151.150498,-33.619756,Delivery Area,Delivery Area,12102,Hornsby,121,Sydney - North Sydney and Hornsby,R1,Updated 6-Feb-2020
4391,2081,COWAN,NSW,151.150498,-33.619756,Delivery Area,Delivery Area,12102,Hornsby,121,Sydney - North Sydney and Hornsby,R1,Updated 6-Feb-2020
20213,2082,BEROWRA CREEK,NSW,151.138709,-33.54620871,Delivery Area,Delivery Area,12102,Hornsby,121,Sydney - North Sydney and Hornsby,R1,Updated 6-Feb-2020
4392,2082,BEROWRA HEIGHTS,NSW,151.168984,-33.561858,Delivery Area,Delivery Area,12102,Hornsby,121,Sydney - North Sydney and Hornsby,R1,Updated 6-Feb-2020
4393,2082,BEROWRA WATERS,NSW,151.168984,-33.561858,Delivery Area,Delivery Area,12102,Hornsby,121,Sydney - North Sydney and Hornsby,R1,Updated 6-Feb-2020
4394,2083,BAR POINT,NSW,151.194452,-33.525322,Delivery Area,Delivery Area,12102,Hornsby,121,Sydney - North Sydney and Hornsby,R1,Updated 6-Feb-2020
4395,2083,BROOKLYN,NSW,151.194452,-33.525322,Delivery Area,Delivery Area,12102,Hornsby,121,Sydney - North Sydney and Hornsby,R1,Updated 6-Feb-2020
20214,2083,CHEERO POINT,NSW,151.1920435,-33.51046731,Delivery Area,Delivery Area,12102,Hornsby,121,Sydney - North Sydney and Hornsby,R1,Updated 6-Feb-2020
4396,2083,COGRA BAY,NSW,151.194452,-33.525322,Delivery Area,Delivery Area,12102,Hornsby,121,Sydney - North Sydney and Hornsby,R1,Updated 6-Feb-2020
4397,2083,DANGAR ISLAND,NSW,151.194452,-33.525322,Delivery Area,Delivery Area,12102,Hornsby,121,Sydney - North Sydney and Hornsby,R1,Updated 6-Feb-2020
4398,2083,MILSONS PASSAGE,NSW,151.194452,-33.525322,Delivery Area,Delivery Area,12102,Hornsby,121,Sydney - North Sydney and Hornsby,R1,Updated 6-Feb-2020
4399,2083,MOONEY MOONEY,NSW,151.194452,-33.525322,Delivery Area,Delivery Area,12102,Hornsby,121,Sydney - North Sydney and Hornsby,R1,Updated 6-Feb-2020
4400,2084,AKUNA BAY,NSW,151.216929,-33.650999,,,12203,Warringah,122,Sydney - Northern Beaches,R1,Updated 6-Feb-2020
4401,2084,COTTAGE POINT,NSW,151.216929,-33.650999,Delivery Area,Delivery Area,12203,Warringah,122,Sydney - Northern Beaches,R1,Updated 6-Feb-2020
4402,2084,DUFFYS FOREST,NSW,151.216929,-33.650999,Delivery Area,Delivery Area,12203,Warringah,122,Sydney - Northern Beaches,R1,Updated 6-Feb-2020
4403,2084,TERREY HILLS,NSW,151.216929,-33.650999,Delivery Area,Delivery Area,12203,Warringah,122,Sydney - Northern Beaches,R1,Updated 6-Feb-2020
4404,2085,BELROSE,NSW,151.211719,-33.728782,Delivery Area,Delivery Area,12203,Warringah,122,Sydney - Northern Beaches,R1,Updated 6-Feb-2020
4405,2085,BELROSE WEST,NSW,151.211719,-33.728782,Delivery Area,Delivery Area,12203,Warringah,122,Sydney - Northern Beaches,R1,Updated 6-Feb-2020
4406,2085,DAVIDSON,NSW,151.211719,-33.728782,Delivery Area,Delivery Area,12203,Warringah,122,Sydney - Northern Beaches,R1,Updated 6-Feb-2020
4407,2086,FRENCHS FOREST,NSW,151.229211,-33.75185,Delivery Area,Delivery Area,12203,Warringah,122,Sydney - Northern Beaches,R1,Updated 6-Feb-2020
4408,2086,FRENCHS FOREST EAST,NSW,151.229211,-33.75185,Delivery Area,Delivery Area,12203,Warringah,122,Sydney - Northern Beaches,R1,Updated 6-Feb-2020
4409,2087,FORESTVILLE,NSW,151.210531,-33.766093,Delivery Area,Delivery Area,12203,Warringah,122,Sydney - Northern Beaches,R1,Updated 6-Feb-2020
4410,2087,KILLARNEY HEIGHTS,NSW,151.210531,-33.766093,Delivery Area,Delivery Area,12203,Warringah,122,Sydney - Northern Beaches,R1,Updated 6-Feb-2020
4411,2088,MOSMAN,NSW,151.243351,-33.830687,Delivery Area,Delivery Area,12104,North Sydney - Mosman,121,Sydney - North Sydney and Hornsby,R1,Updated 6-Feb-2020
4412,2088,SPIT JUNCTION,NSW,151.243351,-33.830687,Delivery Area,Delivery Area,12104,North Sydney - Mosman,121,Sydney - North Sydney and Hornsby,R1,Updated 6-Feb-2020
20215,2089,KURRABA POINT,NSW,151.2228263,-33.84149573,Delivery Area,Delivery Area,12104,North Sydney - Mosman,121,Sydney - North Sydney and Hornsby,R1,Updated 6-Feb-2020
4413,2089,NEUTRAL BAY,NSW,151.216869,-33.838021,Delivery Area,Delivery Area,12104,North Sydney - Mosman,121,Sydney - North Sydney and Hornsby,R1,Updated 6-Feb-2020
4414,2089,NEUTRAL BAY JUNCTION,NSW,151.216869,-33.838021,Delivery Area,Delivery Area,12104,North Sydney - Mosman,121,Sydney - North Sydney and Hornsby,R1,Updated 6-Feb-2020
4415,2090,CREMORNE,NSW,151.223094,-33.828949,Delivery Area,Delivery Area,12104,North Sydney - Mosman,121,Sydney - North Sydney and Hornsby,R1,Updated 6-Feb-2020
4416,2090,CREMORNE JUNCTION,NSW,151.223094,-33.828949,Delivery Area,Delivery Area,12104,North Sydney - Mosman,121,Sydney - North Sydney and Hornsby,R1,Updated 6-Feb-2020
4417,2090,CREMORNE POINT,NSW,151.223094,-33.828949,Delivery Area,Delivery Area,12104,North Sydney - Mosman,121,Sydney - North Sydney and Hornsby,R1,Updated 6-Feb-2020
4418,2091,HMAS PENGUIN,NSW,,,,,,,,,R1,
4419,2092,SEAFORTH,NSW,151.241813,-33.796636,Delivery Area,Delivery Area,12201,Manly,122,Sydney - Northern Beaches,R1,Updated 6-Feb-2020
4420,2093,BALGOWLAH,NSW,151.258069,-33.79315,Delivery Area,Delivery Area,12203,Warringah,122,Sydney - Northern Beaches,R1,Updated 6-Feb-2020
4421,2093,BALGOWLAH HEIGHTS,NSW,151.258069,-33.79315,Delivery Area,Delivery Area,12203,Warringah,122,Sydney - Northern Beaches,R1,Updated 6-Feb-2020
4422,2093,CLONTARF,NSW,151.258069,-33.79315,Delivery Area,Delivery Area,12203,Warringah,122,Sydney - Northern Beaches,R1,Updated 6-Feb-2020
4423,2093,MANLY VALE,NSW,151.258069,-33.79315,Delivery Area,Delivery Area,12203,Warringah,122,Sydney - Northern Beaches,R1,Updated 6-Feb-2020
4424,2093,NORTH BALGOWLAH,NSW,151.258069,-33.79315,Delivery Area,Delivery Area,12203,Warringah,122,Sydney - Northern Beaches,R1,Updated 6-Feb-2020
4425,2094,FAIRLIGHT,NSW,151.273242,-33.795227,Delivery Area,Delivery Area,12201,Manly,122,Sydney - Northern Beaches,R1,Updated 6-Feb-2020
4426,2095,MANLY,NSW,151.294675,-33.815482,Delivery Area,Delivery Area,12201,Manly,122,Sydney - Northern Beaches,R1,Updated 6-Feb-2020
4427,2095,MANLY EAST,NSW,151.294675,-33.815482,Delivery Area,Delivery Area,12201,Manly,122,Sydney - Northern Beaches,R1,Updated 6-Feb-2020
4428,2096,CURL CURL,NSW,151.28494,-33.776781,Delivery Area,Delivery Area,12203,Warringah,122,Sydney - Northern Beaches,R1,Updated 6-Feb-2020
20216,2096,FRESHWATER,NSW,151.2849046,-33.77509122,Delivery Area,Delivery Area,12203,Warringah,122,Sydney - Northern Beaches,R1,Updated 6-Feb-2020
4429,2096,HARBORD,NSW,151.28494,-33.776781,Delivery Area,Delivery Area,12203,Warringah,122,Sydney - Northern Beaches,R1,Updated 6-Feb-2020
4430,2096,QUEENSCLIFF,NSW,151.28494,-33.776781,Delivery Area,Delivery Area,12203,Warringah,122,Sydney - Northern Beaches,R1,Updated 6-Feb-2020
4431,2097,COLLAROY,NSW,151.297895,-33.739577,Delivery Area,Delivery Area,12203,Warringah,122,Sydney - Northern Beaches,R1,Updated 6-Feb-2020
4432,2097,COLLAROY BEACH,NSW,151.297895,-33.739577,Delivery Area,Delivery Area,12203,Warringah,122,Sydney - Northern Beaches,R1,Updated 6-Feb-2020
20217,2097,COLLAROY PLATEAU,NSW,151.2907075,-33.73032061,Delivery Area,Delivery Area,12203,Warringah,122,Sydney - Northern Beaches,R1,Updated 6-Feb-2020
4433,2097,COLLAROY PLATEAU WEST,NSW,151.297895,-33.739577,Delivery Area,Delivery Area,12203,Warringah,122,Sydney - Northern Beaches,R1,Updated 6-Feb-2020
4434,2097,LONG REEF,NSW,151.297895,-33.739577,,,12203,Warringah,122,Sydney - Northern Beaches,R1,Updated 6-Feb-2020
4435,2097,WHEELER HEIGHTS,NSW,151.297895,-33.739577,Delivery Area,Delivery Area,12203,Warringah,122,Sydney - Northern Beaches,R1,Updated 6-Feb-2020
4436,2099,CROMER,NSW,151.279999,-33.748914,Delivery Area,Delivery Area,12203,Warringah,122,Sydney - Northern Beaches,R1,Updated 6-Feb-2020
4437,2099,CROMER HEIGHTS,NSW,151.279999,-33.748914,,,12203,Warringah,122,Sydney - Northern Beaches,R1,Updated 6-Feb-2020
4438,2099,DEE WHY,NSW,151.279999,-33.748914,Delivery Area,Delivery Area,12203,Warringah,122,Sydney - Northern Beaches,R1,Updated 6-Feb-2020
4439,2099,DEE WHY BEACH,NSW,151.279999,-33.748914,,,12203,Warringah,122,Sydney - Northern Beaches,R1,Updated 6-Feb-2020
4440,2099,NARRAWEENA,NSW,151.279999,-33.748914,Delivery Area,Delivery Area,12203,Warringah,122,Sydney - Northern Beaches,R1,Updated 6-Feb-2020
4441,2099,NORTH CURL CURL,NSW,151.279999,-33.748914,Delivery Area,Delivery Area,12203,Warringah,122,Sydney - Northern Beaches,R1,Updated 6-Feb-2020
4442,2099,WINGALA,NSW,151.279999,-33.748914,,,12203,Warringah,122,Sydney - Northern Beaches,R1,Updated 6-Feb-2020
4443,2100,ALLAMBIE,NSW,151.257781,-33.766409,Delivery Area,Delivery Area,12203,Warringah,122,Sydney - Northern Beaches,R1,Updated 6-Feb-2020
4444,2100,ALLAMBIE HEIGHTS,NSW,151.257781,-33.766409,Delivery Area,Delivery Area,12203,Warringah,122,Sydney - Northern Beaches,R1,Updated 6-Feb-2020
4445,2100,BEACON HILL,NSW,151.257781,-33.766409,Delivery Area,Delivery Area,12203,Warringah,122,Sydney - Northern Beaches,R1,Updated 6-Feb-2020
4446,2100,BROOKVALE,NSW,151.257781,-33.766409,Delivery Area,Delivery Area,12203,Warringah,122,Sydney - Northern Beaches,R1,Updated 6-Feb-2020
4447,2100,NORTH MANLY,NSW,151.257781,-33.766409,Delivery Area,Delivery Area,12203,Warringah,122,Sydney - Northern Beaches,R1,Updated 6-Feb-2020
4448,2100,OXFORD FALLS,NSW,151.257781,-33.766409,Delivery Area,Delivery Area,12203,Warringah,122,Sydney - Northern Beaches,R1,Updated 6-Feb-2020
4449,2100,WARRINGAH MALL,NSW,151.257781,-33.766409,Delivery Area,Delivery Area,12203,Warringah,122,Sydney - Northern Beaches,R1,Updated 6-Feb-2020
4450,2101,ELANORA HEIGHTS,NSW,151.27114,-33.707117,Delivery Area,Delivery Area,12203,Warringah,122,Sydney - Northern Beaches,R1,Updated 6-Feb-2020
4451,2101,INGLESIDE,NSW,151.27114,-33.707117,Delivery Area,Delivery Area,12203,Warringah,122,Sydney - Northern Beaches,R1,Updated 6-Feb-2020
4452,2101,NARRABEEN,NSW,151.27114,-33.707117,Delivery Area,Delivery Area,12203,Warringah,122,Sydney - Northern Beaches,R1,Updated 6-Feb-2020
4453,2101,NARRABEEN PENINSULA,NSW,151.27114,-33.707117,,,12203,Warringah,122,Sydney - Northern Beaches,R1,Updated 6-Feb-2020
4454,2101,NORTH NARRABEEN,NSW,151.27114,-33.707117,Delivery Area,Delivery Area,12203,Warringah,122,Sydney - Northern Beaches,R1,Updated 6-Feb-2020
4455,2102,WARRIEWOOD,NSW,151.290953,-33.689941,Delivery Area,Delivery Area,12202,Pittwater,122,Sydney - Northern Beaches,R1,Updated 6-Feb-2020
22870,2102,WARRIEWOOD DC,NSW,0,0,,,,,,,R1,Added 25-Mar-2020
4456,2102,WARRIEWOOD SHOPPING SQUARE,NSW,151.290953,-33.689941,,,12202,Pittwater,122,Sydney - Northern Beaches,R1,Updated 6-Feb-2020
4183,2103,MONA VALE,NSW,151.302825,-33.679336,Delivery Area,Delivery Area,12202,Pittwater,122,Sydney - Northern Beaches,R1,Updated 6-Feb-2020
4184,2104,BAYVIEW,NSW,151.290921,-33.664921,Delivery Area,Delivery Area,12202,Pittwater,122,Sydney - Northern Beaches,R1,Updated 6-Feb-2020
4185,2105,CHURCH POINT,NSW,151.278293,-33.642202,Delivery Area,Delivery Area,12202,Pittwater,122,Sydney - Northern Beaches,R1,Updated 6-Feb-2020
4186,2105,ELVINA BAY,NSW,151.278293,-33.642202,Delivery Area,Delivery Area,12202,Pittwater,122,Sydney - Northern Beaches,R1,Updated 6-Feb-2020
4187,2105,LOVETT BAY,NSW,151.278293,-33.642202,Delivery Area,Delivery Area,12202,Pittwater,122,Sydney - Northern Beaches,R1,Updated 6-Feb-2020
20218,2105,MCCARRS CREEK,NSW,151.2761086,-33.64341347,Delivery Area,Delivery Area,12202,Pittwater,122,Sydney - Northern Beaches,R1,Updated 6-Feb-2020
20219,2105,MORNING BAY,NSW,151.2815376,-33.62434025,Delivery Area,Delivery Area,12202,Pittwater,122,Sydney - Northern Beaches,R1,Updated 6-Feb-2020
4188,2105,SCOTLAND ISLAND,NSW,151.278293,-33.642202,Delivery Area,Delivery Area,12202,Pittwater,122,Sydney - Northern Beaches,R1,Updated 6-Feb-2020
4189,2106,NEWPORT,NSW,151.314599,-33.660707,Delivery Area,Delivery Area,12202,Pittwater,122,Sydney - Northern Beaches,R1,Updated 6-Feb-2020
4190,2106,NEWPORT BEACH,NSW,151.314599,-33.660707,Delivery Area,Delivery Area,12202,Pittwater,122,Sydney - Northern Beaches,R1,Updated 6-Feb-2020
4191,2107,AVALON,NSW,151.323289,-33.634816,Delivery Area,Delivery Area,12202,Pittwater,122,Sydney - Northern Beaches,R1,Updated 6-Feb-2020
4192,2107,AVALON BEACH,NSW,151.323289,-33.634816,Delivery Area,Delivery Area,12202,Pittwater,122,Sydney - Northern Beaches,R1,Updated 6-Feb-2020
4193,2107,BILGOLA,NSW,151.323289,-33.634816,Delivery Area,Delivery Area,12202,Pittwater,122,Sydney - Northern Beaches,R1,Updated 6-Feb-2020
4194,2107,BILGOLA BEACH,NSW,151.323289,-33.634816,,,12202,Pittwater,122,Sydney - Northern Beaches,R1,Updated 6-Feb-2020
4195,2107,BILGOLA PLATEAU,NSW,151.323289,-33.634816,,,12202,Pittwater,122,Sydney - Northern Beaches,R1,Updated 6-Feb-2020
4196,2107,CAREEL BAY,NSW,151.323289,-33.634816,Delivery Area,Delivery Area,12202,Pittwater,122,Sydney - Northern Beaches,R1,Updated 6-Feb-2020
4197,2107,CLAREVILLE,NSW,151.323289,-33.634816,Delivery Area,Delivery Area,12202,Pittwater,122,Sydney - Northern Beaches,R1,Updated 6-Feb-2020
4198,2107,PARADISE BEACH,NSW,151.323289,-33.634816,Delivery Area,Delivery Area,12202,Pittwater,122,Sydney - Northern Beaches,R1,Updated 6-Feb-2020
4199,2107,TAYLORS POINT,NSW,151.323289,-33.634816,Delivery Area,Delivery Area,12202,Pittwater,122,Sydney - Northern Beaches,R1,Updated 6-Feb-2020
4200,2107,WHALE BEACH,NSW,151.323289,-33.634816,Delivery Area,Delivery Area,12202,Pittwater,122,Sydney - Northern Beaches,R1,Updated 6-Feb-2020
4201,2108,COASTERS RETREAT,NSW,151.322759,-33.60382,Delivery Area,Delivery Area,12202,Pittwater,122,Sydney - Northern Beaches,R1,Updated 6-Feb-2020
4202,2108,CURRAWONG BEACH,NSW,151.322759,-33.60382,Delivery Area,Delivery Area,12202,Pittwater,122,Sydney - Northern Beaches,R1,Updated 6-Feb-2020
4203,2108,GREAT MACKEREL BEACH,NSW,151.322759,-33.60382,Delivery Area,Delivery Area,12202,Pittwater,122,Sydney - Northern Beaches,R1,Updated 6-Feb-2020
4204,2108,MORNING BAY,NSW,151.322759,-33.60382,Delivery Area,Delivery Area,12202,Pittwater,122,Sydney - Northern Beaches,R1,Updated 6-Feb-2020
4205,2108,PALM BEACH,NSW,151.322759,-33.60382,Delivery Area,Delivery Area,12202,Pittwater,122,Sydney - Northern Beaches,R1,Updated 6-Feb-2020
4206,2108,THE BASIN,NSW,151.322759,-33.60382,Delivery Area,Delivery Area,12202,Pittwater,122,Sydney - Northern Beaches,R1,Updated 6-Feb-2020
4207,2109,MACQUARIE UNIVERSITY,NSW,151.113473,-33.771558,LVR,LVR,12602,Ryde - Hunters Hill,126,Sydney - Ryde,R1,Updated 6-Feb-2020
4208,2110,HUNTERS HILL,NSW,151.149126,-33.836102,Delivery Area,Delivery Area,12602,Ryde - Hunters Hill,126,Sydney - Ryde,R1,Updated 6-Feb-2020
4209,2110,HUNTERS HILL WEST,NSW,151.149126,-33.836102,,,12602,Ryde - Hunters Hill,126,Sydney - Ryde,R1,Updated 6-Feb-2020
4210,2110,WOOLWICH,NSW,151.149126,-33.836102,Delivery Area,Delivery Area,12602,Ryde - Hunters Hill,126,Sydney - Ryde,R1,Updated 6-Feb-2020
4211,2111,BORONIA PARK,NSW,151.124488,-33.829953,Delivery Area,Delivery Area,12602,Ryde - Hunters Hill,126,Sydney - Ryde,R1,Updated 6-Feb-2020
4212,2111,GLADESVILLE,NSW,151.124488,-33.829953,Delivery Area,Delivery Area,12602,Ryde - Hunters Hill,126,Sydney - Ryde,R1,Updated 6-Feb-2020
4213,2111,HENLEY,NSW,151.124488,-33.829953,Delivery Area,Delivery Area,12602,Ryde - Hunters Hill,126,Sydney - Ryde,R1,Updated 6-Feb-2020
4214,2111,HUNTLEYS COVE,NSW,151.124488,-33.829953,Delivery Area,Delivery Area,12602,Ryde - Hunters Hill,126,Sydney - Ryde,R1,Updated 6-Feb-2020
4215,2111,HUNTLEYS POINT,NSW,151.124488,-33.829953,Delivery Area,Delivery Area,12602,Ryde - Hunters Hill,126,Sydney - Ryde,R1,Updated 6-Feb-2020
4216,2111,MONASH PARK,NSW,151.124488,-33.829953,Delivery Area,Delivery Area,12602,Ryde - Hunters Hill,126,Sydney - Ryde,R1,Updated 6-Feb-2020
4217,2111,TENNYSON POINT,NSW,151.124488,-33.829953,Delivery Area,Delivery Area,12602,Ryde - Hunters Hill,126,Sydney - Ryde,R1,Updated 6-Feb-2020
4218,2112,DENISTONE EAST,NSW,151.108447,-33.81658,Delivery Area,Delivery Area,12602,Ryde - Hunters Hill,126,Sydney - Ryde,R1,Updated 6-Feb-2020
4219,2112,PUTNEY,NSW,151.108447,-33.81658,Delivery Area,Delivery Area,12602,Ryde - Hunters Hill,126,Sydney - Ryde,R1,Updated 6-Feb-2020
4220,2112,RYDE,NSW,151.108447,-33.81658,Delivery Area,Delivery Area,12602,Ryde - Hunters Hill,126,Sydney - Ryde,R1,Updated 6-Feb-2020
4221,2113,BLENHEIM ROAD,NSW,151.130233,-33.79419,Delivery Area,Delivery Area,12602,Ryde - Hunters Hill,126,Sydney - Ryde,R1,Updated 6-Feb-2020
4222,2113,EAST RYDE,NSW,151.130233,-33.79419,Delivery Area,Delivery Area,12602,Ryde - Hunters Hill,126,Sydney - Ryde,R1,Updated 6-Feb-2020
4223,2113,MACQUARIE CENTRE,NSW,151.130233,-33.79419,Delivery Area,Delivery Area,12602,Ryde - Hunters Hill,126,Sydney - Ryde,R1,Updated 6-Feb-2020
4224,2113,MACQUARIE PARK,NSW,151.130233,-33.79419,Delivery Area,Delivery Area,12602,Ryde - Hunters Hill,126,Sydney - Ryde,R1,Updated 6-Feb-2020
4225,2113,NORTH RYDE,NSW,151.130233,-33.79419,Delivery Area,Delivery Area,12602,Ryde - Hunters Hill,126,Sydney - Ryde,R1,Updated 6-Feb-2020
4226,2114,DENISTONE,NSW,151.084181,-33.810991,Delivery Area,Delivery Area,12602,Ryde - Hunters Hill,126,Sydney - Ryde,R1,Updated 6-Feb-2020
4227,2114,DENISTONE WEST,NSW,151.084181,-33.810991,Delivery Area,Delivery Area,12602,Ryde - Hunters Hill,126,Sydney - Ryde,R1,Updated 6-Feb-2020
4228,2114,MEADOWBANK,NSW,151.084181,-33.810991,Delivery Area,Delivery Area,12602,Ryde - Hunters Hill,126,Sydney - Ryde,R1,Updated 6-Feb-2020
4229,2114,MELROSE PARK,NSW,151.084181,-33.810991,Delivery Area,Delivery Area,12602,Ryde - Hunters Hill,126,Sydney - Ryde,R1,Updated 6-Feb-2020
4230,2114,WEST RYDE,NSW,151.084181,-33.810991,Delivery Area,Delivery Area,12602,Ryde - Hunters Hill,126,Sydney - Ryde,R1,Updated 6-Feb-2020
4231,2115,ERMINGTON,NSW,151.059845,-33.813106,Delivery Area,Delivery Area,12502,Carlingford,125,Sydney - Parramatta,R1,Updated 6-Feb-2020
4232,2116,RYDALMERE,NSW,151.036941,-33.814368,Delivery Area,Delivery Area,12502,Carlingford,125,Sydney - Parramatta,R1,Updated 6-Feb-2020
4233,2117,DUNDAS,NSW,151.04218,-33.797127,Delivery Area,Delivery Area,12504,Parramatta,125,Sydney - Parramatta,R1,Updated 6-Feb-2020
4234,2117,DUNDAS VALLEY,NSW,151.04218,-33.797127,Delivery Area,Delivery Area,12504,Parramatta,125,Sydney - Parramatta,R1,Updated 6-Feb-2020
4235,2117,OATLANDS,NSW,151.04218,-33.797127,Delivery Area,Delivery Area,12504,Parramatta,125,Sydney - Parramatta,R1,Updated 6-Feb-2020
4236,2117,TELOPEA,NSW,151.04218,-33.797127,Delivery Area,Delivery Area,12504,Parramatta,125,Sydney - Parramatta,R1,Updated 6-Feb-2020
4237,2118,CARLINGFORD,NSW,151.043518,-33.775596,Delivery Area,Delivery Area,12602,Ryde - Hunters Hill,126,Sydney - Ryde,R1,Updated 6-Feb-2020
4238,2118,CARLINGFORD COURT,NSW,151.043518,-33.775596,Delivery Area,Delivery Area,12602,Ryde - Hunters Hill,126,Sydney - Ryde,R1,Updated 6-Feb-2020
4239,2118,CARLINGFORD NORTH,NSW,151.043518,-33.775596,Delivery Area,Delivery Area,12602,Ryde - Hunters Hill,126,Sydney - Ryde,R1,Updated 6-Feb-2020
4240,2118,KINGSDENE,NSW,151.043518,-33.775596,Delivery Area,Delivery Area,12602,Ryde - Hunters Hill,126,Sydney - Ryde,R1,Updated 6-Feb-2020
4241,2119,BEECROFT,NSW,151.064176,-33.755499,Delivery Area,Delivery Area,12601,Pennant Hills - Epping,126,Sydney - Ryde,R1,Updated 6-Feb-2020
4242,2119,CHELTENHAM,NSW,151.064176,-33.755499,Delivery Area,Delivery Area,12601,Pennant Hills - Epping,126,Sydney - Ryde,R1,Updated 6-Feb-2020
4243,2120,PENNANT HILLS,NSW,151.07359,-33.731105,Delivery Area,Delivery Area,12601,Pennant Hills - Epping,126,Sydney - Ryde,R1,Updated 6-Feb-2020
4244,2120,THORNLEIGH,NSW,151.07359,-33.731105,Delivery Area,Delivery Area,12601,Pennant Hills - Epping,126,Sydney - Ryde,R1,Updated 6-Feb-2020
4245,2120,WESTLEIGH,NSW,151.07359,-33.731105,Delivery Area,Delivery Area,12601,Pennant Hills - Epping,126,Sydney - Ryde,R1,Updated 6-Feb-2020
4246,2121,EPPING,NSW,151.079919,-33.774145,Delivery Area,Delivery Area,12602,Ryde - Hunters Hill,126,Sydney - Ryde,R1,Updated 6-Feb-2020
4247,2121,NORTH EPPING,NSW,151.079919,-33.774145,Delivery Area,Delivery Area,12602,Ryde - Hunters Hill,126,Sydney - Ryde,R1,Updated 6-Feb-2020
4248,2122,EASTWOOD,NSW,151.092072,-33.791357,Delivery Area,Delivery Area,12602,Ryde - Hunters Hill,126,Sydney - Ryde,R1,Updated 6-Feb-2020
4249,2122,MARSFIELD,NSW,151.092072,-33.791357,Delivery Area,Delivery Area,12602,Ryde - Hunters Hill,126,Sydney - Ryde,R1,Updated 6-Feb-2020
4250,2123,PARRAMATTA,NSW,150.999575,-33.815446,LVR,LVR,12504,Parramatta,125,Sydney - Parramatta,R1,Updated 6-Feb-2020
4251,2124,PARRAMATTA,NSW,151.139472,-33.886166,Post Office Boxes,Post Office Boxes,12504,Parramatta,125,Sydney - Parramatta,R1,Updated 25-Mar-2020 SA3
4252,2125,WEST PENNANT HILLS,NSW,151.031807,-33.752645,Delivery Area,Delivery Area,12601,Pennant Hills - Epping,126,Sydney - Ryde,R1,Updated 6-Feb-2020
4253,2126,CHERRYBROOK,NSW,151.043941,-33.724898,Delivery Area,Delivery Area,12601,Pennant Hills - Epping,126,Sydney - Ryde,R1,Updated 6-Feb-2020
4254,2127,HOMEBUSH BAY,NSW,151.076186,-33.85283,Delivery Area,Delivery Area,12501,Auburn,125,Sydney - Parramatta,R1,Updated 6-Feb-2020
4255,2127,NEWINGTON,NSW,151.076186,-33.85283,Delivery Area,Delivery Area,12501,Auburn,125,Sydney - Parramatta,R1,Updated 6-Feb-2020
20220,2127,SYDNEY OLYMPIC PARK,NSW,151.0689007,-33.83966376,Delivery Area,Delivery Area,12501,Auburn,125,Sydney - Parramatta,R1,Updated 6-Feb-2020
20221,2127,WENTWORTH POINT,NSW,151.0771675,-33.82764565,Delivery Area,Delivery Area,12501,Auburn,125,Sydney - Parramatta,R1,Updated 6-Feb-2020
4256,2128,SILVERWATER,NSW,151.047591,-33.835928,Delivery Area,Delivery Area,12501,Auburn,125,Sydney - Parramatta,R1,Updated 6-Feb-2020
4257,2129,SYDNEY MARKETS,NSW,151.069553,-33.864104,Post Office Boxes,Post Office Boxes,12003,Strathfield - Burwood - Ashfield,120,Sydney - Inner West,R1,Updated 6-Feb-2020
4258,2130,SUMMER HILL,NSW,151.135883,-33.892783,Delivery Area,Delivery Area,12003,Strathfield - Burwood - Ashfield,120,Sydney - Inner West,R1,Updated 6-Feb-2020
4259,2131,ASHFIELD,NSW,151.124008,-33.887602,Delivery Area,Delivery Area,12003,Strathfield - Burwood - Ashfield,120,Sydney - Inner West,R1,Updated 6-Feb-2020
4260,2132,CROYDON,NSW,151.113385,-33.882419,Delivery Area,Delivery Area,12003,Strathfield - Burwood - Ashfield,120,Sydney - Inner West,R1,Updated 6-Feb-2020
4261,2133,CROYDON PARK,NSW,151.102087,-33.898793,Delivery Area,Delivery Area,12003,Strathfield - Burwood - Ashfield,120,Sydney - Inner West,R1,Updated 6-Feb-2020
4262,2133,ENFIELD SOUTH,NSW,151.102087,-33.898793,Delivery Area,Delivery Area,12003,Strathfield - Burwood - Ashfield,120,Sydney - Inner West,R1,Updated 6-Feb-2020
4263,2134,BURWOOD,NSW,151.101757,-33.880049,Delivery Area,Delivery Area,12003,Strathfield - Burwood - Ashfield,120,Sydney - Inner West,R1,Updated 6-Feb-2020
4264,2134,BURWOOD NORTH,NSW,151.101757,-33.880049,Delivery Area,Delivery Area,12003,Strathfield - Burwood - Ashfield,120,Sydney - Inner West,R1,Updated 6-Feb-2020
4265,2135,STRATHFIELD,NSW,151.084759,-33.881009,Delivery Area,Delivery Area,12003,Strathfield - Burwood - Ashfield,120,Sydney - Inner West,R1,Updated 6-Feb-2020
4266,2136,BURWOOD HEIGHTS,NSW,151.087741,-33.892944,Delivery Area,Delivery Area,12003,Strathfield - Burwood - Ashfield,120,Sydney - Inner West,R1,Updated 6-Feb-2020
4267,2136,ENFIELD,NSW,151.087741,-33.892944,Delivery Area,Delivery Area,12003,Strathfield - Burwood - Ashfield,120,Sydney - Inner West,R1,Updated 6-Feb-2020
4268,2136,STRATHFIELD SOUTH,NSW,151.087741,-33.892944,Delivery Area,Delivery Area,12003,Strathfield - Burwood - Ashfield,120,Sydney - Inner West,R1,Updated 6-Feb-2020
4269,2137,BREAKFAST POINT,NSW,151.103751,-33.85749,Delivery Area,Delivery Area,12003,Strathfield - Burwood - Ashfield,120,Sydney - Inner West,R1,Updated 6-Feb-2020
4270,2137,CABARITA,NSW,151.103751,-33.85749,Delivery Area,Delivery Area,12003,Strathfield - Burwood - Ashfield,120,Sydney - Inner West,R1,Updated 6-Feb-2020
4271,2137,CONCORD,NSW,151.103751,-33.85749,Delivery Area,Delivery Area,12003,Strathfield - Burwood - Ashfield,120,Sydney - Inner West,R1,Updated 6-Feb-2020
4272,2137,MORTLAKE,NSW,151.103751,-33.85749,Delivery Area,Delivery Area,12003,Strathfield - Burwood - Ashfield,120,Sydney - Inner West,R1,Updated 6-Feb-2020
4273,2137,NORTH STRATHFIELD,NSW,151.103751,-33.85749,Delivery Area,Delivery Area,12003,Strathfield - Burwood - Ashfield,120,Sydney - Inner West,R1,Updated 6-Feb-2020
4274,2138,CONCORD WEST,NSW,151.086036,-33.846098,Delivery Area,Delivery Area,12001,Canada Bay,120,Sydney - Inner West,R1,Updated 6-Feb-2020
22833,2138,CONCORD WEST DC,NSW,0,0,,,,,,,R1,Added 25-Mar-2020
4275,2138,LIBERTY GROVE,NSW,151.086036,-33.846098,Delivery Area,Delivery Area,12001,Canada Bay,120,Sydney - Inner West,R1,Updated 6-Feb-2020
4276,2138,RHODES,NSW,151.086036,-33.846098,Delivery Area,Delivery Area,12001,Canada Bay,120,Sydney - Inner West,R1,Updated 6-Feb-2020
4277,2139,CONCORD REPATRIATION HOSPITAL,NSW,151.095163,-33.835993,LVR,LVR,12001,Canada Bay,120,Sydney - Inner West,R1,Updated 6-Feb-2020
4278,2140,HOMEBUSH,NSW,151.070853,-33.835018,Delivery Area,Delivery Area,12003,Strathfield - Burwood - Ashfield,120,Sydney - Inner West,R1,Updated 6-Feb-2020
4279,2140,HOMEBUSH SOUTH,NSW,151.070853,-33.835018,Delivery Area,Delivery Area,12003,Strathfield - Burwood - Ashfield,120,Sydney - Inner West,R1,Updated 6-Feb-2020
4280,2140,HOMEBUSH WEST,NSW,151.070853,-33.835018,Delivery Area,Delivery Area,12003,Strathfield - Burwood - Ashfield,120,Sydney - Inner West,R1,Updated 6-Feb-2020
4281,2141,BERALA,NSW,151.044768,-33.872483,Delivery Area,Delivery Area,12501,Auburn,125,Sydney - Parramatta,R1,Updated 6-Feb-2020
4282,2141,LIDCOMBE,NSW,151.044768,-33.872483,Delivery Area,Delivery Area,12501,Auburn,125,Sydney - Parramatta,R1,Updated 6-Feb-2020
4283,2141,LIDCOMBE NORTH,NSW,151.044768,-33.872483,Delivery Area,Delivery Area,12501,Auburn,125,Sydney - Parramatta,R1,Updated 6-Feb-2020
4284,2141,ROOKWOOD,NSW,151.044768,-33.872483,Delivery Area,Delivery Area,12501,Auburn,125,Sydney - Parramatta,R1,Updated 6-Feb-2020
4285,2142,BLAXCELL,NSW,151.015196,-33.832747,Delivery Area,Delivery Area,12504,Parramatta,125,Sydney - Parramatta,R1,Updated 6-Feb-2020
4286,2142,CAMELLIA,NSW,151.015196,-33.832747,Delivery Area,Delivery Area,12504,Parramatta,125,Sydney - Parramatta,R1,Updated 6-Feb-2020
20222,2142,CLYDE,NSW,151.0220764,-33.83307675,Delivery Area,Delivery Area,12504,Parramatta,125,Sydney - Parramatta,R1,Updated 6-Feb-2020
4287,2142,GRANVILLE,NSW,151.015196,-33.832747,Delivery Area,Delivery Area,12504,Parramatta,125,Sydney - Parramatta,R1,Updated 6-Feb-2020
4288,2142,HOLROYD,NSW,151.015196,-33.832747,Delivery Area,Delivery Area,12504,Parramatta,125,Sydney - Parramatta,R1,Updated 6-Feb-2020
4289,2142,ROSEHILL,NSW,151.015196,-33.832747,Delivery Area,Delivery Area,12504,Parramatta,125,Sydney - Parramatta,R1,Updated 6-Feb-2020
20223,2142,SOUTH GRANVILLE,NSW,151.0106782,-33.85780796,Delivery Area,Delivery Area,12504,Parramatta,125,Sydney - Parramatta,R1,Updated 6-Feb-2020
4290,2143,BIRRONG,NSW,151.021934,-33.885382,Delivery Area,Delivery Area,12501,Auburn,125,Sydney - Parramatta,R1,Updated 6-Feb-2020
4291,2143,POTTS HILL,NSW,151.021934,-33.885382,Delivery Area,Delivery Area,12501,Auburn,125,Sydney - Parramatta,R1,Updated 6-Feb-2020
4292,2143,REGENTS PARK,NSW,151.021934,-33.885382,Delivery Area,Delivery Area,12501,Auburn,125,Sydney - Parramatta,R1,Updated 6-Feb-2020
22859,2143,REGENTS PARK DC,NSW,0,0,,,,,,,R1,Added 25-Mar-2020
4293,2144,AUBURN,NSW,151.026756,-33.851868,Delivery Area,Delivery Area,12501,Auburn,125,Sydney - Parramatta,R1,Updated 6-Feb-2020
4294,2144,AUBURN SOUTH,NSW,151.026756,-33.851868,,,12501,Auburn,125,Sydney - Parramatta,R1,Updated 6-Feb-2020
20224,2145,CONSTITUTION HILL,NSW,150.9751544,-33.79382308,Delivery Area,Delivery Area,12504,Parramatta,125,Sydney - Parramatta,R1,Updated 6-Feb-2020
4295,2145,GIRRAWEEN,NSW,150.957425,-33.813104,Delivery Area,Delivery Area,12504,Parramatta,125,Sydney - Parramatta,R1,Updated 6-Feb-2020
4296,2145,GREYSTANES,NSW,150.957425,-33.813104,Delivery Area,Delivery Area,12504,Parramatta,125,Sydney - Parramatta,R1,Updated 6-Feb-2020
4297,2145,MAYS HILL,NSW,150.957425,-33.813104,Delivery Area,Delivery Area,12504,Parramatta,125,Sydney - Parramatta,R1,Updated 6-Feb-2020
4298,2145,PEMULWUY,NSW,150.957425,-33.813104,Delivery Area,Delivery Area,12504,Parramatta,125,Sydney - Parramatta,R1,Updated 6-Feb-2020
4299,2145,PENDLE HILL,NSW,150.957425,-33.813104,Delivery Area,Delivery Area,12504,Parramatta,125,Sydney - Parramatta,R1,Updated 6-Feb-2020
4300,2145,SOUTH WENTWORTHVILLE,NSW,150.957425,-33.813104,Delivery Area,Delivery Area,12504,Parramatta,125,Sydney - Parramatta,R1,Updated 6-Feb-2020
4301,2145,WENTWORTHVILLE,NSW,150.957425,-33.813104,Delivery Area,Delivery Area,12504,Parramatta,125,Sydney - Parramatta,R1,Updated 6-Feb-2020
3041,2145,WESTMEAD,NSW,150.957425,-33.813104,Delivery Area,Delivery Area,12504,Parramatta,125,Sydney - Parramatta,R1,Updated 6-Feb-2020
3042,2146,OLD TOONGABBIE,NSW,150.959508,-33.789374,Delivery Area,Delivery Area,12504,Parramatta,125,Sydney - Parramatta,R1,Updated 6-Feb-2020
3043,2146,TOONGABBIE,NSW,150.959508,-33.789374,Delivery Area,Delivery Area,12504,Parramatta,125,Sydney - Parramatta,R1,Updated 6-Feb-2020
3044,2146,TOONGABBIE EAST,NSW,150.959508,-33.789374,Delivery Area,Delivery Area,12504,Parramatta,125,Sydney - Parramatta,R1,Updated 6-Feb-2020
3045,2147,KINGS LANGLEY,NSW,150.935836,-33.766075,Delivery Area,Delivery Area,11601,Blacktown,116,Sydney - Blacktown,R1,Updated 6-Feb-2020
2767,2147,LALOR PARK,NSW,150.935836,-33.766075,Delivery Area,Delivery Area,11601,Blacktown,116,Sydney - Blacktown,R1,Updated 6-Feb-2020
2768,2147,SEVEN HILLS,NSW,150.935836,-33.766075,Delivery Area,Delivery Area,11601,Blacktown,116,Sydney - Blacktown,R1,Updated 6-Feb-2020
2769,2147,SEVEN HILLS WEST,NSW,150.935836,-33.766075,Delivery Area,Delivery Area,11601,Blacktown,116,Sydney - Blacktown,R1,Updated 6-Feb-2020
2770,2148,ARNDELL PARK,NSW,150.900547,-33.783751,Delivery Area,Delivery Area,12702,Fairfield,127,Sydney - South West,R1,Updated 6-Feb-2020
2771,2148,BLACKTOWN,NSW,150.900547,-33.783751,Delivery Area,Delivery Area,12702,Fairfield,127,Sydney - South West,R1,Updated 6-Feb-2020
2772,2148,BLACKTOWN WESTPOINT,NSW,150.900547,-33.783751,Delivery Area,Delivery Area,12702,Fairfield,127,Sydney - South West,R1,Updated 6-Feb-2020
2773,2148,HUNTINGWOOD,NSW,150.900547,-33.783751,Delivery Area,Delivery Area,12702,Fairfield,127,Sydney - South West,R1,Updated 6-Feb-2020
2774,2148,KINGS PARK,NSW,150.900547,-33.783751,Delivery Area,Delivery Area,12702,Fairfield,127,Sydney - South West,R1,Updated 6-Feb-2020
2775,2148,MARAYONG,NSW,150.900547,-33.783751,Delivery Area,Delivery Area,12702,Fairfield,127,Sydney - South West,R1,Updated 6-Feb-2020
2776,2148,PROSPECT,NSW,150.900547,-33.783751,Delivery Area,Delivery Area,12702,Fairfield,127,Sydney - South West,R1,Updated 6-Feb-2020
2777,2150,HARRIS PARK,NSW,151.006506,-33.814463,Delivery Area,Delivery Area,12504,Parramatta,125,Sydney - Parramatta,R1,Updated 6-Feb-2020
2778,2150,PARRAMATTA,NSW,151.006506,-33.814463,Delivery Area,Delivery Area,12504,Parramatta,125,Sydney - Parramatta,R1,Updated 6-Feb-2020
2779,2150,PARRAMATTA WESTFIELD,NSW,151.006506,-33.814463,Delivery Area,Delivery Area,12504,Parramatta,125,Sydney - Parramatta,R1,Updated 6-Feb-2020
2780,2151,NORTH PARRAMATTA,NSW,151.012511,-33.78709,Delivery Area,Delivery Area,12504,Parramatta,125,Sydney - Parramatta,R1,Updated 6-Feb-2020
2781,2151,NORTH ROCKS,NSW,151.012511,-33.78709,Delivery Area,Delivery Area,12504,Parramatta,125,Sydney - Parramatta,R1,Updated 6-Feb-2020
2782,2152,NORTHMEAD,NSW,150.996388,-33.782501,Delivery Area,Delivery Area,12504,Parramatta,125,Sydney - Parramatta,R1,Updated 6-Feb-2020
2783,2153,BAULKHAM HILLS,NSW,150.955942,-33.731651,Delivery Area,Delivery Area,12504,Parramatta,125,Sydney - Parramatta,R1,Updated 6-Feb-2020
2784,2153,BELLA VISTA,NSW,150.955942,-33.731651,Delivery Area,Delivery Area,12504,Parramatta,125,Sydney - Parramatta,R1,Updated 6-Feb-2020
2785,2153,CRESTWOOD,NSW,150.955942,-33.731651,,,12504,Parramatta,125,Sydney - Parramatta,R1,Updated 6-Feb-2020
2786,2153,WINSTON HILLS,NSW,150.955942,-33.731651,Delivery Area,Delivery Area,12504,Parramatta,125,Sydney - Parramatta,R1,Updated 6-Feb-2020
2787,2154,CASTLE HILL,NSW,151.000948,-33.73238,Delivery Area,Delivery Area,11501,Baulkham Hills,115,Sydney - Baulkham Hills and Hawkesbury,R1,Updated 6-Feb-2020
2788,2155,BEAUMONT HILLS,NSW,150.931074,-33.731523,Delivery Area,Delivery Area,11602,Blacktown - North,116,Sydney - Blacktown,R1,Updated 6-Feb-2020
2789,2155,KELLYVILLE,NSW,150.931074,-33.731523,Delivery Area,Delivery Area,11602,Blacktown - North,116,Sydney - Blacktown,R1,Updated 6-Feb-2020
2790,2155,KELLYVILLE RIDGE,NSW,150.931074,-33.731523,Delivery Area,Delivery Area,11602,Blacktown - North,116,Sydney - Blacktown,R1,Updated 6-Feb-2020
22847,2155,NORTH KELLYVILLE,NSW,0,0,,,,,,,R1,Added 25-Mar-2020
2791,2155,ROUSE HILL,NSW,150.931074,-33.731523,Delivery Area,Delivery Area,11602,Blacktown - North,116,Sydney - Blacktown,R1,Updated 6-Feb-2020
2792,2156,ANNANGROVE,NSW,150.974528,-33.656984,Delivery Area,Delivery Area,11502,Dural - Wisemans Ferry,115,Sydney - Baulkham Hills and Hawkesbury,R1,Updated 6-Feb-2020
2793,2156,GLENHAVEN,NSW,150.974528,-33.656984,Delivery Area,Delivery Area,11502,Dural - Wisemans Ferry,115,Sydney - Baulkham Hills and Hawkesbury,R1,Updated 6-Feb-2020
2794,2156,KENTHURST,NSW,150.974528,-33.656984,Delivery Area,Delivery Area,11502,Dural - Wisemans Ferry,115,Sydney - Baulkham Hills and Hawkesbury,R1,Updated 6-Feb-2020
2795,2157,CANOELANDS,NSW,150.991055,-33.602167,Delivery Area,Delivery Area,11502,Dural - Wisemans Ferry,115,Sydney - Baulkham Hills and Hawkesbury,R1,Updated 6-Feb-2020
2796,2157,FOREST GLEN,NSW,150.991055,-33.602167,Delivery Area,Delivery Area,11502,Dural - Wisemans Ferry,115,Sydney - Baulkham Hills and Hawkesbury,R1,Updated 6-Feb-2020
2797,2157,GLENORIE,NSW,150.991055,-33.602167,Delivery Area,Delivery Area,11502,Dural - Wisemans Ferry,115,Sydney - Baulkham Hills and Hawkesbury,R1,Updated 6-Feb-2020
2798,2157,HILLSIDE,NSW,150.991055,-33.602167,,,11502,Dural - Wisemans Ferry,115,Sydney - Baulkham Hills and Hawkesbury,R1,Updated 6-Feb-2020
2799,2158,DURAL,NSW,151.040358,-33.690331,Delivery Area,Delivery Area,11502,Dural - Wisemans Ferry,115,Sydney - Baulkham Hills and Hawkesbury,R1,Updated 6-Feb-2020
22837,2158,DURAL DC,NSW,0,0,,,,,,,R1,Added 25-Mar-2020
2800,2158,MIDDLE DURAL,NSW,151.040358,-33.690331,Delivery Area,Delivery Area,11502,Dural - Wisemans Ferry,115,Sydney - Baulkham Hills and Hawkesbury,R1,Updated 6-Feb-2020
2801,2158,ROUND CORNER,NSW,151.040358,-33.690331,Delivery Area,Delivery Area,11502,Dural - Wisemans Ferry,115,Sydney - Baulkham Hills and Hawkesbury,R1,Updated 6-Feb-2020
2802,2159,ARCADIA,NSW,151.084146,-33.539148,Delivery Area,Delivery Area,11502,Dural - Wisemans Ferry,115,Sydney - Baulkham Hills and Hawkesbury,R1,Updated 6-Feb-2020
2803,2159,BERRILEE,NSW,151.084146,-33.539148,Delivery Area,Delivery Area,11502,Dural - Wisemans Ferry,115,Sydney - Baulkham Hills and Hawkesbury,R1,Updated 6-Feb-2020
2804,2159,FIDDLETOWN,NSW,151.084146,-33.539148,Delivery Area,Delivery Area,11502,Dural - Wisemans Ferry,115,Sydney - Baulkham Hills and Hawkesbury,R1,Updated 6-Feb-2020
2805,2159,GALSTON,NSW,151.084146,-33.539148,Delivery Area,Delivery Area,11502,Dural - Wisemans Ferry,115,Sydney - Baulkham Hills and Hawkesbury,R1,Updated 6-Feb-2020
2806,2160,MERRYLANDS,NSW,150.976594,-33.835883,Delivery Area,Delivery Area,12504,Parramatta,125,Sydney - Parramatta,R1,Updated 6-Feb-2020
2807,2160,MERRYLANDS WEST,NSW,150.976594,-33.835883,Delivery Area,Delivery Area,12504,Parramatta,125,Sydney - Parramatta,R1,Updated 6-Feb-2020
2808,2161,GUILDFORD,NSW,150.983724,-33.858335,Delivery Area,Delivery Area,12503,Merrylands - Guildford,125,Sydney - Parramatta,R1,Updated 6-Feb-2020
2809,2161,GUILDFORD WEST,NSW,150.983724,-33.858335,Delivery Area,Delivery Area,12503,Merrylands - Guildford,125,Sydney - Parramatta,R1,Updated 6-Feb-2020
2810,2161,OLD GUILDFORD,NSW,150.983724,-33.858335,Delivery Area,Delivery Area,12503,Merrylands - Guildford,125,Sydney - Parramatta,R1,Updated 6-Feb-2020
2811,2161,YENNORA,NSW,150.983724,-33.858335,Delivery Area,Delivery Area,12503,Merrylands - Guildford,125,Sydney - Parramatta,R1,Updated 6-Feb-2020
2812,2162,CHESTER HILL,NSW,151.004128,-33.88349,Delivery Area,Delivery Area,12503,Merrylands - Guildford,125,Sydney - Parramatta,R1,Updated 6-Feb-2020
2813,2162,SEFTON,NSW,151.004128,-33.88349,Delivery Area,Delivery Area,12503,Merrylands - Guildford,125,Sydney - Parramatta,R1,Updated 6-Feb-2020
2814,2163,CARRAMAR,NSW,150.979458,-33.887203,Delivery Area,Delivery Area,12503,Merrylands - Guildford,125,Sydney - Parramatta,R1,Updated 6-Feb-2020
2815,2163,LANSDOWNE,NSW,150.979458,-33.887203,Delivery Area,Delivery Area,12503,Merrylands - Guildford,125,Sydney - Parramatta,R1,Updated 6-Feb-2020
2816,2163,VILLAWOOD,NSW,150.979458,-33.887203,Delivery Area,Delivery Area,12503,Merrylands - Guildford,125,Sydney - Parramatta,R1,Updated 6-Feb-2020
2817,2164,SMITHFIELD,NSW,150.875028,-33.844153,Delivery Area,Delivery Area,12702,Fairfield,127,Sydney - South West,R1,Updated 6-Feb-2020
2818,2164,SMITHFIELD WEST,NSW,150.875028,-33.844153,Delivery Area,Delivery Area,12702,Fairfield,127,Sydney - South West,R1,Updated 6-Feb-2020
2819,2164,WETHERILL PARK,NSW,150.875028,-33.844153,Delivery Area,Delivery Area,12702,Fairfield,127,Sydney - South West,R1,Updated 6-Feb-2020
22872,2164,WETHERILL PARK BC,NSW,0,0,,,,,,,R1,Added 25-Mar-2020
2820,2164,WOODPARK,NSW,150.875028,-33.844153,Delivery Area,Delivery Area,12702,Fairfield,127,Sydney - South West,R1,Updated 6-Feb-2020
2821,2165,FAIRFIELD,NSW,150.947496,-33.872435,Delivery Area,Delivery Area,12702,Fairfield,127,Sydney - South West,R1,Updated 6-Feb-2020
2822,2165,FAIRFIELD EAST,NSW,150.947496,-33.872435,Delivery Area,Delivery Area,12702,Fairfield,127,Sydney - South West,R1,Updated 6-Feb-2020
2823,2165,FAIRFIELD HEIGHTS,NSW,150.947496,-33.872435,Delivery Area,Delivery Area,12702,Fairfield,127,Sydney - South West,R1,Updated 6-Feb-2020
2824,2165,FAIRFIELD WEST,NSW,150.947496,-33.872435,Delivery Area,Delivery Area,12702,Fairfield,127,Sydney - South West,R1,Updated 6-Feb-2020
2825,2166,CABRAMATTA,NSW,150.92937,-33.892738,Delivery Area,Delivery Area,12702,Fairfield,127,Sydney - South West,R1,Updated 6-Feb-2020
2826,2166,CABRAMATTA WEST,NSW,150.92937,-33.892738,Delivery Area,Delivery Area,12702,Fairfield,127,Sydney - South West,R1,Updated 6-Feb-2020
2827,2166,CANLEY HEIGHTS,NSW,150.92937,-33.892738,Delivery Area,Delivery Area,12702,Fairfield,127,Sydney - South West,R1,Updated 6-Feb-2020
2828,2166,CANLEY VALE,NSW,150.92937,-33.892738,Delivery Area,Delivery Area,12702,Fairfield,127,Sydney - South West,R1,Updated 6-Feb-2020
2829,2166,LANSVALE,NSW,150.92937,-33.892738,Delivery Area,Delivery Area,12702,Fairfield,127,Sydney - South West,R1,Updated 6-Feb-2020
2830,2167,GLENFIELD,NSW,150.890441,-33.972167,Delivery Area,Delivery Area,12302,Campbelltown (NSW),123,Sydney - Outer South West,R1,Updated 6-Feb-2020
2831,2168,ASHCROFT,NSW,150.875345,-33.915939,Delivery Area,Delivery Area,12703,Liverpool,127,Sydney - South West,R1,Updated 6-Feb-2020
2832,2168,BUSBY,NSW,150.875345,-33.915939,Delivery Area,Delivery Area,12703,Liverpool,127,Sydney - South West,R1,Updated 6-Feb-2020
2833,2168,CARTWRIGHT,NSW,150.875345,-33.915939,Delivery Area,Delivery Area,12703,Liverpool,127,Sydney - South West,R1,Updated 6-Feb-2020
2834,2168,GREEN VALLEY,NSW,150.875345,-33.915939,Delivery Area,Delivery Area,12703,Liverpool,127,Sydney - South West,R1,Updated 6-Feb-2020
2835,2168,HECKENBERG,NSW,150.875345,-33.915939,Delivery Area,Delivery Area,12703,Liverpool,127,Sydney - South West,R1,Updated 6-Feb-2020
2836,2168,HINCHINBROOK,NSW,150.875345,-33.915939,Delivery Area,Delivery Area,12703,Liverpool,127,Sydney - South West,R1,Updated 6-Feb-2020
2837,2168,MILLER,NSW,150.875345,-33.915939,,,12703,Liverpool,127,Sydney - South West,R1,Updated 6-Feb-2020
2838,2168,SADLEIR,NSW,150.875345,-33.915939,Delivery Area,Delivery Area,12703,Liverpool,127,Sydney - South West,R1,Updated 6-Feb-2020
2839,2170,CASULA,NSW,150.921448,-33.928392,Delivery Area,Delivery Area,12703,Liverpool,127,Sydney - South West,R1,Updated 6-Feb-2020
2840,2170,CASULA MALL,NSW,150.921448,-33.928392,Delivery Area,Delivery Area,12703,Liverpool,127,Sydney - South West,R1,Updated 6-Feb-2020
2841,2170,CHIPPING NORTON,NSW,150.921448,-33.928392,Delivery Area,Delivery Area,12703,Liverpool,127,Sydney - South West,R1,Updated 6-Feb-2020
2842,2170,HAMMONDVILLE,NSW,150.921448,-33.928392,Delivery Area,Delivery Area,12703,Liverpool,127,Sydney - South West,R1,Updated 6-Feb-2020
2843,2170,LIVERPOOL,NSW,150.921448,-33.928392,Delivery Area,Delivery Area,12703,Liverpool,127,Sydney - South West,R1,Updated 6-Feb-2020
2844,2170,LIVERPOOL SOUTH,NSW,150.921448,-33.928392,Delivery Area,Delivery Area,12703,Liverpool,127,Sydney - South West,R1,Updated 6-Feb-2020
2845,2170,LIVERPOOL WESTFIELD,NSW,150.921448,-33.928392,Delivery Area,Delivery Area,12703,Liverpool,127,Sydney - South West,R1,Updated 6-Feb-2020
2846,2170,LURNEA,NSW,150.921448,-33.928392,Delivery Area,Delivery Area,12703,Liverpool,127,Sydney - South West,R1,Updated 6-Feb-2020
2847,2170,MOOREBANK,NSW,150.921448,-33.928392,Delivery Area,Delivery Area,12703,Liverpool,127,Sydney - South West,R1,Updated 6-Feb-2020
2848,2170,MOUNT PRITCHARD,NSW,150.921448,-33.928392,Delivery Area,Delivery Area,12703,Liverpool,127,Sydney - South West,R1,Updated 6-Feb-2020
2849,2170,PRESTONS,NSW,150.921448,-33.928392,Delivery Area,Delivery Area,12703,Liverpool,127,Sydney - South West,R1,Updated 6-Feb-2020
2850,2170,WARWICK FARM,NSW,150.921448,-33.928392,Delivery Area,Delivery Area,12703,Liverpool,127,Sydney - South West,R1,Updated 6-Feb-2020
20225,2171,CARNES HILL,NSW,150.8487366,-33.93771581,Delivery Area,Delivery Area,12703,Liverpool,127,Sydney - South West,R1,Updated 6-Feb-2020
2851,2171,CECIL HILLS,NSW,150.970931,-33.959617,Delivery Area,Delivery Area,12703,Liverpool,127,Sydney - South West,R1,Updated 6-Feb-2020
20226,2171,ELIZABETH HILLS,NSW,150.8482772,-33.90053335,Delivery Area,Delivery Area,12703,Liverpool,127,Sydney - South West,R1,Updated 6-Feb-2020
2852,2171,HORNINGSEA PARK,NSW,150.970931,-33.959617,Delivery Area,Delivery Area,12703,Liverpool,127,Sydney - South West,R1,Updated 6-Feb-2020
2853,2171,HOXTON PARK,NSW,150.970931,-33.959617,Delivery Area,Delivery Area,12703,Liverpool,127,Sydney - South West,R1,Updated 6-Feb-2020
20227,2171,LEN WATERS ESTATE,NSW,150.8528604,-33.91318072,Delivery Area,Delivery Area,12703,Liverpool,127,Sydney - South West,R1,Updated 6-Feb-2020
20228,2171,MIDDLETON GRANGE,NSW,150.8427566,-33.91465272,Delivery Area,Delivery Area,12703,Liverpool,127,Sydney - South West,R1,Updated 6-Feb-2020
2854,2171,WEST HOXTON,NSW,150.970931,-33.959617,Delivery Area,Delivery Area,12703,Liverpool,127,Sydney - South West,R1,Updated 6-Feb-2020
2855,2172,PLEASURE POINT,NSW,150.917444,-33.951109,Delivery Area,Delivery Area,12703,Liverpool,127,Sydney - South West,R1,Updated 6-Feb-2020
2856,2172,SANDY POINT,NSW,150.917444,-33.951109,Delivery Area,Delivery Area,12703,Liverpool,127,Sydney - South West,R1,Updated 6-Feb-2020
2857,2172,VOYAGER POINT,NSW,150.917444,-33.951109,Delivery Area,Delivery Area,12703,Liverpool,127,Sydney - South West,R1,Updated 6-Feb-2020
2858,2173,HOLSWORTHY,NSW,150.919554,-34.074239,Delivery Area,Delivery Area,12703,Liverpool,127,Sydney - South West,R1,Updated 6-Feb-2020
2859,2173,WATTLE GROVE,NSW,150.919554,-34.074239,Delivery Area,Delivery Area,12703,Liverpool,127,Sydney - South West,R1,Updated 6-Feb-2020
2860,2174,EDMONDSON PARK,NSW,150.856709,-33.977497,,,12703,Liverpool,127,Sydney - South West,R1,Updated 6-Feb-2020
2861,2174,INGLEBURN MILPO,NSW,150.856709,-33.977497,,,12703,Liverpool,127,Sydney - South West,R1,Updated 6-Feb-2020
2862,2175,HORSLEY PARK,NSW,150.848192,-33.845034,Delivery Area,Delivery Area,12702,Fairfield,127,Sydney - South West,R1,Updated 6-Feb-2020
2863,2176,ABBOTSBURY,NSW,150.88526,-33.872014,Delivery Area,Delivery Area,12702,Fairfield,127,Sydney - South West,R1,Updated 6-Feb-2020
2864,2176,BOSSLEY PARK,NSW,150.88526,-33.872014,Delivery Area,Delivery Area,12702,Fairfield,127,Sydney - South West,R1,Updated 6-Feb-2020
2865,2176,EDENSOR PARK,NSW,150.88526,-33.872014,Delivery Area,Delivery Area,12702,Fairfield,127,Sydney - South West,R1,Updated 6-Feb-2020
2866,2176,GREENFIELD PARK,NSW,150.88526,-33.872014,Delivery Area,Delivery Area,12702,Fairfield,127,Sydney - South West,R1,Updated 6-Feb-2020
2867,2176,PRAIRIEWOOD,NSW,150.88526,-33.872014,Delivery Area,Delivery Area,12702,Fairfield,127,Sydney - South West,R1,Updated 6-Feb-2020
2868,2176,ST JOHNS PARK,NSW,150.88526,-33.872014,Delivery Area,Delivery Area,12702,Fairfield,127,Sydney - South West,R1,Updated 6-Feb-2020
2869,2176,WAKELEY,NSW,150.88526,-33.872014,Delivery Area,Delivery Area,12702,Fairfield,127,Sydney - South West,R1,Updated 6-Feb-2020
2870,2177,BONNYRIGG,NSW,150.879379,-33.895053,Delivery Area,Delivery Area,12702,Fairfield,127,Sydney - South West,R1,Updated 6-Feb-2020
2871,2177,BONNYRIGG HEIGHTS,NSW,150.879379,-33.895053,Delivery Area,Delivery Area,12702,Fairfield,127,Sydney - South West,R1,Updated 6-Feb-2020
17675,2177,WENTWORTH PORT,NSW,150.886505,-33.888801,,,12702,Fairfield,127,Sydney - South West,R1,Updated 6-Feb-2020
2872,2178,CECIL PARK,NSW,150.838225,-33.87478,Delivery Area,Delivery Area,12702,Fairfield,127,Sydney - South West,R1,Updated 6-Feb-2020
2873,2178,KEMPS CREEK,NSW,150.838225,-33.87478,Delivery Area,Delivery Area,12702,Fairfield,127,Sydney - South West,R1,Updated 6-Feb-2020
2874,2178,MOUNT VERNON,NSW,150.838225,-33.87478,Delivery Area,Delivery Area,12702,Fairfield,127,Sydney - South West,R1,Updated 6-Feb-2020
2875,2179,AUSTRAL,NSW,150.812031,-33.933109,Delivery Area,Delivery Area,12701,Bringelly - Green Valley,127,Sydney - South West,R1,Updated 6-Feb-2020
2876,2179,LEPPINGTON,NSW,150.812031,-33.933109,Delivery Area,Delivery Area,12701,Bringelly - Green Valley,127,Sydney - South West,R1,Updated 6-Feb-2020
2877,2190,CHULLORA,NSW,151.053858,-33.901925,Delivery Area,Delivery Area,12003,Strathfield - Burwood - Ashfield,120,Sydney - Inner West,R1,Updated 6-Feb-2020
2878,2190,GREENACRE,NSW,151.053858,-33.901925,Delivery Area,Delivery Area,12003,Strathfield - Burwood - Ashfield,120,Sydney - Inner West,R1,Updated 6-Feb-2020
2879,2190,MOUNT LEWIS,NSW,151.053858,-33.901925,Delivery Area,Delivery Area,12003,Strathfield - Burwood - Ashfield,120,Sydney - Inner West,R1,Updated 6-Feb-2020
2880,2191,BELFIELD,NSW,151.085513,-33.906803,Delivery Area,Delivery Area,12003,Strathfield - Burwood - Ashfield,120,Sydney - Inner West,R1,Updated 6-Feb-2020
2881,2192,BELMORE,NSW,151.089663,-33.921018,Delivery Area,Delivery Area,11902,Canterbury,119,Sydney - Inner South West,R1,Updated 6-Feb-2020
2882,2193,ASHBURY,NSW,151.12086,-33.910308,Delivery Area,Delivery Area,12003,Strathfield - Burwood - Ashfield,120,Sydney - Inner West,R1,Updated 6-Feb-2020
2883,2193,CANTERBURY,NSW,151.12086,-33.910308,Delivery Area,Delivery Area,12003,Strathfield - Burwood - Ashfield,120,Sydney - Inner West,R1,Updated 6-Feb-2020
2884,2193,HURLSTONE PARK,NSW,151.12086,-33.910308,Delivery Area,Delivery Area,12003,Strathfield - Burwood - Ashfield,120,Sydney - Inner West,R1,Updated 6-Feb-2020
2885,2194,CAMPSIE,NSW,151.101777,-33.917601,Delivery Area,Delivery Area,12003,Strathfield - Burwood - Ashfield,120,Sydney - Inner West,R1,Updated 6-Feb-2020
2886,2195,LAKEMBA,NSW,151.076939,-33.924525,Delivery Area,Delivery Area,11902,Canterbury,119,Sydney - Inner South West,R1,Updated 6-Feb-2020
22849,2195,LAKEMBA DC,NSW,0,0,,,,,,,R1,Added 25-Mar-2020
2887,2195,WILEY PARK,NSW,151.076939,-33.924525,Delivery Area,Delivery Area,11902,Canterbury,119,Sydney - Inner South West,R1,Updated 6-Feb-2020
2888,2196,PUNCHBOWL,NSW,151.057799,-33.930089,Delivery Area,Delivery Area,11902,Canterbury,119,Sydney - Inner South West,R1,Updated 6-Feb-2020
2889,2196,ROSELANDS,NSW,151.057799,-33.930089,Delivery Area,Delivery Area,11902,Canterbury,119,Sydney - Inner South West,R1,Updated 6-Feb-2020
2890,2197,BASS HILL,NSW,150.998155,-33.901198,Delivery Area,Delivery Area,12503,Merrylands - Guildford,125,Sydney - Parramatta,R1,Updated 6-Feb-2020
2891,2198,GEORGES HALL,NSW,150.986277,-33.908788,Delivery Area,Delivery Area,11901,Bankstown,119,Sydney - Inner South West,R1,Updated 6-Feb-2020
2892,2199,YAGOONA,NSW,151.023171,-33.905586,Delivery Area,Delivery Area,11901,Bankstown,119,Sydney - Inner South West,R1,Updated 6-Feb-2020
2893,2199,YAGOONA WEST,NSW,151.023171,-33.905586,Delivery Area,Delivery Area,11901,Bankstown,119,Sydney - Inner South West,R1,Updated 6-Feb-2020
2894,2200,BANKSTOWN,NSW,151.014937,-33.926559,Delivery Area,Delivery Area,11902,Canterbury,119,Sydney - Inner South West,R1,Updated 6-Feb-2020
20229,2200,BANKSTOWN AERODROME,NSW,150.9886638,-33.9226153,Delivery Area,Delivery Area,11902,Canterbury,119,Sydney - Inner South West,R1,Updated 6-Feb-2020
2895,2200,BANKSTOWN AIRPORT,NSW,151.014937,-33.926559,,,11902,Canterbury,119,Sydney - Inner South West,R1,Updated 6-Feb-2020
2896,2200,BANKSTOWN NORTH,NSW,151.014937,-33.926559,Delivery Area,Delivery Area,11902,Canterbury,119,Sydney - Inner South West,R1,Updated 6-Feb-2020
2897,2200,BANKSTOWN SQUARE,NSW,151.014937,-33.926559,Delivery Area,Delivery Area,11902,Canterbury,119,Sydney - Inner South West,R1,Updated 6-Feb-2020
2898,2200,CONDELL PARK,NSW,151.014937,-33.926559,Delivery Area,Delivery Area,11902,Canterbury,119,Sydney - Inner South West,R1,Updated 6-Feb-2020
2899,2200,MANAHAN,NSW,151.014937,-33.926559,Delivery Area,Delivery Area,11902,Canterbury,119,Sydney - Inner South West,R1,Updated 6-Feb-2020
2900,2200,MOUNT LEWIS,NSW,151.014937,-33.926559,Delivery Area,Delivery Area,11902,Canterbury,119,Sydney - Inner South West,R1,Updated 6-Feb-2020
2901,2203,DULWICH HILL,NSW,151.138999,-33.90441,Delivery Area,Delivery Area,12003,Strathfield - Burwood - Ashfield,120,Sydney - Inner West,R1,Updated 6-Feb-2020
2902,2204,MARRICKVILLE,NSW,151.155539,-33.912288,Delivery Area,Delivery Area,12003,Strathfield - Burwood - Ashfield,120,Sydney - Inner West,R1,Updated 6-Feb-2020
2903,2204,MARRICKVILLE METRO,NSW,151.155539,-33.912288,Delivery Area,Delivery Area,12003,Strathfield - Burwood - Ashfield,120,Sydney - Inner West,R1,Updated 6-Feb-2020
2904,2204,MARRICKVILLE SOUTH,NSW,151.155539,-33.912288,Delivery Area,Delivery Area,12003,Strathfield - Burwood - Ashfield,120,Sydney - Inner West,R1,Updated 6-Feb-2020
2627,2205,ARNCLIFFE,NSW,151.147956,-33.937551,Delivery Area,Delivery Area,11904,Kogarah - Rockdale,119,Sydney - Inner South West,R1,Updated 6-Feb-2020
2628,2205,TURRELLA,NSW,151.147956,-33.937551,Delivery Area,Delivery Area,11904,Kogarah - Rockdale,119,Sydney - Inner South West,R1,Updated 6-Feb-2020
2629,2205,WOLLI CREEK,NSW,151.147956,-33.937551,Delivery Area,Delivery Area,11904,Kogarah - Rockdale,119,Sydney - Inner South West,R1,Updated 6-Feb-2020
2630,2206,CLEMTON PARK,NSW,151.122881,-33.926056,Delivery Area,Delivery Area,12003,Strathfield - Burwood - Ashfield,120,Sydney - Inner West,R1,Updated 6-Feb-2020
2631,2206,EARLWOOD,NSW,151.122881,-33.926056,Delivery Area,Delivery Area,12003,Strathfield - Burwood - Ashfield,120,Sydney - Inner West,R1,Updated 6-Feb-2020
2632,2206,UNDERCLIFFE,NSW,151.122881,-33.926056,,,12003,Strathfield - Burwood - Ashfield,120,Sydney - Inner West,R1,Updated 6-Feb-2020
2633,2207,BARDWELL PARK,NSW,151.119517,-33.948744,Delivery Area,Delivery Area,11904,Kogarah - Rockdale,119,Sydney - Inner South West,R1,Updated 6-Feb-2020
2634,2207,BARDWELL VALLEY,NSW,151.119517,-33.948744,Delivery Area,Delivery Area,11904,Kogarah - Rockdale,119,Sydney - Inner South West,R1,Updated 6-Feb-2020
2635,2207,BEXLEY,NSW,151.119517,-33.948744,Delivery Area,Delivery Area,11904,Kogarah - Rockdale,119,Sydney - Inner South West,R1,Updated 6-Feb-2020
2636,2207,BEXLEY NORTH,NSW,151.119517,-33.948744,Delivery Area,Delivery Area,11904,Kogarah - Rockdale,119,Sydney - Inner South West,R1,Updated 6-Feb-2020
2637,2207,BEXLEY SOUTH,NSW,151.119517,-33.948744,Delivery Area,Delivery Area,11904,Kogarah - Rockdale,119,Sydney - Inner South West,R1,Updated 6-Feb-2020
2638,2208,KINGSGROVE,NSW,151.098002,-33.942632,Delivery Area,Delivery Area,11904,Kogarah - Rockdale,119,Sydney - Inner South West,R1,Updated 6-Feb-2020
2639,2208,KINGSWAY WEST,NSW,151.098002,-33.942632,,,11904,Kogarah - Rockdale,119,Sydney - Inner South West,R1,Updated 6-Feb-2020
2640,2209,BEVERLY HILLS,NSW,151.075304,-33.94913,Delivery Area,Delivery Area,11903,Hurstville,119,Sydney - Inner South West,R1,Updated 6-Feb-2020
2641,2209,NARWEE,NSW,151.075304,-33.94913,Delivery Area,Delivery Area,11903,Hurstville,119,Sydney - Inner South West,R1,Updated 6-Feb-2020
2642,2210,LUGARNO,NSW,151.052257,-33.957725,Delivery Area,Delivery Area,11903,Hurstville,119,Sydney - Inner South West,R1,Updated 6-Feb-2020
2643,2210,PEAKHURST,NSW,151.052257,-33.957725,Delivery Area,Delivery Area,11903,Hurstville,119,Sydney - Inner South West,R1,Updated 6-Feb-2020
22856,2210,PEAKHURST DC,NSW,0,0,,,,,,,R1,Added 25-Mar-2020
2644,2210,PEAKHURST HEIGHTS,NSW,151.052257,-33.957725,Delivery Area,Delivery Area,11903,Hurstville,119,Sydney - Inner South West,R1,Updated 6-Feb-2020
2645,2210,RIVERWOOD,NSW,151.052257,-33.957725,Delivery Area,Delivery Area,11903,Hurstville,119,Sydney - Inner South West,R1,Updated 6-Feb-2020
2646,2211,PADSTOW,NSW,151.03221,-33.961366,Delivery Area,Delivery Area,11902,Canterbury,119,Sydney - Inner South West,R1,Updated 6-Feb-2020
2647,2211,PADSTOW HEIGHTS,NSW,151.03221,-33.961366,Delivery Area,Delivery Area,11902,Canterbury,119,Sydney - Inner South West,R1,Updated 6-Feb-2020
2648,2212,REVESBY,NSW,151.014547,-33.947286,Delivery Area,Delivery Area,11901,Bankstown,119,Sydney - Inner South West,R1,Updated 6-Feb-2020
2649,2212,REVESBY HEIGHTS,NSW,151.014547,-33.947286,Delivery Area,Delivery Area,11901,Bankstown,119,Sydney - Inner South West,R1,Updated 6-Feb-2020
2650,2212,REVESBY NORTH,NSW,151.014547,-33.947286,Delivery Area,Delivery Area,11901,Bankstown,119,Sydney - Inner South West,R1,Updated 6-Feb-2020
2651,2213,EAST HILLS,NSW,150.997836,-33.964102,Delivery Area,Delivery Area,11901,Bankstown,119,Sydney - Inner South West,R1,Updated 6-Feb-2020
2652,2213,PANANIA,NSW,150.997836,-33.964102,Delivery Area,Delivery Area,11901,Bankstown,119,Sydney - Inner South West,R1,Updated 6-Feb-2020
2653,2213,PICNIC POINT,NSW,150.997836,-33.964102,Delivery Area,Delivery Area,11901,Bankstown,119,Sydney - Inner South West,R1,Updated 6-Feb-2020
2654,2214,MILPERRA,NSW,150.981592,-33.941443,Delivery Area,Delivery Area,12703,Liverpool,127,Sydney - South West,R1,Updated 6-Feb-2020
2655,2216,BANKSIA,NSW,151.148204,-33.955393,Delivery Area,Delivery Area,11904,Kogarah - Rockdale,119,Sydney - Inner South West,R1,Updated 6-Feb-2020
22828,2216,BRIGHTON LE SANDS,NSW,0,0,,,,,,,R1,Added 25-Mar-2020
2656,2216,BRIGHTON-LE-SANDS,NSW,151.148204,-33.955393,Delivery Area,Delivery Area,11904,Kogarah - Rockdale,119,Sydney - Inner South West,R1,Updated 6-Feb-2020
2657,2216,KYEEMAGH,NSW,151.148204,-33.955393,Delivery Area,Delivery Area,11904,Kogarah - Rockdale,119,Sydney - Inner South West,R1,Updated 6-Feb-2020
2658,2216,ROCKDALE,NSW,151.148204,-33.955393,Delivery Area,Delivery Area,11904,Kogarah - Rockdale,119,Sydney - Inner South West,R1,Updated 6-Feb-2020
22860,2216,ROCKDALE DC,NSW,0,0,,,,,,,R1,Added 25-Mar-2020
2659,2217,BEVERLEY PARK,NSW,151.140345,-33.974354,Delivery Area,Delivery Area,11904,Kogarah - Rockdale,119,Sydney - Inner South West,R1,Updated 6-Feb-2020
2660,2217,KOGARAH,NSW,151.140345,-33.974354,Delivery Area,Delivery Area,11904,Kogarah - Rockdale,119,Sydney - Inner South West,R1,Updated 6-Feb-2020
2661,2217,KOGARAH BAY,NSW,151.140345,-33.974354,Delivery Area,Delivery Area,11904,Kogarah - Rockdale,119,Sydney - Inner South West,R1,Updated 6-Feb-2020
2662,2217,MONTEREY,NSW,151.140345,-33.974354,Delivery Area,Delivery Area,11904,Kogarah - Rockdale,119,Sydney - Inner South West,R1,Updated 6-Feb-2020
2663,2217,RAMSGATE,NSW,151.140345,-33.974354,Delivery Area,Delivery Area,11904,Kogarah - Rockdale,119,Sydney - Inner South West,R1,Updated 6-Feb-2020
2664,2217,RAMSGATE BEACH,NSW,151.140345,-33.974354,Delivery Area,Delivery Area,11904,Kogarah - Rockdale,119,Sydney - Inner South West,R1,Updated 6-Feb-2020
2665,2218,ALLAWAH,NSW,151.117453,-33.973161,Delivery Area,Delivery Area,11904,Kogarah - Rockdale,119,Sydney - Inner South West,R1,Updated 6-Feb-2020
2666,2218,CARLTON,NSW,151.117453,-33.973161,Delivery Area,Delivery Area,11904,Kogarah - Rockdale,119,Sydney - Inner South West,R1,Updated 6-Feb-2020
2667,2219,DOLLS POINT,NSW,151.132495,-33.996587,Delivery Area,Delivery Area,11904,Kogarah - Rockdale,119,Sydney - Inner South West,R1,Updated 6-Feb-2020
2668,2219,SANDRINGHAM,NSW,151.132495,-33.996587,Delivery Area,Delivery Area,11904,Kogarah - Rockdale,119,Sydney - Inner South West,R1,Updated 6-Feb-2020
2669,2219,SANS SOUCI,NSW,151.132495,-33.996587,Delivery Area,Delivery Area,11904,Kogarah - Rockdale,119,Sydney - Inner South West,R1,Updated 6-Feb-2020
2670,2220,HURSTVILLE,NSW,151.101764,-33.966692,Delivery Area,Delivery Area,11904,Kogarah - Rockdale,119,Sydney - Inner South West,R1,Updated 6-Feb-2020
2671,2220,HURSTVILLE GROVE,NSW,151.101764,-33.966692,Delivery Area,Delivery Area,11904,Kogarah - Rockdale,119,Sydney - Inner South West,R1,Updated 6-Feb-2020
2672,2220,HURSTVILLE WESTFIELD,NSW,151.101764,-33.966692,Delivery Area,Delivery Area,11904,Kogarah - Rockdale,119,Sydney - Inner South West,R1,Updated 6-Feb-2020
2673,2221,BLAKEHURST,NSW,151.10599,-33.992159,Delivery Area,Delivery Area,11904,Kogarah - Rockdale,119,Sydney - Inner South West,R1,Updated 6-Feb-2020
2674,2221,CARSS PARK,NSW,151.10599,-33.992159,Delivery Area,Delivery Area,11904,Kogarah - Rockdale,119,Sydney - Inner South West,R1,Updated 6-Feb-2020
2675,2221,CONNELLS POINT,NSW,151.10599,-33.992159,Delivery Area,Delivery Area,11904,Kogarah - Rockdale,119,Sydney - Inner South West,R1,Updated 6-Feb-2020
2676,2221,KYLE BAY,NSW,151.10599,-33.992159,Delivery Area,Delivery Area,11904,Kogarah - Rockdale,119,Sydney - Inner South West,R1,Updated 6-Feb-2020
2677,2221,SOUTH HURSTVILLE,NSW,151.10599,-33.992159,Delivery Area,Delivery Area,11904,Kogarah - Rockdale,119,Sydney - Inner South West,R1,Updated 6-Feb-2020
2678,2222,PENSHURST,NSW,151.084774,-33.964713,Delivery Area,Delivery Area,11903,Hurstville,119,Sydney - Inner South West,R1,Updated 6-Feb-2020
2679,2223,MORTDALE,NSW,151.071837,-33.980264,Delivery Area,Delivery Area,11903,Hurstville,119,Sydney - Inner South West,R1,Updated 6-Feb-2020
2680,2223,OATLEY,NSW,151.071837,-33.980264,Delivery Area,Delivery Area,11903,Hurstville,119,Sydney - Inner South West,R1,Updated 6-Feb-2020
2681,2224,KANGAROO POINT,NSW,151.101891,-34.01362,Delivery Area,Delivery Area,12802,Sutherland - Menai - Heathcote,128,Sydney - Sutherland,R1,Updated 6-Feb-2020
2682,2224,SYLVANIA,NSW,151.101891,-34.01362,Delivery Area,Delivery Area,12802,Sutherland - Menai - Heathcote,128,Sydney - Sutherland,R1,Updated 6-Feb-2020
2683,2224,SYLVANIA SOUTHGATE,NSW,151.101891,-34.01362,Delivery Area,Delivery Area,12802,Sutherland - Menai - Heathcote,128,Sydney - Sutherland,R1,Updated 6-Feb-2020
2684,2224,SYLVANIA WATERS,NSW,151.101891,-34.01362,Delivery Area,Delivery Area,12802,Sutherland - Menai - Heathcote,128,Sydney - Sutherland,R1,Updated 6-Feb-2020
2685,2225,CARAVAN HEAD,NSW,151.087892,-33.997441,Delivery Area,Delivery Area,12802,Sutherland - Menai - Heathcote,128,Sydney - Sutherland,R1,Updated 6-Feb-2020
2686,2225,OYSTER BAY,NSW,151.087892,-33.997441,Delivery Area,Delivery Area,12802,Sutherland - Menai - Heathcote,128,Sydney - Sutherland,R1,Updated 6-Feb-2020
2687,2226,BONNET BAY,NSW,151.063808,-34.009345,Delivery Area,Delivery Area,12802,Sutherland - Menai - Heathcote,128,Sydney - Sutherland,R1,Updated 6-Feb-2020
2688,2226,COMO,NSW,151.063808,-34.009345,Delivery Area,Delivery Area,12802,Sutherland - Menai - Heathcote,128,Sydney - Sutherland,R1,Updated 6-Feb-2020
2689,2226,JANNALI,NSW,151.063808,-34.009345,Delivery Area,Delivery Area,12802,Sutherland - Menai - Heathcote,128,Sydney - Sutherland,R1,Updated 6-Feb-2020
2690,2227,GYMEA,NSW,151.085005,-34.04984,Delivery Area,Delivery Area,12802,Sutherland - Menai - Heathcote,128,Sydney - Sutherland,R1,Updated 6-Feb-2020
2691,2227,GYMEA BAY,NSW,151.085005,-34.04984,Delivery Area,Delivery Area,12802,Sutherland - Menai - Heathcote,128,Sydney - Sutherland,R1,Updated 6-Feb-2020
2692,2228,MIRANDA,NSW,151.101564,-34.037692,Delivery Area,Delivery Area,12801,Cronulla - Miranda - Caringbah,128,Sydney - Sutherland,R1,Updated 6-Feb-2020
2693,2228,YOWIE BAY,NSW,151.101564,-34.037692,Delivery Area,Delivery Area,12801,Cronulla - Miranda - Caringbah,128,Sydney - Sutherland,R1,Updated 6-Feb-2020
2694,2229,CARINGBAH,NSW,151.120091,-34.05494,Delivery Area,Delivery Area,12801,Cronulla - Miranda - Caringbah,128,Sydney - Sutherland,R1,Updated 6-Feb-2020
20230,2229,CARINGBAH SOUTH,NSW,151.1196698,-34.05505669,Delivery Area,Delivery Area,12801,Cronulla - Miranda - Caringbah,128,Sydney - Sutherland,R1,Updated 6-Feb-2020
2695,2229,DOLANS BAY,NSW,151.120091,-34.05494,Delivery Area,Delivery Area,12801,Cronulla - Miranda - Caringbah,128,Sydney - Sutherland,R1,Updated 6-Feb-2020
2696,2229,LILLI PILLI,NSW,151.120091,-34.05494,Delivery Area,Delivery Area,12801,Cronulla - Miranda - Caringbah,128,Sydney - Sutherland,R1,Updated 6-Feb-2020
2697,2229,PORT HACKING,NSW,151.120091,-34.05494,Delivery Area,Delivery Area,12801,Cronulla - Miranda - Caringbah,128,Sydney - Sutherland,R1,Updated 6-Feb-2020
2698,2229,TAREN POINT,NSW,151.120091,-34.05494,Delivery Area,Delivery Area,12801,Cronulla - Miranda - Caringbah,128,Sydney - Sutherland,R1,Updated 6-Feb-2020
2699,2229,WARUMBUL,NSW,151.120091,-34.05494,Delivery Area,Delivery Area,12801,Cronulla - Miranda - Caringbah,128,Sydney - Sutherland,R1,Updated 6-Feb-2020
2700,2230,BUNDEENA,NSW,151.136596,-34.093213,Delivery Area,Delivery Area,12802,Sutherland - Menai - Heathcote,128,Sydney - Sutherland,R1,Updated 6-Feb-2020
2701,2230,BURRANEER,NSW,151.136596,-34.093213,Delivery Area,Delivery Area,12802,Sutherland - Menai - Heathcote,128,Sydney - Sutherland,R1,Updated 6-Feb-2020
2702,2230,CRONULLA,NSW,151.136596,-34.093213,Delivery Area,Delivery Area,12802,Sutherland - Menai - Heathcote,128,Sydney - Sutherland,R1,Updated 6-Feb-2020
20231,2230,GREENHILLS BEACH,NSW,151.1636097,-34.0360001,Delivery Area,Delivery Area,12802,Sutherland - Menai - Heathcote,128,Sydney - Sutherland,R1,Updated 6-Feb-2020
2703,2230,MAIANBAR,NSW,151.136596,-34.093213,Delivery Area,Delivery Area,12802,Sutherland - Menai - Heathcote,128,Sydney - Sutherland,R1,Updated 6-Feb-2020
2704,2230,WOOLOOWARE,NSW,151.136596,-34.093213,Delivery Area,Delivery Area,12802,Sutherland - Menai - Heathcote,128,Sydney - Sutherland,R1,Updated 6-Feb-2020
2705,2231,KURNELL,NSW,151.193492,-34.029927,Delivery Area,Delivery Area,12801,Cronulla - Miranda - Caringbah,128,Sydney - Sutherland,R1,Updated 6-Feb-2020
2706,2232,AUDLEY,NSW,151.064329,-34.061753,Delivery Area,Delivery Area,12802,Sutherland - Menai - Heathcote,128,Sydney - Sutherland,R1,Updated 6-Feb-2020
2707,2232,GARIE,NSW,151.064329,-34.061753,Delivery Area,Delivery Area,12802,Sutherland - Menai - Heathcote,128,Sydney - Sutherland,R1,Updated 6-Feb-2020
2708,2232,GRAYS POINT,NSW,151.064329,-34.061753,Delivery Area,Delivery Area,12802,Sutherland - Menai - Heathcote,128,Sydney - Sutherland,R1,Updated 6-Feb-2020
2709,2232,KAREELA,NSW,151.064329,-34.061753,Delivery Area,Delivery Area,12802,Sutherland - Menai - Heathcote,128,Sydney - Sutherland,R1,Updated 6-Feb-2020
2710,2232,KIRRAWEE,NSW,151.064329,-34.061753,Delivery Area,Delivery Area,12802,Sutherland - Menai - Heathcote,128,Sydney - Sutherland,R1,Updated 6-Feb-2020
22848,2232,KIRRAWEE DC,NSW,0,0,,,,,,,R1,Added 25-Mar-2020
2711,2232,LOFTUS,NSW,151.064329,-34.061753,Delivery Area,Delivery Area,12802,Sutherland - Menai - Heathcote,128,Sydney - Sutherland,R1,Updated 6-Feb-2020
2712,2232,SUTHERLAND,NSW,151.064329,-34.061753,Delivery Area,Delivery Area,12802,Sutherland - Menai - Heathcote,128,Sydney - Sutherland,R1,Updated 6-Feb-2020
2713,2232,WORONORA,NSW,151.064329,-34.061753,Delivery Area,Delivery Area,12802,Sutherland - Menai - Heathcote,128,Sydney - Sutherland,R1,Updated 6-Feb-2020
2714,2233,ENGADINE,NSW,151.027919,-34.114626,Delivery Area,Delivery Area,12802,Sutherland - Menai - Heathcote,128,Sydney - Sutherland,R1,Updated 6-Feb-2020
2715,2233,HEATHCOTE,NSW,151.027919,-34.114626,Delivery Area,Delivery Area,12802,Sutherland - Menai - Heathcote,128,Sydney - Sutherland,R1,Updated 6-Feb-2020
2716,2233,WATERFALL,NSW,151.027919,-34.114626,Delivery Area,Delivery Area,12802,Sutherland - Menai - Heathcote,128,Sydney - Sutherland,R1,Updated 6-Feb-2020
2717,2233,WORONORA HEIGHTS,NSW,151.027919,-34.114626,Delivery Area,Delivery Area,12802,Sutherland - Menai - Heathcote,128,Sydney - Sutherland,R1,Updated 6-Feb-2020
2718,2233,YARRAWARRAH,NSW,151.027919,-34.114626,Delivery Area,Delivery Area,12802,Sutherland - Menai - Heathcote,128,Sydney - Sutherland,R1,Updated 6-Feb-2020
2719,2234,ALFORDS POINT,NSW,151.004412,-34.021938,Delivery Area,Delivery Area,12802,Sutherland - Menai - Heathcote,128,Sydney - Sutherland,R1,Updated 6-Feb-2020
2720,2234,BANGOR,NSW,151.004412,-34.021938,Delivery Area,Delivery Area,12802,Sutherland - Menai - Heathcote,128,Sydney - Sutherland,R1,Updated 6-Feb-2020
2721,2234,BARDEN RIDGE,NSW,151.004412,-34.021938,Delivery Area,Delivery Area,12802,Sutherland - Menai - Heathcote,128,Sydney - Sutherland,R1,Updated 6-Feb-2020
2722,2234,ILLAWONG,NSW,151.004412,-34.021938,Delivery Area,Delivery Area,12802,Sutherland - Menai - Heathcote,128,Sydney - Sutherland,R1,Updated 6-Feb-2020
2723,2234,LUCAS HEIGHTS,NSW,151.004412,-34.021938,Delivery Area,Delivery Area,12802,Sutherland - Menai - Heathcote,128,Sydney - Sutherland,R1,Updated 6-Feb-2020
2724,2234,MENAI,NSW,151.004412,-34.021938,Delivery Area,Delivery Area,12802,Sutherland - Menai - Heathcote,128,Sydney - Sutherland,R1,Updated 6-Feb-2020
2725,2234,MENAI CENTRAL,NSW,151.004412,-34.021938,Delivery Area,Delivery Area,12802,Sutherland - Menai - Heathcote,128,Sydney - Sutherland,R1,Updated 6-Feb-2020
2726,2250,BUCKETTY,NSW,151.189243,-33.325373,Delivery Area,Delivery Area,11503,Hawkesbury,115,Sydney - Baulkham Hills and Hawkesbury,R3,Updated 6-Feb-2020
2727,2250,CALGA,NSW,151.189243,-33.325373,Delivery Area,Delivery Area,11503,Hawkesbury,115,Sydney - Baulkham Hills and Hawkesbury,R3,Updated 6-Feb-2020
2728,2250,CENTRAL MANGROVE,NSW,151.189243,-33.325373,Delivery Area,Delivery Area,11503,Hawkesbury,115,Sydney - Baulkham Hills and Hawkesbury,R3,Updated 6-Feb-2020
2729,2250,DONOVANS FOREST,NSW,151.189243,-33.325373,,,11503,Hawkesbury,115,Sydney - Baulkham Hills and Hawkesbury,R3,Updated 6-Feb-2020
2730,2250,EAST GOSFORD,NSW,151.189243,-33.325373,Delivery Area,Delivery Area,11503,Hawkesbury,115,Sydney - Baulkham Hills and Hawkesbury,R3,Updated 6-Feb-2020
2731,2250,ERINA,NSW,151.189243,-33.325373,Delivery Area,Delivery Area,11503,Hawkesbury,115,Sydney - Baulkham Hills and Hawkesbury,R3,Updated 6-Feb-2020
2732,2250,ERINA FAIR,NSW,151.189243,-33.325373,Delivery Area,Delivery Area,11503,Hawkesbury,115,Sydney - Baulkham Hills and Hawkesbury,R3,Updated 6-Feb-2020
2733,2250,GLENWORTH VALLEY,NSW,151.189243,-33.325373,Delivery Area,Delivery Area,11503,Hawkesbury,115,Sydney - Baulkham Hills and Hawkesbury,R3,Updated 6-Feb-2020
2734,2250,GOSFORD,NSW,151.189243,-33.325373,Delivery Area,Delivery Area,11503,Hawkesbury,115,Sydney - Baulkham Hills and Hawkesbury,R3,Updated 6-Feb-2020
2735,2250,GOSFORD WEST,NSW,151.189243,-33.325373,,,11503,Hawkesbury,115,Sydney - Baulkham Hills and Hawkesbury,R3,Updated 6-Feb-2020
2736,2250,GREENGROVE,NSW,151.189243,-33.325373,Delivery Area,Delivery Area,11503,Hawkesbury,115,Sydney - Baulkham Hills and Hawkesbury,R3,Updated 6-Feb-2020
2737,2250,HOLGATE,NSW,151.189243,-33.325373,Delivery Area,Delivery Area,11503,Hawkesbury,115,Sydney - Baulkham Hills and Hawkesbury,R3,Updated 6-Feb-2020
2738,2250,KARIONG,NSW,151.189243,-33.325373,Delivery Area,Delivery Area,11503,Hawkesbury,115,Sydney - Baulkham Hills and Hawkesbury,R3,Updated 6-Feb-2020
2739,2250,KULNURA,NSW,151.189243,-33.325373,Delivery Area,Delivery Area,11503,Hawkesbury,115,Sydney - Baulkham Hills and Hawkesbury,R3,Updated 6-Feb-2020
2740,2250,LISAROW,NSW,151.189243,-33.325373,Delivery Area,Delivery Area,11503,Hawkesbury,115,Sydney - Baulkham Hills and Hawkesbury,R3,Updated 6-Feb-2020
2741,2250,LOWER MANGROVE,NSW,151.189243,-33.325373,Delivery Area,Delivery Area,11503,Hawkesbury,115,Sydney - Baulkham Hills and Hawkesbury,R3,Updated 6-Feb-2020
2742,2250,MANGROVE CREEK,NSW,151.189243,-33.325373,Delivery Area,Delivery Area,11503,Hawkesbury,115,Sydney - Baulkham Hills and Hawkesbury,R3,Updated 6-Feb-2020
2743,2250,MANGROVE MOUNTAIN,NSW,151.189243,-33.325373,Delivery Area,Delivery Area,11503,Hawkesbury,115,Sydney - Baulkham Hills and Hawkesbury,R3,Updated 6-Feb-2020
2744,2250,MATCHAM,NSW,151.189243,-33.325373,Delivery Area,Delivery Area,11503,Hawkesbury,115,Sydney - Baulkham Hills and Hawkesbury,R3,Updated 6-Feb-2020
2745,2250,MOONEY MOONEY CREEK,NSW,151.189243,-33.325373,Delivery Area,Delivery Area,11503,Hawkesbury,115,Sydney - Baulkham Hills and Hawkesbury,R3,Updated 6-Feb-2020
2746,2250,MOUNT ELLIOT,NSW,151.189243,-33.325373,Delivery Area,Delivery Area,11503,Hawkesbury,115,Sydney - Baulkham Hills and Hawkesbury,R3,Updated 6-Feb-2020
2747,2250,MOUNT WHITE,NSW,151.189243,-33.325373,Delivery Area,Delivery Area,11503,Hawkesbury,115,Sydney - Baulkham Hills and Hawkesbury,R3,Updated 6-Feb-2020
2748,2250,NARARA,NSW,151.189243,-33.325373,Delivery Area,Delivery Area,11503,Hawkesbury,115,Sydney - Baulkham Hills and Hawkesbury,R3,Updated 6-Feb-2020
2749,2250,NIAGARA PARK,NSW,151.189243,-33.325373,Delivery Area,Delivery Area,11503,Hawkesbury,115,Sydney - Baulkham Hills and Hawkesbury,R3,Updated 6-Feb-2020
2750,2250,NORTH GOSFORD,NSW,151.189243,-33.325373,Delivery Area,Delivery Area,11503,Hawkesbury,115,Sydney - Baulkham Hills and Hawkesbury,R3,Updated 6-Feb-2020
2751,2250,PEATS RIDGE,NSW,151.189243,-33.325373,Delivery Area,Delivery Area,11503,Hawkesbury,115,Sydney - Baulkham Hills and Hawkesbury,R3,Updated 6-Feb-2020
2752,2250,POINT CLARE,NSW,151.189243,-33.325373,Delivery Area,Delivery Area,11503,Hawkesbury,115,Sydney - Baulkham Hills and Hawkesbury,R3,Updated 6-Feb-2020
2753,2250,POINT FREDERICK,NSW,151.189243,-33.325373,Delivery Area,Delivery Area,11503,Hawkesbury,115,Sydney - Baulkham Hills and Hawkesbury,R3,Updated 6-Feb-2020
2754,2250,SOMERSBY,NSW,151.189243,-33.325373,Delivery Area,Delivery Area,11503,Hawkesbury,115,Sydney - Baulkham Hills and Hawkesbury,R3,Updated 6-Feb-2020
2755,2250,SPRINGFIELD,NSW,151.189243,-33.325373,Delivery Area,Delivery Area,11503,Hawkesbury,115,Sydney - Baulkham Hills and Hawkesbury,R3,Updated 6-Feb-2020
2756,2250,TASCOTT,NSW,151.189243,-33.325373,Delivery Area,Delivery Area,11503,Hawkesbury,115,Sydney - Baulkham Hills and Hawkesbury,R3,Updated 6-Feb-2020
2757,2250,TEN MILE HOLLOW,NSW,151.189243,-33.325373,Delivery Area,Delivery Area,11503,Hawkesbury,115,Sydney - Baulkham Hills and Hawkesbury,R3,Updated 6-Feb-2020
2758,2250,UPPER MANGROVE,NSW,151.189243,-33.325373,Delivery Area,Delivery Area,11503,Hawkesbury,115,Sydney - Baulkham Hills and Hawkesbury,R3,Updated 6-Feb-2020
2759,2250,WENDOREE PARK,NSW,151.189243,-33.325373,Delivery Area,Delivery Area,11503,Hawkesbury,115,Sydney - Baulkham Hills and Hawkesbury,R3,Updated 6-Feb-2020
20232,2250,WEST GOSFORD,NSW,151.3236249,-33.4220092,Delivery Area,Delivery Area,11503,Hawkesbury,115,Sydney - Baulkham Hills and Hawkesbury,R3,Updated 6-Feb-2020
2760,2250,WYOMING,NSW,151.189243,-33.325373,Delivery Area,Delivery Area,11503,Hawkesbury,115,Sydney - Baulkham Hills and Hawkesbury,R3,Updated 6-Feb-2020
2761,2251,AVOCA BEACH,NSW,151.401999,-33.482209,Delivery Area,Delivery Area,10201,Gosford,102,Central Coast,R3,Updated 6-Feb-2020
2762,2251,BENSVILLE,NSW,151.401999,-33.482209,Delivery Area,Delivery Area,10201,Gosford,102,Central Coast,R3,Updated 6-Feb-2020
2763,2251,BOUDDI,NSW,151.401999,-33.482209,Delivery Area,Delivery Area,10201,Gosford,102,Central Coast,R3,Updated 6-Feb-2020
2764,2251,COPACABANA,NSW,151.401999,-33.482209,Delivery Area,Delivery Area,10201,Gosford,102,Central Coast,R3,Updated 6-Feb-2020
2765,2251,DAVISTOWN,NSW,151.401999,-33.482209,Delivery Area,Delivery Area,10201,Gosford,102,Central Coast,R3,Updated 6-Feb-2020
2766,2251,GREEN POINT,NSW,151.401999,-33.482209,Delivery Area,Delivery Area,10201,Gosford,102,Central Coast,R3,Updated 6-Feb-2020
2488,2251,KINCUMBER,NSW,151.401999,-33.482209,Delivery Area,Delivery Area,10201,Gosford,102,Central Coast,R3,Updated 6-Feb-2020
2489,2251,KINCUMBER SOUTH,NSW,151.401999,-33.482209,Delivery Area,Delivery Area,10201,Gosford,102,Central Coast,R3,Updated 6-Feb-2020
2490,2251,MACMASTERS BEACH,NSW,151.401999,-33.482209,Delivery Area,Delivery Area,10201,Gosford,102,Central Coast,R3,Updated 6-Feb-2020
2491,2251,PICKETTS VALLEY,NSW,151.401999,-33.482209,Delivery Area,Delivery Area,10201,Gosford,102,Central Coast,R3,Updated 6-Feb-2020
2492,2251,SARATOGA,NSW,151.401999,-33.482209,Delivery Area,Delivery Area,10201,Gosford,102,Central Coast,R3,Updated 6-Feb-2020
2493,2251,YATTALUNGA,NSW,151.401999,-33.482209,Delivery Area,Delivery Area,10201,Gosford,102,Central Coast,R3,Updated 6-Feb-2020
2494,2252,CENTRAL COAST MC,NSW,,,,,,,,,R3,
2495,2256,BLACKWALL,NSW,151.331154,-33.482123,Delivery Area,Delivery Area,10201,Gosford,102,Central Coast,R3,Updated 6-Feb-2020
2496,2256,HORSFIELD BAY,NSW,151.331154,-33.482123,Delivery Area,Delivery Area,10201,Gosford,102,Central Coast,R3,Updated 6-Feb-2020
2497,2256,KOOLEWONG,NSW,151.331154,-33.482123,Delivery Area,Delivery Area,10201,Gosford,102,Central Coast,R3,Updated 6-Feb-2020
2498,2256,LITTLE WOBBY,NSW,151.331154,-33.482123,Delivery Area,Delivery Area,10201,Gosford,102,Central Coast,R3,Updated 6-Feb-2020
2499,2256,PATONGA,NSW,151.331154,-33.482123,Delivery Area,Delivery Area,10201,Gosford,102,Central Coast,R3,Updated 6-Feb-2020
2500,2256,PEARL BEACH,NSW,151.331154,-33.482123,Delivery Area,Delivery Area,10201,Gosford,102,Central Coast,R3,Updated 6-Feb-2020
2501,2256,PHEGANS BAY,NSW,151.331154,-33.482123,Delivery Area,Delivery Area,10201,Gosford,102,Central Coast,R3,Updated 6-Feb-2020
2502,2256,WONDABYNE,NSW,151.331154,-33.482123,Delivery Area,Delivery Area,10201,Gosford,102,Central Coast,R3,Updated 6-Feb-2020
2503,2256,WOY WOY,NSW,151.331154,-33.482123,Delivery Area,Delivery Area,10201,Gosford,102,Central Coast,R3,Updated 6-Feb-2020
2504,2256,WOY WOY BAY,NSW,151.331154,-33.482123,Delivery Area,Delivery Area,10201,Gosford,102,Central Coast,R3,Updated 6-Feb-2020
2505,2257,BOOKER BAY,NSW,151.374403,-33.520358,Delivery Area,Delivery Area,10201,Gosford,102,Central Coast,R3,Updated 6-Feb-2020
2506,2257,BOX HEAD,NSW,151.374403,-33.520358,Delivery Area,Delivery Area,10201,Gosford,102,Central Coast,R3,Updated 6-Feb-2020
2507,2257,DALEYS POINT,NSW,151.374403,-33.520358,Delivery Area,Delivery Area,10201,Gosford,102,Central Coast,R3,Updated 6-Feb-2020
2508,2257,EMPIRE BAY,NSW,151.374403,-33.520358,Delivery Area,Delivery Area,10201,Gosford,102,Central Coast,R3,Updated 6-Feb-2020
2509,2257,ETTALONG BEACH,NSW,151.374403,-33.520358,Delivery Area,Delivery Area,10201,Gosford,102,Central Coast,R3,Updated 6-Feb-2020
2510,2257,HARDYS BAY,NSW,151.374403,-33.520358,Delivery Area,Delivery Area,10201,Gosford,102,Central Coast,R3,Updated 6-Feb-2020
2511,2257,KILLCARE,NSW,151.374403,-33.520358,Delivery Area,Delivery Area,10201,Gosford,102,Central Coast,R3,Updated 6-Feb-2020
2512,2257,KILLCARE HEIGHTS,NSW,151.374403,-33.520358,Delivery Area,Delivery Area,10201,Gosford,102,Central Coast,R3,Updated 6-Feb-2020
2513,2257,PRETTY BEACH,NSW,151.374403,-33.520358,Delivery Area,Delivery Area,10201,Gosford,102,Central Coast,R3,Updated 6-Feb-2020
2514,2257,ST HUBERTS ISLAND,NSW,151.374403,-33.520358,Delivery Area,Delivery Area,10201,Gosford,102,Central Coast,R3,Updated 6-Feb-2020
2515,2257,UMINA BEACH,NSW,151.374403,-33.520358,Delivery Area,Delivery Area,10201,Gosford,102,Central Coast,R3,Updated 6-Feb-2020
2516,2257,WAGSTAFFE,NSW,151.374403,-33.520358,Delivery Area,Delivery Area,10201,Gosford,102,Central Coast,R3,Updated 6-Feb-2020
2517,2258,FOUNTAINDALE,NSW,151.3433,-33.333187,Delivery Area,Delivery Area,10202,Wyong,102,Central Coast,R3,Updated 6-Feb-2020
2518,2258,KANGY ANGY,NSW,151.3433,-33.333187,Delivery Area,Delivery Area,10202,Wyong,102,Central Coast,R3,Updated 6-Feb-2020
2519,2258,OURIMBAH,NSW,151.3433,-33.333187,Delivery Area,Delivery Area,10202,Wyong,102,Central Coast,R3,Updated 6-Feb-2020
2520,2258,PALM GROVE,NSW,151.3433,-33.333187,Delivery Area,Delivery Area,10202,Wyong,102,Central Coast,R3,Updated 6-Feb-2020
2521,2258,PALMDALE,NSW,151.3433,-33.333187,Delivery Area,Delivery Area,10202,Wyong,102,Central Coast,R3,Updated 6-Feb-2020
2522,2259,ALISON,NSW,151.377213,-33.208801,Delivery Area,Delivery Area,11102,Lake Macquarie - West,111,Newcastle and Lake Macquarie,R2,Updated 6-Feb-2020
20233,2259,BUSHELLS RIDGE,NSW,151.4724539,-33.20316723,Delivery Area,Delivery Area,11102,Lake Macquarie - West,111,Newcastle and Lake Macquarie,R2,Updated 6-Feb-2020
2523,2259,CEDAR BRUSH CREEK,NSW,151.377213,-33.208801,Delivery Area,Delivery Area,11102,Lake Macquarie - West,111,Newcastle and Lake Macquarie,R2,Updated 6-Feb-2020
2524,2259,CHAIN VALLEY BAY,NSW,151.377213,-33.208801,Delivery Area,Delivery Area,11102,Lake Macquarie - West,111,Newcastle and Lake Macquarie,R2,Updated 6-Feb-2020
2525,2259,CRANGAN BAY,NSW,151.377213,-33.208801,Delivery Area,Delivery Area,11102,Lake Macquarie - West,111,Newcastle and Lake Macquarie,R2,Updated 6-Feb-2020
2526,2259,DOORALONG,NSW,151.377213,-33.208801,Delivery Area,Delivery Area,11102,Lake Macquarie - West,111,Newcastle and Lake Macquarie,R2,Updated 6-Feb-2020
2527,2259,DURREN DURREN,NSW,151.377213,-33.208801,Delivery Area,Delivery Area,11102,Lake Macquarie - West,111,Newcastle and Lake Macquarie,R2,Updated 6-Feb-2020
2528,2259,FRAZER PARK,NSW,151.377213,-33.208801,Delivery Area,Delivery Area,11102,Lake Macquarie - West,111,Newcastle and Lake Macquarie,R2,Updated 6-Feb-2020
20234,2259,FREEMANS,NSW,151.5934949,-33.20066983,Delivery Area,Delivery Area,11102,Lake Macquarie - West,111,Newcastle and Lake Macquarie,R2,Updated 6-Feb-2020
2529,2259,GWANDALAN,NSW,151.377213,-33.208801,Delivery Area,Delivery Area,11102,Lake Macquarie - West,111,Newcastle and Lake Macquarie,R2,Updated 6-Feb-2020
2530,2259,HALLORAN,NSW,151.377213,-33.208801,Delivery Area,Delivery Area,11102,Lake Macquarie - West,111,Newcastle and Lake Macquarie,R2,Updated 6-Feb-2020
2531,2259,HAMLYN TERRACE,NSW,151.377213,-33.208801,Delivery Area,Delivery Area,11102,Lake Macquarie - West,111,Newcastle and Lake Macquarie,R2,Updated 6-Feb-2020
2532,2259,JILLIBY,NSW,151.377213,-33.208801,Delivery Area,Delivery Area,11102,Lake Macquarie - West,111,Newcastle and Lake Macquarie,R2,Updated 6-Feb-2020
2533,2259,KANWAL,NSW,151.377213,-33.208801,Delivery Area,Delivery Area,11102,Lake Macquarie - West,111,Newcastle and Lake Macquarie,R2,Updated 6-Feb-2020
20235,2259,KIAR,NSW,151.4435371,-33.20712254,Delivery Area,Delivery Area,11102,Lake Macquarie - West,111,Newcastle and Lake Macquarie,R2,Updated 6-Feb-2020
20236,2259,KINGFISHER SHORES,NSW,151.5568306,-33.17074569,Delivery Area,Delivery Area,11102,Lake Macquarie - West,111,Newcastle and Lake Macquarie,R2,Updated 6-Feb-2020
2534,2259,LAKE MUNMORAH,NSW,151.377213,-33.208801,Delivery Area,Delivery Area,11102,Lake Macquarie - West,111,Newcastle and Lake Macquarie,R2,Updated 6-Feb-2020
2535,2259,LEMON TREE,NSW,151.377213,-33.208801,Delivery Area,Delivery Area,11102,Lake Macquarie - West,111,Newcastle and Lake Macquarie,R2,Updated 6-Feb-2020
2536,2259,LITTLE JILLIBY,NSW,151.377213,-33.208801,Delivery Area,Delivery Area,11102,Lake Macquarie - West,111,Newcastle and Lake Macquarie,R2,Updated 6-Feb-2020
2537,2259,MANNERING PARK,NSW,151.377213,-33.208801,Delivery Area,Delivery Area,11102,Lake Macquarie - West,111,Newcastle and Lake Macquarie,R2,Updated 6-Feb-2020
2538,2259,MARDI,NSW,151.377213,-33.208801,Delivery Area,Delivery Area,11102,Lake Macquarie - West,111,Newcastle and Lake Macquarie,R2,Updated 6-Feb-2020
20237,2259,MOONEE,NSW,151.6212133,-33.17122783,Delivery Area,Delivery Area,11102,Lake Macquarie - West,111,Newcastle and Lake Macquarie,R2,Updated 6-Feb-2020
2539,2259,POINT WOLSTONCROFT,NSW,151.377213,-33.208801,Delivery Area,Delivery Area,11102,Lake Macquarie - West,111,Newcastle and Lake Macquarie,R2,Updated 6-Feb-2020
2540,2259,RAVENSDALE,NSW,151.377213,-33.208801,Delivery Area,Delivery Area,11102,Lake Macquarie - West,111,Newcastle and Lake Macquarie,R2,Updated 6-Feb-2020
2541,2259,ROCKY POINT,NSW,151.377213,-33.208801,Delivery Area,Delivery Area,11102,Lake Macquarie - West,111,Newcastle and Lake Macquarie,R2,Updated 6-Feb-2020
2542,2259,SOUTH TACOMA,NSW,151.377213,-33.208801,,,11102,Lake Macquarie - West,111,Newcastle and Lake Macquarie,R2,Updated 6-Feb-2020
2543,2259,SUMMERLAND POINT,NSW,151.377213,-33.208801,Delivery Area,Delivery Area,11102,Lake Macquarie - West,111,Newcastle and Lake Macquarie,R2,Updated 6-Feb-2020
2544,2259,TACOMA,NSW,151.377213,-33.208801,Delivery Area,Delivery Area,11102,Lake Macquarie - West,111,Newcastle and Lake Macquarie,R2,Updated 6-Feb-2020
20238,2259,TACOMA SOUTH,NSW,151.4552558,-33.29381251,Delivery Area,Delivery Area,11102,Lake Macquarie - West,111,Newcastle and Lake Macquarie,R2,Updated 6-Feb-2020
2545,2259,TUGGERAH,NSW,151.377213,-33.208801,Delivery Area,Delivery Area,11102,Lake Macquarie - West,111,Newcastle and Lake Macquarie,R2,Updated 6-Feb-2020
2546,2259,TUGGERAWONG,NSW,151.377213,-33.208801,Delivery Area,Delivery Area,11102,Lake Macquarie - West,111,Newcastle and Lake Macquarie,R2,Updated 6-Feb-2020
2547,2259,WADALBA,NSW,151.377213,-33.208801,Delivery Area,Delivery Area,11102,Lake Macquarie - West,111,Newcastle and Lake Macquarie,R2,Updated 6-Feb-2020
2548,2259,WALLARAH,NSW,151.377213,-33.208801,Delivery Area,Delivery Area,11102,Lake Macquarie - West,111,Newcastle and Lake Macquarie,R2,Updated 6-Feb-2020
2549,2259,WARNERVALE,NSW,151.377213,-33.208801,Delivery Area,Delivery Area,11102,Lake Macquarie - West,111,Newcastle and Lake Macquarie,R2,Updated 6-Feb-2020
2550,2259,WATANOBBI,NSW,151.377213,-33.208801,Delivery Area,Delivery Area,11102,Lake Macquarie - West,111,Newcastle and Lake Macquarie,R2,Updated 6-Feb-2020
2551,2259,WOONGARRAH,NSW,151.377213,-33.208801,Delivery Area,Delivery Area,11102,Lake Macquarie - West,111,Newcastle and Lake Macquarie,R2,Updated 6-Feb-2020
2552,2259,WYBUNG,NSW,151.377213,-33.208801,Delivery Area,Delivery Area,11102,Lake Macquarie - West,111,Newcastle and Lake Macquarie,R2,Updated 6-Feb-2020
2553,2259,WYEE,NSW,151.377213,-33.208801,Delivery Area,Delivery Area,11102,Lake Macquarie - West,111,Newcastle and Lake Macquarie,R2,Updated 6-Feb-2020
2554,2259,WYEE POINT,NSW,151.377213,-33.208801,Delivery Area,Delivery Area,11102,Lake Macquarie - West,111,Newcastle and Lake Macquarie,R2,Updated 6-Feb-2020
2555,2259,WYONG,NSW,151.377213,-33.208801,Delivery Area,Delivery Area,11102,Lake Macquarie - West,111,Newcastle and Lake Macquarie,R2,Updated 6-Feb-2020
2556,2259,WYONG CREEK,NSW,151.377213,-33.208801,Delivery Area,Delivery Area,11102,Lake Macquarie - West,111,Newcastle and Lake Macquarie,R2,Updated 6-Feb-2020
2557,2259,WYONGAH,NSW,151.377213,-33.208801,Delivery Area,Delivery Area,11102,Lake Macquarie - West,111,Newcastle and Lake Macquarie,R2,Updated 6-Feb-2020
2558,2259,YARRAMALONG,NSW,151.377213,-33.208801,Delivery Area,Delivery Area,11102,Lake Macquarie - West,111,Newcastle and Lake Macquarie,R2,Updated 6-Feb-2020
2559,2260,ERINA HEIGHTS,NSW,151.436939,-33.42537,Delivery Area,Delivery Area,10202,Wyong,102,Central Coast,R3,Updated 6-Feb-2020
2560,2260,FORRESTERS BEACH,NSW,151.436939,-33.42537,Delivery Area,Delivery Area,10202,Wyong,102,Central Coast,R3,Updated 6-Feb-2020
2561,2260,NORTH AVOCA,NSW,151.436939,-33.42537,Delivery Area,Delivery Area,10202,Wyong,102,Central Coast,R3,Updated 6-Feb-2020
2562,2260,TERRIGAL,NSW,151.436939,-33.42537,Delivery Area,Delivery Area,10202,Wyong,102,Central Coast,R3,Updated 6-Feb-2020
2563,2260,WAMBERAL,NSW,151.436939,-33.42537,Delivery Area,Delivery Area,10202,Wyong,102,Central Coast,R3,Updated 6-Feb-2020
2564,2261,BATEAU BAY,NSW,151.519708,-33.315827,Delivery Area,Delivery Area,10202,Wyong,102,Central Coast,R3,Updated 6-Feb-2020
2565,2261,BAY VILLAGE,NSW,151.519708,-33.315827,Delivery Area,Delivery Area,10202,Wyong,102,Central Coast,R3,Updated 6-Feb-2020
2566,2261,BERKELEY VALE,NSW,151.519708,-33.315827,Delivery Area,Delivery Area,10202,Wyong,102,Central Coast,R3,Updated 6-Feb-2020
2567,2261,BLUE BAY,NSW,151.519708,-33.315827,Delivery Area,Delivery Area,10202,Wyong,102,Central Coast,R3,Updated 6-Feb-2020
2568,2261,CHITTAWAY BAY,NSW,151.519708,-33.315827,Delivery Area,Delivery Area,10202,Wyong,102,Central Coast,R3,Updated 6-Feb-2020
2569,2261,CHITTAWAY POINT,NSW,151.519708,-33.315827,Delivery Area,Delivery Area,10202,Wyong,102,Central Coast,R3,Updated 6-Feb-2020
2570,2261,GLENNING VALLEY,NSW,151.519708,-33.315827,Delivery Area,Delivery Area,10202,Wyong,102,Central Coast,R3,Updated 6-Feb-2020
2571,2261,KILLARNEY VALE,NSW,151.519708,-33.315827,Delivery Area,Delivery Area,10202,Wyong,102,Central Coast,R3,Updated 6-Feb-2020
2572,2261,LONG JETTY,NSW,151.519708,-33.315827,Delivery Area,Delivery Area,10202,Wyong,102,Central Coast,R3,Updated 6-Feb-2020
20239,2261,MAGENTA,NSW,151.5350654,-33.30022987,Delivery Area,Delivery Area,10202,Wyong,102,Central Coast,R3,Updated 6-Feb-2020
2573,2261,SHELLY BEACH,NSW,151.519708,-33.315827,Delivery Area,Delivery Area,10202,Wyong,102,Central Coast,R3,Updated 6-Feb-2020
2574,2261,THE ENTRANCE,NSW,151.519708,-33.315827,Delivery Area,Delivery Area,10202,Wyong,102,Central Coast,R3,Updated 6-Feb-2020
2575,2261,THE ENTRANCE NORTH,NSW,151.519708,-33.315827,Delivery Area,Delivery Area,10202,Wyong,102,Central Coast,R3,Updated 6-Feb-2020
2576,2261,TOOWOON BAY,NSW,151.519708,-33.315827,Delivery Area,Delivery Area,10202,Wyong,102,Central Coast,R3,Updated 6-Feb-2020
2577,2261,TUMBI UMBI,NSW,151.519708,-33.315827,Delivery Area,Delivery Area,10202,Wyong,102,Central Coast,R3,Updated 6-Feb-2020
2578,2262,BLUE HAVEN,NSW,151.528042,-33.209125,Delivery Area,Delivery Area,10202,Wyong,102,Central Coast,R3,Updated 6-Feb-2020
2579,2262,BUDGEWOI,NSW,151.528042,-33.209125,Delivery Area,Delivery Area,10202,Wyong,102,Central Coast,R3,Updated 6-Feb-2020
20240,2262,BUDGEWOI PENINSULA,NSW,151.5866994,-33.2156601,Delivery Area,Delivery Area,10202,Wyong,102,Central Coast,R3,Updated 6-Feb-2020
2580,2262,BUFF POINT,NSW,151.528042,-33.209125,Delivery Area,Delivery Area,10202,Wyong,102,Central Coast,R3,Updated 6-Feb-2020
20241,2262,COLONGRA,NSW,151.5435763,-33.20669829,Delivery Area,Delivery Area,10202,Wyong,102,Central Coast,R3,Updated 6-Feb-2020
2581,2262,DOYALSON,NSW,151.528042,-33.209125,Delivery Area,Delivery Area,10202,Wyong,102,Central Coast,R3,Updated 6-Feb-2020
20242,2262,DOYALSON NORTH,NSW,151.546024,-33.18557406,Delivery Area,Delivery Area,10202,Wyong,102,Central Coast,R3,Updated 6-Feb-2020
2582,2262,HALEKULANI,NSW,151.528042,-33.209125,Delivery Area,Delivery Area,10202,Wyong,102,Central Coast,R3,Updated 6-Feb-2020
2583,2262,SAN REMO,NSW,151.528042,-33.209125,Delivery Area,Delivery Area,10202,Wyong,102,Central Coast,R3,Updated 6-Feb-2020
2584,2263,CANTON BEACH,NSW,151.556223,-33.285097,Delivery Area,Delivery Area,10202,Wyong,102,Central Coast,R3,Updated 6-Feb-2020
2585,2263,CHARMHAVEN,NSW,151.556223,-33.285097,Delivery Area,Delivery Area,10202,Wyong,102,Central Coast,R3,Updated 6-Feb-2020
2586,2263,GOROKAN,NSW,151.556223,-33.285097,Delivery Area,Delivery Area,10202,Wyong,102,Central Coast,R3,Updated 6-Feb-2020
2587,2263,LAKE HAVEN,NSW,151.556223,-33.285097,Delivery Area,Delivery Area,10202,Wyong,102,Central Coast,R3,Updated 6-Feb-2020
2588,2263,NORAH HEAD,NSW,151.556223,-33.285097,Delivery Area,Delivery Area,10202,Wyong,102,Central Coast,R3,Updated 6-Feb-2020
2589,2263,NORAVILLE,NSW,151.556223,-33.285097,Delivery Area,Delivery Area,10202,Wyong,102,Central Coast,R3,Updated 6-Feb-2020
2590,2263,TOUKLEY,NSW,151.556223,-33.285097,Delivery Area,Delivery Area,10202,Wyong,102,Central Coast,R3,Updated 6-Feb-2020
2591,2264,BALCOLYN,NSW,151.533807,-33.106675,Delivery Area,Delivery Area,11102,Lake Macquarie - West,111,Newcastle and Lake Macquarie,R2,Updated 6-Feb-2020
2592,2264,BONNELLS BAY,NSW,151.533807,-33.106675,Delivery Area,Delivery Area,11102,Lake Macquarie - West,111,Newcastle and Lake Macquarie,R2,Updated 6-Feb-2020
2593,2264,BRIGHTWATERS,NSW,151.533807,-33.106675,Delivery Area,Delivery Area,11102,Lake Macquarie - West,111,Newcastle and Lake Macquarie,R2,Updated 6-Feb-2020
2594,2264,DORA CREEK,NSW,151.533807,-33.106675,Delivery Area,Delivery Area,11102,Lake Macquarie - West,111,Newcastle and Lake Macquarie,R2,Updated 6-Feb-2020
2595,2264,ERARING,NSW,151.533807,-33.106675,Delivery Area,Delivery Area,11102,Lake Macquarie - West,111,Newcastle and Lake Macquarie,R2,Updated 6-Feb-2020
2596,2264,MANDALONG,NSW,151.533807,-33.106675,Delivery Area,Delivery Area,11102,Lake Macquarie - West,111,Newcastle and Lake Macquarie,R2,Updated 6-Feb-2020
2597,2264,MIRRABOOKA,NSW,151.533807,-33.106675,Delivery Area,Delivery Area,11102,Lake Macquarie - West,111,Newcastle and Lake Macquarie,R2,Updated 6-Feb-2020
2598,2264,MORISSET,NSW,151.533807,-33.106675,Delivery Area,Delivery Area,11102,Lake Macquarie - West,111,Newcastle and Lake Macquarie,R2,Updated 6-Feb-2020
2599,2264,MORISSET PARK,NSW,151.533807,-33.106675,Delivery Area,Delivery Area,11102,Lake Macquarie - West,111,Newcastle and Lake Macquarie,R2,Updated 6-Feb-2020
2600,2264,MYUNA BAY,NSW,151.533807,-33.106675,Delivery Area,Delivery Area,11102,Lake Macquarie - West,111,Newcastle and Lake Macquarie,R2,Updated 6-Feb-2020
2601,2264,SILVERWATER,NSW,151.533807,-33.106675,Delivery Area,Delivery Area,11102,Lake Macquarie - West,111,Newcastle and Lake Macquarie,R2,Updated 6-Feb-2020
2602,2264,SUNSHINE,NSW,151.533807,-33.106675,,,11102,Lake Macquarie - West,111,Newcastle and Lake Macquarie,R2,Updated 6-Feb-2020
2603,2264,WINDERMERE PARK,NSW,151.533807,-33.106675,Delivery Area,Delivery Area,11102,Lake Macquarie - West,111,Newcastle and Lake Macquarie,R2,Updated 6-Feb-2020
2604,2264,YARRAWONGA PARK,NSW,151.533807,-33.106675,Delivery Area,Delivery Area,11102,Lake Macquarie - West,111,Newcastle and Lake Macquarie,R2,Updated 6-Feb-2020
2605,2265,COORANBONG,NSW,151.412119,-33.095552,Delivery Area,Delivery Area,11102,Lake Macquarie - West,111,Newcastle and Lake Macquarie,R2,Updated 6-Feb-2020
2606,2265,MARTINSVILLE,NSW,151.412119,-33.095552,Delivery Area,Delivery Area,11102,Lake Macquarie - West,111,Newcastle and Lake Macquarie,R2,Updated 6-Feb-2020
2607,2267,WANGI WANGI,NSW,151.591728,-33.086545,Delivery Area,Delivery Area,11102,Lake Macquarie - West,111,Newcastle and Lake Macquarie,R2,Updated 6-Feb-2020
2608,2278,BARNSLEY,NSW,151.590415,-32.932412,Delivery Area,Delivery Area,11102,Lake Macquarie - West,111,Newcastle and Lake Macquarie,R2,Updated 6-Feb-2020
2609,2278,KILLINGWORTH,NSW,151.590415,-32.932412,Delivery Area,Delivery Area,11102,Lake Macquarie - West,111,Newcastle and Lake Macquarie,R2,Updated 6-Feb-2020
2610,2278,WAKEFIELD,NSW,151.590415,-32.932412,Delivery Area,Delivery Area,11102,Lake Macquarie - West,111,Newcastle and Lake Macquarie,R2,Updated 6-Feb-2020
2611,2280,BELMONT,NSW,151.663175,-33.019715,Delivery Area,Delivery Area,11101,Lake Macquarie - East,111,Newcastle and Lake Macquarie,R2,Updated 6-Feb-2020
2612,2280,BELMONT NORTH,NSW,151.663175,-33.019715,Delivery Area,Delivery Area,11101,Lake Macquarie - East,111,Newcastle and Lake Macquarie,R2,Updated 6-Feb-2020
2613,2280,BELMONT SOUTH,NSW,151.663175,-33.019715,Delivery Area,Delivery Area,11101,Lake Macquarie - East,111,Newcastle and Lake Macquarie,R2,Updated 6-Feb-2020
2614,2280,CROUDACE BAY,NSW,151.663175,-33.019715,Delivery Area,Delivery Area,11101,Lake Macquarie - East,111,Newcastle and Lake Macquarie,R2,Updated 6-Feb-2020
2615,2280,FLORAVILLE,NSW,151.663175,-33.019715,Delivery Area,Delivery Area,11101,Lake Macquarie - East,111,Newcastle and Lake Macquarie,R2,Updated 6-Feb-2020
2616,2280,JEWELLS,NSW,151.663175,-33.019715,Delivery Area,Delivery Area,11101,Lake Macquarie - East,111,Newcastle and Lake Macquarie,R2,Updated 6-Feb-2020
2617,2280,MARKS POINT,NSW,151.663175,-33.019715,Delivery Area,Delivery Area,11101,Lake Macquarie - East,111,Newcastle and Lake Macquarie,R2,Updated 6-Feb-2020
2618,2280,VALENTINE,NSW,151.663175,-33.019715,Delivery Area,Delivery Area,11101,Lake Macquarie - East,111,Newcastle and Lake Macquarie,R2,Updated 6-Feb-2020
2619,2281,BLACKSMITHS,NSW,151.668857,-33.089963,Delivery Area,Delivery Area,11101,Lake Macquarie - East,111,Newcastle and Lake Macquarie,R2,Updated 6-Feb-2020
2620,2281,CAMS WHARF,NSW,151.668857,-33.089963,Delivery Area,Delivery Area,11101,Lake Macquarie - East,111,Newcastle and Lake Macquarie,R2,Updated 6-Feb-2020
2621,2281,CATHERINE HILL BAY,NSW,151.668857,-33.089963,Delivery Area,Delivery Area,11101,Lake Macquarie - East,111,Newcastle and Lake Macquarie,R2,Updated 6-Feb-2020
2622,2281,CAVES BEACH,NSW,151.668857,-33.089963,Delivery Area,Delivery Area,11101,Lake Macquarie - East,111,Newcastle and Lake Macquarie,R2,Updated 6-Feb-2020
2623,2281,LITTLE PELICAN,NSW,151.668857,-33.089963,Delivery Area,Delivery Area,11101,Lake Macquarie - East,111,Newcastle and Lake Macquarie,R2,Updated 6-Feb-2020
2624,2281,MIDDLE CAMP,NSW,151.668857,-33.089963,Delivery Area,Delivery Area,11101,Lake Macquarie - East,111,Newcastle and Lake Macquarie,R2,Updated 6-Feb-2020
20243,2281,MURRAYS BEACH,NSW,151.6230663,-33.11864875,Delivery Area,Delivery Area,11101,Lake Macquarie - East,111,Newcastle and Lake Macquarie,R2,Updated 6-Feb-2020
2625,2281,NORDS WHARF,NSW,151.668857,-33.089963,Delivery Area,Delivery Area,11101,Lake Macquarie - East,111,Newcastle and Lake Macquarie,R2,Updated 6-Feb-2020
2626,2281,PELICAN,NSW,151.668857,-33.089963,Delivery Area,Delivery Area,11101,Lake Macquarie - East,111,Newcastle and Lake Macquarie,R2,Updated 6-Feb-2020
20244,2281,PINNY BEACH,NSW,151.6356541,-33.11801816,Delivery Area,Delivery Area,11101,Lake Macquarie - East,111,Newcastle and Lake Macquarie,R2,Updated 6-Feb-2020
2350,2281,SWANSEA,NSW,151.668857,-33.089963,Delivery Area,Delivery Area,11101,Lake Macquarie - East,111,Newcastle and Lake Macquarie,R2,Updated 6-Feb-2020
2351,2281,SWANSEA HEADS,NSW,151.668857,-33.089963,Delivery Area,Delivery Area,11101,Lake Macquarie - East,111,Newcastle and Lake Macquarie,R2,Updated 6-Feb-2020
2352,2282,ELEEBANA,NSW,151.651275,-32.987279,Delivery Area,Delivery Area,11101,Lake Macquarie - East,111,Newcastle and Lake Macquarie,R2,Updated 6-Feb-2020
2353,2282,LAKELANDS,NSW,151.651275,-32.987279,Delivery Area,Delivery Area,11101,Lake Macquarie - East,111,Newcastle and Lake Macquarie,R2,Updated 6-Feb-2020
2354,2282,WARNERS BAY,NSW,151.651275,-32.987279,Delivery Area,Delivery Area,11101,Lake Macquarie - East,111,Newcastle and Lake Macquarie,R2,Updated 6-Feb-2020
2355,2283,ARCADIA VALE,NSW,151.57181,-33.019117,Delivery Area,Delivery Area,11102,Lake Macquarie - West,111,Newcastle and Lake Macquarie,R2,Updated 6-Feb-2020
2356,2283,AWABA,NSW,151.57181,-33.019117,Delivery Area,Delivery Area,11102,Lake Macquarie - West,111,Newcastle and Lake Macquarie,R2,Updated 6-Feb-2020
2357,2283,BALMORAL,NSW,151.57181,-33.019117,Delivery Area,Delivery Area,11102,Lake Macquarie - West,111,Newcastle and Lake Macquarie,R2,Updated 6-Feb-2020
2358,2283,BLACKALLS PARK,NSW,151.57181,-33.019117,Delivery Area,Delivery Area,11102,Lake Macquarie - West,111,Newcastle and Lake Macquarie,R2,Updated 6-Feb-2020
2359,2283,BOLTON POINT,NSW,151.57181,-33.019117,Delivery Area,Delivery Area,11102,Lake Macquarie - West,111,Newcastle and Lake Macquarie,R2,Updated 6-Feb-2020
2360,2283,BUTTABA,NSW,151.57181,-33.019117,Delivery Area,Delivery Area,11102,Lake Macquarie - West,111,Newcastle and Lake Macquarie,R2,Updated 6-Feb-2020
2361,2283,CAREY BAY,NSW,151.57181,-33.019117,Delivery Area,Delivery Area,11102,Lake Macquarie - West,111,Newcastle and Lake Macquarie,R2,Updated 6-Feb-2020
2362,2283,COAL POINT,NSW,151.57181,-33.019117,Delivery Area,Delivery Area,11102,Lake Macquarie - West,111,Newcastle and Lake Macquarie,R2,Updated 6-Feb-2020
2363,2283,FASSIFERN,NSW,151.57181,-33.019117,Delivery Area,Delivery Area,11102,Lake Macquarie - West,111,Newcastle and Lake Macquarie,R2,Updated 6-Feb-2020
2364,2283,FENNELL BAY,NSW,151.57181,-33.019117,Delivery Area,Delivery Area,11102,Lake Macquarie - West,111,Newcastle and Lake Macquarie,R2,Updated 6-Feb-2020
2365,2283,FISHING POINT,NSW,151.57181,-33.019117,Delivery Area,Delivery Area,11102,Lake Macquarie - West,111,Newcastle and Lake Macquarie,R2,Updated 6-Feb-2020
2366,2283,KILABEN BAY,NSW,151.57181,-33.019117,Delivery Area,Delivery Area,11102,Lake Macquarie - West,111,Newcastle and Lake Macquarie,R2,Updated 6-Feb-2020
2367,2283,RATHMINES,NSW,151.57181,-33.019117,Delivery Area,Delivery Area,11102,Lake Macquarie - West,111,Newcastle and Lake Macquarie,R2,Updated 6-Feb-2020
2368,2283,RYHOPE,NSW,151.57181,-33.019117,Delivery Area,Delivery Area,11102,Lake Macquarie - West,111,Newcastle and Lake Macquarie,R2,Updated 6-Feb-2020
2369,2283,TORONTO,NSW,151.57181,-33.019117,Delivery Area,Delivery Area,11102,Lake Macquarie - West,111,Newcastle and Lake Macquarie,R2,Updated 6-Feb-2020
2370,2284,ARGENTON,NSW,151.621183,-32.953236,Delivery Area,Delivery Area,11102,Lake Macquarie - West,111,Newcastle and Lake Macquarie,R2,Updated 6-Feb-2020
2371,2284,BOOLAROO,NSW,151.621183,-32.953236,Delivery Area,Delivery Area,11102,Lake Macquarie - West,111,Newcastle and Lake Macquarie,R2,Updated 6-Feb-2020
2372,2284,BOORAGUL,NSW,151.621183,-32.953236,Delivery Area,Delivery Area,11102,Lake Macquarie - West,111,Newcastle and Lake Macquarie,R2,Updated 6-Feb-2020
2373,2284,MARMONG POINT,NSW,151.621183,-32.953236,Delivery Area,Delivery Area,11102,Lake Macquarie - West,111,Newcastle and Lake Macquarie,R2,Updated 6-Feb-2020
2374,2284,SPEERS POINT,NSW,151.621183,-32.953236,Delivery Area,Delivery Area,11102,Lake Macquarie - West,111,Newcastle and Lake Macquarie,R2,Updated 6-Feb-2020
2375,2284,TERALBA,NSW,151.621183,-32.953236,Delivery Area,Delivery Area,11102,Lake Macquarie - West,111,Newcastle and Lake Macquarie,R2,Updated 6-Feb-2020
2376,2284,WOODRISING,NSW,151.621183,-32.953236,Delivery Area,Delivery Area,11102,Lake Macquarie - West,111,Newcastle and Lake Macquarie,R2,Updated 6-Feb-2020
2377,2285,CAMERON PARK,NSW,151.651095,-32.933305,Delivery Area,Delivery Area,11103,Newcastle,111,Newcastle and Lake Macquarie,R2,Updated 6-Feb-2020
2378,2285,CARDIFF,NSW,151.651095,-32.933305,Delivery Area,Delivery Area,11103,Newcastle,111,Newcastle and Lake Macquarie,R2,Updated 6-Feb-2020
2379,2285,CARDIFF HEIGHTS,NSW,151.651095,-32.933305,Delivery Area,Delivery Area,11103,Newcastle,111,Newcastle and Lake Macquarie,R2,Updated 6-Feb-2020
2380,2285,CARDIFF SOUTH,NSW,151.651095,-32.933305,Delivery Area,Delivery Area,11103,Newcastle,111,Newcastle and Lake Macquarie,R2,Updated 6-Feb-2020
2381,2285,EDGEWORTH,NSW,151.651095,-32.933305,Delivery Area,Delivery Area,11103,Newcastle,111,Newcastle and Lake Macquarie,R2,Updated 6-Feb-2020
2382,2285,GLENDALE,NSW,151.651095,-32.933305,Delivery Area,Delivery Area,11103,Newcastle,111,Newcastle and Lake Macquarie,R2,Updated 6-Feb-2020
2383,2285,MACQUARIE HILLS,NSW,151.651095,-32.933305,Delivery Area,Delivery Area,11103,Newcastle,111,Newcastle and Lake Macquarie,R2,Updated 6-Feb-2020
2384,2286,HOLMESVILLE,NSW,151.532669,-32.923321,Delivery Area,Delivery Area,11102,Lake Macquarie - West,111,Newcastle and Lake Macquarie,R2,Updated 6-Feb-2020
2385,2286,SEAHAMPTON,NSW,151.532669,-32.923321,Delivery Area,Delivery Area,11102,Lake Macquarie - West,111,Newcastle and Lake Macquarie,R2,Updated 6-Feb-2020
2386,2286,WEST WALLSEND,NSW,151.532669,-32.923321,Delivery Area,Delivery Area,11102,Lake Macquarie - West,111,Newcastle and Lake Macquarie,R2,Updated 6-Feb-2020
2387,2287,BIRMINGHAM GARDENS,NSW,151.65807,-32.892577,Delivery Area,Delivery Area,11103,Newcastle,111,Newcastle and Lake Macquarie,R2,Updated 6-Feb-2020
2388,2287,ELERMORE VALE,NSW,151.65807,-32.892577,Delivery Area,Delivery Area,11103,Newcastle,111,Newcastle and Lake Macquarie,R2,Updated 6-Feb-2020
2389,2287,FLETCHER,NSW,151.65807,-32.892577,Delivery Area,Delivery Area,11103,Newcastle,111,Newcastle and Lake Macquarie,R2,Updated 6-Feb-2020
2390,2287,MARYLAND,NSW,151.65807,-32.892577,Delivery Area,Delivery Area,11103,Newcastle,111,Newcastle and Lake Macquarie,R2,Updated 6-Feb-2020
2391,2287,MINMI,NSW,151.65807,-32.892577,Delivery Area,Delivery Area,11103,Newcastle,111,Newcastle and Lake Macquarie,R2,Updated 6-Feb-2020
2392,2287,RANKIN PARK,NSW,151.65807,-32.892577,Delivery Area,Delivery Area,11103,Newcastle,111,Newcastle and Lake Macquarie,R2,Updated 6-Feb-2020
2393,2287,SUMMER HILL,NSW,151.65807,-32.892577,Delivery Area,Delivery Area,11103,Newcastle,111,Newcastle and Lake Macquarie,R2,Updated 6-Feb-2020
2394,2287,WALLSEND,NSW,151.65807,-32.892577,Delivery Area,Delivery Area,11103,Newcastle,111,Newcastle and Lake Macquarie,R2,Updated 6-Feb-2020
22869,2287,WALLSEND DC,NSW,0,0,,,,,,,R2,Added 25-Mar-2020
2395,2287,WALLSEND SOUTH,NSW,151.65807,-32.892577,Delivery Area,Delivery Area,11103,Newcastle,111,Newcastle and Lake Macquarie,R2,Updated 6-Feb-2020
2396,2289,ADAMSTOWN,NSW,151.71008,-32.948567,Delivery Area,Delivery Area,11103,Newcastle,111,Newcastle and Lake Macquarie,R2,Updated 6-Feb-2020
2397,2289,ADAMSTOWN HEIGHTS,NSW,151.71008,-32.948567,Delivery Area,Delivery Area,11103,Newcastle,111,Newcastle and Lake Macquarie,R2,Updated 6-Feb-2020
2398,2289,GARDEN SUBURB,NSW,151.71008,-32.948567,Delivery Area,Delivery Area,11103,Newcastle,111,Newcastle and Lake Macquarie,R2,Updated 6-Feb-2020
2399,2289,HIGHFIELDS,NSW,151.71008,-32.948567,Delivery Area,Delivery Area,11103,Newcastle,111,Newcastle and Lake Macquarie,R2,Updated 6-Feb-2020
2400,2289,KOTARA,NSW,151.71008,-32.948567,Delivery Area,Delivery Area,11103,Newcastle,111,Newcastle and Lake Macquarie,R2,Updated 6-Feb-2020
2401,2289,KOTARA FAIR,NSW,151.71008,-32.948567,,,11103,Newcastle,111,Newcastle and Lake Macquarie,R2,Updated 6-Feb-2020
2402,2289,KOTARA SOUTH,NSW,151.71008,-32.948567,Delivery Area,Delivery Area,11103,Newcastle,111,Newcastle and Lake Macquarie,R2,Updated 6-Feb-2020
2403,2290,BENNETTS GREEN,NSW,151.707801,-32.983963,Delivery Area,Delivery Area,11103,Newcastle,111,Newcastle and Lake Macquarie,R2,Updated 6-Feb-2020
2404,2290,CHARLESTOWN,NSW,151.707801,-32.983963,Delivery Area,Delivery Area,11103,Newcastle,111,Newcastle and Lake Macquarie,R2,Updated 6-Feb-2020
2405,2290,DUDLEY,NSW,151.707801,-32.983963,Delivery Area,Delivery Area,11103,Newcastle,111,Newcastle and Lake Macquarie,R2,Updated 6-Feb-2020
2406,2290,GATESHEAD,NSW,151.707801,-32.983963,Delivery Area,Delivery Area,11103,Newcastle,111,Newcastle and Lake Macquarie,R2,Updated 6-Feb-2020
2407,2290,HILLSBOROUGH,NSW,151.707801,-32.983963,Delivery Area,Delivery Area,11103,Newcastle,111,Newcastle and Lake Macquarie,R2,Updated 6-Feb-2020
2408,2290,KAHIBAH,NSW,151.707801,-32.983963,Delivery Area,Delivery Area,11103,Newcastle,111,Newcastle and Lake Macquarie,R2,Updated 6-Feb-2020
2409,2290,MOUNT HUTTON,NSW,151.707801,-32.983963,Delivery Area,Delivery Area,11103,Newcastle,111,Newcastle and Lake Macquarie,R2,Updated 6-Feb-2020
2410,2290,REDHEAD,NSW,151.707801,-32.983963,Delivery Area,Delivery Area,11103,Newcastle,111,Newcastle and Lake Macquarie,R2,Updated 6-Feb-2020
2411,2290,TINGIRA HEIGHTS,NSW,151.707801,-32.983963,Delivery Area,Delivery Area,11103,Newcastle,111,Newcastle and Lake Macquarie,R2,Updated 6-Feb-2020
2412,2290,WHITEBRIDGE,NSW,151.707801,-32.983963,Delivery Area,Delivery Area,11103,Newcastle,111,Newcastle and Lake Macquarie,R2,Updated 6-Feb-2020
2413,2291,MEREWETHER,NSW,151.742882,-32.951039,Delivery Area,Delivery Area,11103,Newcastle,111,Newcastle and Lake Macquarie,R2,Updated 6-Feb-2020
2414,2291,MEREWETHER HEIGHTS,NSW,151.742882,-32.951039,Delivery Area,Delivery Area,11103,Newcastle,111,Newcastle and Lake Macquarie,R2,Updated 6-Feb-2020
3401,2291,THE JUNCTION,NSW,151.742882,-32.951039,Delivery Area,Delivery Area,11103,Newcastle,111,Newcastle and Lake Macquarie,R2,Updated 6-Feb-2020
3402,2292,BROADMEADOW,NSW,151.740716,-32.931589,Delivery Area,Delivery Area,11103,Newcastle,111,Newcastle and Lake Macquarie,R2,Updated 6-Feb-2020
3403,2292,HAMILTON NORTH,NSW,151.740716,-32.931589,Delivery Area,Delivery Area,11103,Newcastle,111,Newcastle and Lake Macquarie,R2,Updated 6-Feb-2020
3404,2293,MARYVILLE,NSW,151.754696,-32.917776,Delivery Area,Delivery Area,11103,Newcastle,111,Newcastle and Lake Macquarie,R2,Updated 6-Feb-2020
3405,2293,WICKHAM,NSW,151.754696,-32.917776,Delivery Area,Delivery Area,11103,Newcastle,111,Newcastle and Lake Macquarie,R2,Updated 6-Feb-2020
3406,2294,CARRINGTON,NSW,151.767408,-32.915791,Delivery Area,Delivery Area,11103,Newcastle,111,Newcastle and Lake Macquarie,R2,Updated 6-Feb-2020
3407,2295,FERN BAY,NSW,151.80174,-32.879469,Delivery Area,Delivery Area,11103,Newcastle,111,Newcastle and Lake Macquarie,R2,Updated 6-Feb-2020
3408,2295,STOCKTON,NSW,151.80174,-32.879469,Delivery Area,Delivery Area,11103,Newcastle,111,Newcastle and Lake Macquarie,R2,Updated 6-Feb-2020
3409,2296,ISLINGTON,NSW,151.746237,-32.915698,Delivery Area,Delivery Area,11103,Newcastle,111,Newcastle and Lake Macquarie,R2,Updated 6-Feb-2020
3410,2297,TIGHES HILL,NSW,151.750126,-32.909135,Delivery Area,Delivery Area,11103,Newcastle,111,Newcastle and Lake Macquarie,R2,Updated 6-Feb-2020
3411,2298,GEORGETOWN,NSW,151.722243,-32.905633,Delivery Area,Delivery Area,11103,Newcastle,111,Newcastle and Lake Macquarie,R2,Updated 6-Feb-2020
3412,2298,WARATAH,NSW,151.722243,-32.905633,Delivery Area,Delivery Area,11103,Newcastle,111,Newcastle and Lake Macquarie,R2,Updated 6-Feb-2020
3413,2298,WARATAH WEST,NSW,151.722243,-32.905633,Delivery Area,Delivery Area,11103,Newcastle,111,Newcastle and Lake Macquarie,R2,Updated 6-Feb-2020
3414,2299,JESMOND,NSW,151.704581,-32.909816,Delivery Area,Delivery Area,11103,Newcastle,111,Newcastle and Lake Macquarie,R2,Updated 6-Feb-2020
3415,2299,LAMBTON,NSW,151.704581,-32.909816,Delivery Area,Delivery Area,11103,Newcastle,111,Newcastle and Lake Macquarie,R2,Updated 6-Feb-2020
3416,2299,NORTH LAMBTON,NSW,151.704581,-32.909816,Delivery Area,Delivery Area,11103,Newcastle,111,Newcastle and Lake Macquarie,R2,Updated 6-Feb-2020
3417,2300,BAR BEACH,NSW,151.778021,-32.931635,Delivery Area,Delivery Area,11103,Newcastle,111,Newcastle and Lake Macquarie,R2,Updated 6-Feb-2020
3418,2300,COOKS HILL,NSW,151.778021,-32.931635,Delivery Area,Delivery Area,11103,Newcastle,111,Newcastle and Lake Macquarie,R2,Updated 6-Feb-2020
3419,2300,NEWCASTLE,NSW,151.778021,-32.931635,Delivery Area,Delivery Area,11103,Newcastle,111,Newcastle and Lake Macquarie,R2,Updated 6-Feb-2020
3420,2300,NEWCASTLE EAST,NSW,151.778021,-32.931635,Delivery Area,Delivery Area,11103,Newcastle,111,Newcastle and Lake Macquarie,R2,Updated 6-Feb-2020
3421,2300,THE HILL,NSW,151.778021,-32.931635,Delivery Area,Delivery Area,11103,Newcastle,111,Newcastle and Lake Macquarie,R2,Updated 6-Feb-2020
3422,2302,NEWCASTLE WEST,NSW,151.752466,-32.931265,Delivery Area,Delivery Area,11103,Newcastle,111,Newcastle and Lake Macquarie,R2,Updated 6-Feb-2020
3423,2303,HAMILTON,NSW,151.743325,-32.924571,Delivery Area,Delivery Area,11103,Newcastle,111,Newcastle and Lake Macquarie,R2,Updated 6-Feb-2020
22841,2303,HAMILTON DC,NSW,0,0,,,,,,,R2,Added 25-Mar-2020
3424,2303,HAMILTON EAST,NSW,151.743325,-32.924571,Delivery Area,Delivery Area,11103,Newcastle,111,Newcastle and Lake Macquarie,R2,Updated 6-Feb-2020
3425,2303,HAMILTON SOUTH,NSW,151.743325,-32.924571,Delivery Area,Delivery Area,11103,Newcastle,111,Newcastle and Lake Macquarie,R2,Updated 6-Feb-2020
3426,2304,KOORAGANG,NSW,151.73862,-32.880319,Delivery Area,Delivery Area,11103,Newcastle,111,Newcastle and Lake Macquarie,R2,Updated 6-Feb-2020
3427,2304,MAYFIELD,NSW,151.73862,-32.880319,Delivery Area,Delivery Area,11103,Newcastle,111,Newcastle and Lake Macquarie,R2,Updated 6-Feb-2020
3428,2304,MAYFIELD EAST,NSW,151.73862,-32.880319,Delivery Area,Delivery Area,11103,Newcastle,111,Newcastle and Lake Macquarie,R2,Updated 6-Feb-2020
3429,2304,MAYFIELD NORTH,NSW,151.73862,-32.880319,Delivery Area,Delivery Area,11103,Newcastle,111,Newcastle and Lake Macquarie,R2,Updated 6-Feb-2020
3430,2304,MAYFIELD WEST,NSW,151.73862,-32.880319,Delivery Area,Delivery Area,11103,Newcastle,111,Newcastle and Lake Macquarie,R2,Updated 6-Feb-2020
3431,2304,SANDGATE,NSW,151.73862,-32.880319,Delivery Area,Delivery Area,11103,Newcastle,111,Newcastle and Lake Macquarie,R2,Updated 6-Feb-2020
3432,2304,WARABROOK,NSW,151.73862,-32.880319,Delivery Area,Delivery Area,11103,Newcastle,111,Newcastle and Lake Macquarie,R2,Updated 6-Feb-2020
3433,2305,KOTARA EAST,NSW,151.706545,-32.930221,Delivery Area,Delivery Area,11103,Newcastle,111,Newcastle and Lake Macquarie,R2,Updated 6-Feb-2020
3434,2305,NEW LAMBTON,NSW,151.706545,-32.930221,Delivery Area,Delivery Area,11103,Newcastle,111,Newcastle and Lake Macquarie,R2,Updated 6-Feb-2020
3435,2305,NEW LAMBTON HEIGHTS,NSW,151.706545,-32.930221,Delivery Area,Delivery Area,11103,Newcastle,111,Newcastle and Lake Macquarie,R2,Updated 6-Feb-2020
3436,2306,WINDALE,NSW,151.682517,-32.993286,Delivery Area,Delivery Area,11101,Lake Macquarie - East,111,Newcastle and Lake Macquarie,R2,Updated 6-Feb-2020
3437,2307,SHORTLAND,NSW,151.688102,-32.88365,Delivery Area,Delivery Area,11103,Newcastle,111,Newcastle and Lake Macquarie,R2,Updated 6-Feb-2020
3438,2308,CALLAGHAN,NSW,151.697356,-32.892884,Delivery Area,Delivery Area,11103,Newcastle,111,Newcastle and Lake Macquarie,R2,Updated 6-Feb-2020
3439,2308,NEWCASTLE UNIVERSITY,NSW,151.697356,-32.892884,Delivery Area,Delivery Area,11103,Newcastle,111,Newcastle and Lake Macquarie,R2,Updated 6-Feb-2020
3440,2309,DANGAR,NSW,148.890775,-30.352158,Delivery Area,Delivery Area,,,,,R1,Updated 25-Jan-2020
3441,2310,HUNTER REGION MC,NSW,,,,,,,,,R1,
3442,2311,ALLYNBROOK,NSW,151.522527,-32.3438,Delivery Area,Delivery Area,10601,Lower Hunter,106,Hunter Valley exc Newcastle,R3,Updated 6-Feb-2020
3443,2311,BINGLEBURRA,NSW,151.522527,-32.3438,Delivery Area,Delivery Area,10601,Lower Hunter,106,Hunter Valley exc Newcastle,R3,Updated 6-Feb-2020
3444,2311,BONNINGTON PARK,NSW,151.522527,-32.3438,,,10601,Lower Hunter,106,Hunter Valley exc Newcastle,R3,Updated 6-Feb-2020
3445,2311,CARRABOLLA,NSW,151.522527,-32.3438,Delivery Area,Delivery Area,10601,Lower Hunter,106,Hunter Valley exc Newcastle,R3,Updated 6-Feb-2020
3446,2311,EAST GRESFORD,NSW,151.522527,-32.3438,Delivery Area,Delivery Area,10601,Lower Hunter,106,Hunter Valley exc Newcastle,R3,Updated 6-Feb-2020
3447,2311,ECCLESTON,NSW,151.522527,-32.3438,Delivery Area,Delivery Area,10601,Lower Hunter,106,Hunter Valley exc Newcastle,R3,Updated 6-Feb-2020
3448,2311,GRESFORD,NSW,151.522527,-32.3438,Delivery Area,Delivery Area,10601,Lower Hunter,106,Hunter Valley exc Newcastle,R3,Updated 6-Feb-2020
3449,2311,HALTON,NSW,151.522527,-32.3438,Delivery Area,Delivery Area,10601,Lower Hunter,106,Hunter Valley exc Newcastle,R3,Updated 6-Feb-2020
3450,2311,LEWINSBROOK,NSW,151.522527,-32.3438,Delivery Area,Delivery Area,10601,Lower Hunter,106,Hunter Valley exc Newcastle,R3,Updated 6-Feb-2020
3451,2311,LOSTOCK,NSW,151.522527,-32.3438,Delivery Area,Delivery Area,10601,Lower Hunter,106,Hunter Valley exc Newcastle,R3,Updated 6-Feb-2020
3452,2311,MOUNT RIVERS,NSW,151.522527,-32.3438,Delivery Area,Delivery Area,10601,Lower Hunter,106,Hunter Valley exc Newcastle,R3,Updated 6-Feb-2020
20245,2311,UPPER ALLYN,NSW,151.4607343,-32.14597291,Delivery Area,Delivery Area,10601,Lower Hunter,106,Hunter Valley exc Newcastle,R3,Updated 6-Feb-2020
20246,2312,MINIMBAH,NSW,152.3722113,-32.16165072,Delivery Area,Delivery Area,10805,Taree - Gloucester,108,Mid North Coast,R3,Updated 6-Feb-2020
3453,2312,NABIAC,NSW,152.33084,-32.133322,Delivery Area,Delivery Area,10805,Taree - Gloucester,108,Mid North Coast,R3,Updated 6-Feb-2020
3454,2314,WILLIAMTOWN RAAF,NSW,151.840094,-32.797453,LVR,LVR,10603,Port Stephens,106,Hunter Valley exc Newcastle,R3,Updated 6-Feb-2020
3455,2315,CORLETTE,NSW,152.193698,-32.746224,Delivery Area,Delivery Area,10603,Port Stephens,106,Hunter Valley exc Newcastle,R3,Updated 6-Feb-2020
3456,2315,FINGAL BAY,NSW,152.193698,-32.746224,Delivery Area,Delivery Area,10603,Port Stephens,106,Hunter Valley exc Newcastle,R3,Updated 6-Feb-2020
3457,2315,GAN GAN,NSW,152.193698,-32.746224,,,10603,Port Stephens,106,Hunter Valley exc Newcastle,R3,Updated 6-Feb-2020
3458,2315,NELSON BAY,NSW,152.193698,-32.746224,Delivery Area,Delivery Area,10603,Port Stephens,106,Hunter Valley exc Newcastle,R3,Updated 6-Feb-2020
3459,2315,SHOAL BAY,NSW,152.193698,-32.746224,Delivery Area,Delivery Area,10603,Port Stephens,106,Hunter Valley exc Newcastle,R3,Updated 6-Feb-2020
3460,2316,ANNA BAY,NSW,152.083274,-32.776919,Delivery Area,Delivery Area,10603,Port Stephens,106,Hunter Valley exc Newcastle,R3,Updated 6-Feb-2020
3461,2316,BOAT HARBOUR,NSW,152.083274,-32.776919,Delivery Area,Delivery Area,10603,Port Stephens,106,Hunter Valley exc Newcastle,R3,Updated 6-Feb-2020
3462,2316,BOBS FARM,NSW,152.083274,-32.776919,Delivery Area,Delivery Area,10603,Port Stephens,106,Hunter Valley exc Newcastle,R3,Updated 6-Feb-2020
3463,2316,FISHERMANS BAY,NSW,152.083274,-32.776919,Delivery Area,Delivery Area,10603,Port Stephens,106,Hunter Valley exc Newcastle,R3,Updated 6-Feb-2020
3464,2316,ONE MILE,NSW,152.083274,-32.776919,Delivery Area,Delivery Area,10603,Port Stephens,106,Hunter Valley exc Newcastle,R3,Updated 6-Feb-2020
3465,2316,TAYLORS BEACH,NSW,152.083274,-32.776919,Delivery Area,Delivery Area,10603,Port Stephens,106,Hunter Valley exc Newcastle,R3,Updated 6-Feb-2020
3466,2317,SALAMANDER BAY,NSW,152.076399,-32.720937,Delivery Area,Delivery Area,10603,Port Stephens,106,Hunter Valley exc Newcastle,R3,Updated 6-Feb-2020
3467,2317,SOLDIERS POINT,NSW,152.076399,-32.720937,Delivery Area,Delivery Area,10603,Port Stephens,106,Hunter Valley exc Newcastle,R3,Updated 6-Feb-2020
3188,2318,CAMPVALE,NSW,151.851897,-32.769906,Delivery Area,Delivery Area,11103,Newcastle,111,Newcastle and Lake Macquarie,R3,Updated 6-Feb-2020
3189,2318,FERODALE,NSW,151.851897,-32.769906,Delivery Area,Delivery Area,11103,Newcastle,111,Newcastle and Lake Macquarie,R3,Updated 6-Feb-2020
3190,2318,FULLERTON COVE,NSW,151.851897,-32.769906,Delivery Area,Delivery Area,11103,Newcastle,111,Newcastle and Lake Macquarie,R3,Updated 6-Feb-2020
3191,2318,MEDOWIE,NSW,151.851897,-32.769906,Delivery Area,Delivery Area,11103,Newcastle,111,Newcastle and Lake Macquarie,R3,Updated 6-Feb-2020
3192,2318,OYSTER COVE,NSW,151.851897,-32.769906,Delivery Area,Delivery Area,11103,Newcastle,111,Newcastle and Lake Macquarie,R3,Updated 6-Feb-2020
3193,2318,SALT ASH,NSW,151.851897,-32.769906,Delivery Area,Delivery Area,11103,Newcastle,111,Newcastle and Lake Macquarie,R3,Updated 6-Feb-2020
3194,2318,WILLIAMTOWN,NSW,151.851897,-32.769906,Delivery Area,Delivery Area,11103,Newcastle,111,Newcastle and Lake Macquarie,R3,Updated 6-Feb-2020
3195,2319,LEMON TREE PASSAGE,NSW,152.039551,-32.730927,Delivery Area,Delivery Area,10603,Port Stephens,106,Hunter Valley exc Newcastle,R3,Updated 6-Feb-2020
3196,2319,MALLABULA,NSW,152.039551,-32.730927,Delivery Area,Delivery Area,10603,Port Stephens,106,Hunter Valley exc Newcastle,R3,Updated 6-Feb-2020
3197,2319,TANILBA BAY,NSW,152.039551,-32.730927,Delivery Area,Delivery Area,10603,Port Stephens,106,Hunter Valley exc Newcastle,R3,Updated 6-Feb-2020
20247,2319,TILLIGERRY CREEK,NSW,151.990451,-32.75944213,Delivery Area,Delivery Area,10603,Port Stephens,106,Hunter Valley exc Newcastle,R3,Updated 6-Feb-2020
3198,2320,ABERGLASSLYN,NSW,151.543675,-32.741737,Delivery Area,Delivery Area,10603,Port Stephens,106,Hunter Valley exc Newcastle,R3,Updated 6-Feb-2020
3199,2320,ALLANDALE,NSW,151.543675,-32.741737,Delivery Area,Delivery Area,10603,Port Stephens,106,Hunter Valley exc Newcastle,R3,Updated 6-Feb-2020
3200,2320,ANAMBAH,NSW,151.543675,-32.741737,Delivery Area,Delivery Area,10603,Port Stephens,106,Hunter Valley exc Newcastle,R3,Updated 6-Feb-2020
3201,2320,BOLWARRA,NSW,151.543675,-32.741737,Delivery Area,Delivery Area,10603,Port Stephens,106,Hunter Valley exc Newcastle,R3,Updated 6-Feb-2020
3202,2320,BOLWARRA HEIGHTS,NSW,151.543675,-32.741737,Delivery Area,Delivery Area,10603,Port Stephens,106,Hunter Valley exc Newcastle,R3,Updated 6-Feb-2020
3203,2320,FARLEY,NSW,151.543675,-32.741737,Delivery Area,Delivery Area,10603,Port Stephens,106,Hunter Valley exc Newcastle,R3,Updated 6-Feb-2020
3204,2320,GLEN OAK,NSW,151.543675,-32.741737,Delivery Area,Delivery Area,10603,Port Stephens,106,Hunter Valley exc Newcastle,R3,Updated 6-Feb-2020
3205,2320,GOSFORTH,NSW,151.543675,-32.741737,Delivery Area,Delivery Area,10603,Port Stephens,106,Hunter Valley exc Newcastle,R3,Updated 6-Feb-2020
3206,2320,HILLSBOROUGH,NSW,151.543675,-32.741737,Delivery Area,Delivery Area,10603,Port Stephens,106,Hunter Valley exc Newcastle,R3,Updated 6-Feb-2020
3207,2320,HORSESHOE BEND,NSW,151.543675,-32.741737,Delivery Area,Delivery Area,10603,Port Stephens,106,Hunter Valley exc Newcastle,R3,Updated 6-Feb-2020
3208,2320,KEINBAH,NSW,151.543675,-32.741737,Delivery Area,Delivery Area,10603,Port Stephens,106,Hunter Valley exc Newcastle,R3,Updated 6-Feb-2020
3209,2320,LARGS,NSW,151.543675,-32.741737,Delivery Area,Delivery Area,10603,Port Stephens,106,Hunter Valley exc Newcastle,R3,Updated 6-Feb-2020
3210,2320,LORN,NSW,151.543675,-32.741737,Delivery Area,Delivery Area,10603,Port Stephens,106,Hunter Valley exc Newcastle,R3,Updated 6-Feb-2020
3211,2320,LOUTH PARK,NSW,151.543675,-32.741737,Delivery Area,Delivery Area,10603,Port Stephens,106,Hunter Valley exc Newcastle,R3,Updated 6-Feb-2020
3212,2320,MAITLAND,NSW,151.543675,-32.741737,Delivery Area,Delivery Area,10603,Port Stephens,106,Hunter Valley exc Newcastle,R3,Updated 6-Feb-2020
3213,2320,MAITLAND NORTH,NSW,151.543675,-32.741737,Delivery Area,Delivery Area,10603,Port Stephens,106,Hunter Valley exc Newcastle,R3,Updated 6-Feb-2020
3214,2320,MAITLAND VALE,NSW,151.543675,-32.741737,Delivery Area,Delivery Area,10603,Port Stephens,106,Hunter Valley exc Newcastle,R3,Updated 6-Feb-2020
3215,2320,MELVILLE,NSW,151.543675,-32.741737,Delivery Area,Delivery Area,10603,Port Stephens,106,Hunter Valley exc Newcastle,R3,Updated 6-Feb-2020
3216,2320,MINDARIBBA,NSW,151.543675,-32.741737,Delivery Area,Delivery Area,10603,Port Stephens,106,Hunter Valley exc Newcastle,R3,Updated 6-Feb-2020
3217,2320,MOUNT DEE,NSW,151.543675,-32.741737,Delivery Area,Delivery Area,10603,Port Stephens,106,Hunter Valley exc Newcastle,R3,Updated 6-Feb-2020
3218,2320,OAKHAMPTON,NSW,151.543675,-32.741737,Delivery Area,Delivery Area,10603,Port Stephens,106,Hunter Valley exc Newcastle,R3,Updated 6-Feb-2020
3219,2320,OAKHAMPTON HEIGHTS,NSW,151.543675,-32.741737,Delivery Area,Delivery Area,10603,Port Stephens,106,Hunter Valley exc Newcastle,R3,Updated 6-Feb-2020
3220,2320,POKOLBIN,NSW,151.543675,-32.741737,Delivery Area,Delivery Area,10603,Port Stephens,106,Hunter Valley exc Newcastle,R3,Updated 6-Feb-2020
3221,2320,ROSEBROOK,NSW,151.543675,-32.741737,Delivery Area,Delivery Area,10603,Port Stephens,106,Hunter Valley exc Newcastle,R3,Updated 6-Feb-2020
3222,2320,ROTHBURY,NSW,151.543675,-32.741737,Delivery Area,Delivery Area,10603,Port Stephens,106,Hunter Valley exc Newcastle,R3,Updated 6-Feb-2020
3223,2320,RUTHERFORD,NSW,151.543675,-32.741737,Delivery Area,Delivery Area,10603,Port Stephens,106,Hunter Valley exc Newcastle,R3,Updated 6-Feb-2020
3224,2320,SOUTH MAITLAND,NSW,151.543675,-32.741737,Delivery Area,Delivery Area,10603,Port Stephens,106,Hunter Valley exc Newcastle,R3,Updated 6-Feb-2020
3225,2320,TELARAH,NSW,151.543675,-32.741737,Delivery Area,Delivery Area,10603,Port Stephens,106,Hunter Valley exc Newcastle,R3,Updated 6-Feb-2020
3226,2320,WALLALONG,NSW,151.543675,-32.741737,Delivery Area,Delivery Area,10603,Port Stephens,106,Hunter Valley exc Newcastle,R3,Updated 6-Feb-2020
3227,2320,WINDELLA,NSW,151.543675,-32.741737,Delivery Area,Delivery Area,10603,Port Stephens,106,Hunter Valley exc Newcastle,R3,Updated 6-Feb-2020
3228,2321,BERRY PARK,NSW,151.683702,-32.660186,Delivery Area,Delivery Area,10603,Port Stephens,106,Hunter Valley exc Newcastle,R3,Updated 6-Feb-2020
3229,2321,BUTTERWICK,NSW,151.683702,-32.660186,Delivery Area,Delivery Area,10603,Port Stephens,106,Hunter Valley exc Newcastle,R3,Updated 6-Feb-2020
3230,2321,CLARENCE TOWN,NSW,151.683702,-32.660186,Delivery Area,Delivery Area,10603,Port Stephens,106,Hunter Valley exc Newcastle,R3,Updated 6-Feb-2020
3231,2321,CLIFTLEIGH,NSW,151.683702,-32.660186,Delivery Area,Delivery Area,10603,Port Stephens,106,Hunter Valley exc Newcastle,R3,Updated 6-Feb-2020
3232,2321,DUCKENFIELD,NSW,151.683702,-32.660186,Delivery Area,Delivery Area,10603,Port Stephens,106,Hunter Valley exc Newcastle,R3,Updated 6-Feb-2020
3233,2321,DUNS CREEK,NSW,151.683702,-32.660186,Delivery Area,Delivery Area,10603,Port Stephens,106,Hunter Valley exc Newcastle,R3,Updated 6-Feb-2020
3234,2321,GILLIESTON HEIGHTS,NSW,151.683702,-32.660186,Delivery Area,Delivery Area,10603,Port Stephens,106,Hunter Valley exc Newcastle,R3,Updated 6-Feb-2020
3235,2321,GLEN MARTIN,NSW,151.683702,-32.660186,Delivery Area,Delivery Area,10603,Port Stephens,106,Hunter Valley exc Newcastle,R3,Updated 6-Feb-2020
3236,2321,GLEN WILLIAM,NSW,151.683702,-32.660186,Delivery Area,Delivery Area,10603,Port Stephens,106,Hunter Valley exc Newcastle,R3,Updated 6-Feb-2020
3237,2321,HARPERS HILL,NSW,151.683702,-32.660186,Delivery Area,Delivery Area,10603,Port Stephens,106,Hunter Valley exc Newcastle,R3,Updated 6-Feb-2020
3238,2321,HEDDON GRETA,NSW,151.683702,-32.660186,Delivery Area,Delivery Area,10603,Port Stephens,106,Hunter Valley exc Newcastle,R3,Updated 6-Feb-2020
3239,2321,HINTON,NSW,151.683702,-32.660186,Delivery Area,Delivery Area,10603,Port Stephens,106,Hunter Valley exc Newcastle,R3,Updated 6-Feb-2020
3240,2321,IONA,NSW,151.683702,-32.660186,,,10603,Port Stephens,106,Hunter Valley exc Newcastle,R3,Updated 6-Feb-2020
3241,2321,LOCHINVAR,NSW,151.683702,-32.660186,Delivery Area,Delivery Area,10603,Port Stephens,106,Hunter Valley exc Newcastle,R3,Updated 6-Feb-2020
3242,2321,LUSKINTYRE,NSW,151.683702,-32.660186,Delivery Area,Delivery Area,10603,Port Stephens,106,Hunter Valley exc Newcastle,R3,Updated 6-Feb-2020
3243,2321,MORPETH,NSW,151.683702,-32.660186,Delivery Area,Delivery Area,10603,Port Stephens,106,Hunter Valley exc Newcastle,R3,Updated 6-Feb-2020
3244,2321,OSWALD,NSW,151.683702,-32.660186,Delivery Area,Delivery Area,10603,Port Stephens,106,Hunter Valley exc Newcastle,R3,Updated 6-Feb-2020
3245,2321,PHOENIX PARK,NSW,151.683702,-32.660186,Delivery Area,Delivery Area,10603,Port Stephens,106,Hunter Valley exc Newcastle,R3,Updated 6-Feb-2020
3246,2321,RAWORTH,NSW,151.683702,-32.660186,Delivery Area,Delivery Area,10603,Port Stephens,106,Hunter Valley exc Newcastle,R3,Updated 6-Feb-2020
3247,2321,WINDERMERE,NSW,151.683702,-32.660186,,,10603,Port Stephens,106,Hunter Valley exc Newcastle,R3,Updated 6-Feb-2020
3248,2321,WOERDEN,NSW,151.683702,-32.660186,,,10603,Port Stephens,106,Hunter Valley exc Newcastle,R3,Updated 6-Feb-2020
3249,2321,WOODVILLE,NSW,151.683702,-32.660186,Delivery Area,Delivery Area,10603,Port Stephens,106,Hunter Valley exc Newcastle,R3,Updated 6-Feb-2020
3250,2322,BERESFIELD,NSW,151.65415,-32.819819,Delivery Area,Delivery Area,11103,Newcastle,111,Newcastle and Lake Macquarie,R3,Updated 6-Feb-2020
3251,2322,BLACK HILL,NSW,151.65415,-32.819819,Delivery Area,Delivery Area,11103,Newcastle,111,Newcastle and Lake Macquarie,R3,Updated 6-Feb-2020
20248,2322,CHISHOLM,NSW,151.636919,-32.75469624,Delivery Area,Delivery Area,11103,Newcastle,111,Newcastle and Lake Macquarie,R3,Updated 6-Feb-2020
3252,2322,HEXHAM,NSW,151.65415,-32.819819,Delivery Area,Delivery Area,11103,Newcastle,111,Newcastle and Lake Macquarie,R3,Updated 6-Feb-2020
3253,2322,LENAGHAN,NSW,151.65415,-32.819819,Delivery Area,Delivery Area,11103,Newcastle,111,Newcastle and Lake Macquarie,R3,Updated 6-Feb-2020
3254,2322,STOCKRINGTON,NSW,151.65415,-32.819819,Delivery Area,Delivery Area,11103,Newcastle,111,Newcastle and Lake Macquarie,R3,Updated 6-Feb-2020
3255,2322,TARRO,NSW,151.65415,-32.819819,Delivery Area,Delivery Area,11103,Newcastle,111,Newcastle and Lake Macquarie,R3,Updated 6-Feb-2020
3256,2322,THORNTON,NSW,151.65415,-32.819819,Delivery Area,Delivery Area,11103,Newcastle,111,Newcastle and Lake Macquarie,R3,Updated 6-Feb-2020
3257,2322,TOMAGO,NSW,151.65415,-32.819819,Delivery Area,Delivery Area,11103,Newcastle,111,Newcastle and Lake Macquarie,R3,Updated 6-Feb-2020
3258,2322,WOODBERRY,NSW,151.65415,-32.819819,Delivery Area,Delivery Area,11103,Newcastle,111,Newcastle and Lake Macquarie,R3,Updated 6-Feb-2020
3259,2323,ASHTONFIELD,NSW,151.607554,-32.757616,Delivery Area,Delivery Area,11102,Lake Macquarie - West,111,Newcastle and Lake Macquarie,R3,Updated 6-Feb-2020
3260,2323,BRUNKERVILLE,NSW,151.607554,-32.757616,Delivery Area,Delivery Area,11102,Lake Macquarie - West,111,Newcastle and Lake Macquarie,R3,Updated 6-Feb-2020
3261,2323,BUCHANAN,NSW,151.607554,-32.757616,Delivery Area,Delivery Area,11102,Lake Macquarie - West,111,Newcastle and Lake Macquarie,R3,Updated 6-Feb-2020
3262,2323,BUTTAI,NSW,151.607554,-32.757616,Delivery Area,Delivery Area,11102,Lake Macquarie - West,111,Newcastle and Lake Macquarie,R3,Updated 6-Feb-2020
3263,2323,EAST MAITLAND,NSW,151.607554,-32.757616,Delivery Area,Delivery Area,11102,Lake Macquarie - West,111,Newcastle and Lake Macquarie,R3,Updated 6-Feb-2020
20249,2323,FOUR MILE CREEK,NSW,151.587482,-32.794605,Delivery Area,Delivery Area,11102,Lake Macquarie - West,111,Newcastle and Lake Macquarie,R3,Updated 6-Feb-2020
3264,2323,FREEMANS WATERHOLE,NSW,151.607554,-32.757616,Delivery Area,Delivery Area,11102,Lake Macquarie - West,111,Newcastle and Lake Macquarie,R3,Updated 6-Feb-2020
20250,2323,GREEN HILLS,NSW,151.589182,-32.76212,Delivery Area,Delivery Area,11102,Lake Macquarie - West,111,Newcastle and Lake Macquarie,R3,Updated 6-Feb-2020
3265,2323,GREENHILLS,NSW,151.607554,-32.757616,,,11102,Lake Macquarie - West,111,Newcastle and Lake Macquarie,R3,Updated 6-Feb-2020
3266,2323,METFORD,NSW,151.607554,-32.757616,Delivery Area,Delivery Area,11102,Lake Macquarie - West,111,Newcastle and Lake Macquarie,R3,Updated 6-Feb-2020
3267,2323,METFORD DC,NSW,151.607554,-32.757616,,,11102,Lake Macquarie - West,111,Newcastle and Lake Macquarie,R3,Updated 6-Feb-2020
3268,2323,MOUNT VINCENT,NSW,151.607554,-32.757616,Delivery Area,Delivery Area,11102,Lake Macquarie - West,111,Newcastle and Lake Macquarie,R3,Updated 6-Feb-2020
3269,2323,MULBRING,NSW,151.607554,-32.757616,Delivery Area,Delivery Area,11102,Lake Macquarie - West,111,Newcastle and Lake Macquarie,R3,Updated 6-Feb-2020
3270,2323,PITNACREE,NSW,151.607554,-32.757616,Delivery Area,Delivery Area,11102,Lake Macquarie - West,111,Newcastle and Lake Macquarie,R3,Updated 6-Feb-2020
20251,2323,RICHMOND VALE,NSW,151.4971864,-32.86516329,Delivery Area,Delivery Area,11102,Lake Macquarie - West,111,Newcastle and Lake Macquarie,R3,Updated 6-Feb-2020
3271,2323,TENAMBIT,NSW,151.607554,-32.757616,Delivery Area,Delivery Area,11102,Lake Macquarie - West,111,Newcastle and Lake Macquarie,R3,Updated 6-Feb-2020
3272,2324,BALICKERA,NSW,152.332617,-32.623108,Delivery Area,Delivery Area,10801,Great Lakes,108,Mid North Coast,R3,Updated 6-Feb-2020
3273,2324,BRANDY HILL,NSW,152.332617,-32.623108,Delivery Area,Delivery Area,10801,Great Lakes,108,Mid North Coast,R3,Updated 6-Feb-2020
3274,2324,BUNDABAH,NSW,152.332617,-32.623108,Delivery Area,Delivery Area,10801,Great Lakes,108,Mid North Coast,R3,Updated 6-Feb-2020
3275,2324,CARRINGTON,NSW,152.332617,-32.623108,Delivery Area,Delivery Area,10801,Great Lakes,108,Mid North Coast,R3,Updated 6-Feb-2020
3276,2324,CELLS RIVER,NSW,152.332617,-32.623108,Delivery Area,Delivery Area,10801,Great Lakes,108,Mid North Coast,R3,Updated 6-Feb-2020
3277,2324,EAGLETON,NSW,152.332617,-32.623108,Delivery Area,Delivery Area,10801,Great Lakes,108,Mid North Coast,R3,Updated 6-Feb-2020
3278,2324,EAST SEAHAM,NSW,152.332617,-32.623108,Delivery Area,Delivery Area,10801,Great Lakes,108,Mid North Coast,R3,Updated 6-Feb-2020
3279,2324,HAWKS NEST,NSW,152.332617,-32.623108,Delivery Area,Delivery Area,10801,Great Lakes,108,Mid North Coast,R3,Updated 6-Feb-2020
3280,2324,HEATHERBRAE,NSW,152.332617,-32.623108,Delivery Area,Delivery Area,10801,Great Lakes,108,Mid North Coast,R3,Updated 6-Feb-2020
3281,2324,KARUAH,NSW,152.332617,-32.623108,Delivery Area,Delivery Area,10801,Great Lakes,108,Mid North Coast,R3,Updated 6-Feb-2020
20252,2324,KINGS HILL,NSW,151.7752919,-32.71798998,Delivery Area,Delivery Area,10801,Great Lakes,108,Mid North Coast,R3,Updated 6-Feb-2020
3282,2324,LIMEBURNERS CREEK,NSW,152.332617,-32.623108,Delivery Area,Delivery Area,10801,Great Lakes,108,Mid North Coast,R3,Updated 6-Feb-2020
3283,2324,MILLERS FOREST,NSW,152.332617,-32.623108,Delivery Area,Delivery Area,10801,Great Lakes,108,Mid North Coast,R3,Updated 6-Feb-2020
3284,2324,MOTTO FARM,NSW,152.332617,-32.623108,,,10801,Great Lakes,108,Mid North Coast,R3,Updated 6-Feb-2020
3285,2324,NELSONS PLAINS,NSW,152.332617,-32.623108,Delivery Area,Delivery Area,10801,Great Lakes,108,Mid North Coast,R3,Updated 6-Feb-2020
3286,2324,NORTH ARM COVE,NSW,152.332617,-32.623108,Delivery Area,Delivery Area,10801,Great Lakes,108,Mid North Coast,R3,Updated 6-Feb-2020
3287,2324,OSTERLEY,NSW,152.332617,-32.623108,Delivery Area,Delivery Area,10801,Great Lakes,108,Mid North Coast,R3,Updated 6-Feb-2020
3288,2324,PINDIMAR,NSW,152.332617,-32.623108,Delivery Area,Delivery Area,10801,Great Lakes,108,Mid North Coast,R3,Updated 6-Feb-2020
3289,2324,RAYMOND TERRACE,NSW,152.332617,-32.623108,Delivery Area,Delivery Area,10801,Great Lakes,108,Mid North Coast,R3,Updated 6-Feb-2020
3290,2324,RAYMOND TERRACE EAST,NSW,152.332617,-32.623108,Delivery Area,Delivery Area,10801,Great Lakes,108,Mid North Coast,R3,Updated 6-Feb-2020
3291,2324,SEAHAM,NSW,152.332617,-32.623108,Delivery Area,Delivery Area,10801,Great Lakes,108,Mid North Coast,R3,Updated 6-Feb-2020
3292,2324,SWAN BAY,NSW,152.332617,-32.623108,Delivery Area,Delivery Area,10801,Great Lakes,108,Mid North Coast,R3,Updated 6-Feb-2020
3293,2324,TAHLEE,NSW,152.332617,-32.623108,Delivery Area,Delivery Area,10801,Great Lakes,108,Mid North Coast,R3,Updated 6-Feb-2020
3294,2324,TEA GARDENS,NSW,152.332617,-32.623108,Delivery Area,Delivery Area,10801,Great Lakes,108,Mid North Coast,R3,Updated 6-Feb-2020
3295,2324,TWELVE MILE CREEK,NSW,152.332617,-32.623108,Delivery Area,Delivery Area,10801,Great Lakes,108,Mid North Coast,R3,Updated 6-Feb-2020
3296,2324,WALLAROO,NSW,152.332617,-32.623108,,,10801,Great Lakes,108,Mid North Coast,R3,Updated 6-Feb-2020
3297,2325,ABERDARE,NSW,151.317476,-32.977861,Delivery Area,Delivery Area,10601,Lower Hunter,106,Hunter Valley exc Newcastle,R3,Updated 6-Feb-2020
3298,2325,ABERNETHY,NSW,151.317476,-32.977861,Delivery Area,Delivery Area,10601,Lower Hunter,106,Hunter Valley exc Newcastle,R3,Updated 6-Feb-2020
3299,2325,BELLBIRD,NSW,151.317476,-32.977861,Delivery Area,Delivery Area,10601,Lower Hunter,106,Hunter Valley exc Newcastle,R3,Updated 6-Feb-2020
20253,2325,BELLBIRD HEIGHTS,NSW,151.3306441,-32.84785687,Delivery Area,Delivery Area,10601,Lower Hunter,106,Hunter Valley exc Newcastle,R3,Updated 6-Feb-2020
3300,2325,BOREE,NSW,151.317476,-32.977861,Delivery Area,Delivery Area,10601,Lower Hunter,106,Hunter Valley exc Newcastle,R3,Updated 6-Feb-2020
3301,2325,CEDAR CREEK,NSW,151.317476,-32.977861,Delivery Area,Delivery Area,10601,Lower Hunter,106,Hunter Valley exc Newcastle,R3,Updated 6-Feb-2020
3302,2325,CESSNOCK,NSW,151.317476,-32.977861,Delivery Area,Delivery Area,10601,Lower Hunter,106,Hunter Valley exc Newcastle,R3,Updated 6-Feb-2020
3303,2325,CESSNOCK WEST,NSW,151.317476,-32.977861,Delivery Area,Delivery Area,10601,Lower Hunter,106,Hunter Valley exc Newcastle,R3,Updated 6-Feb-2020
3304,2325,CONGEWAI,NSW,151.317476,-32.977861,Delivery Area,Delivery Area,10601,Lower Hunter,106,Hunter Valley exc Newcastle,R3,Updated 6-Feb-2020
20254,2325,CORRABARE,NSW,151.2187761,-32.95034059,Delivery Area,Delivery Area,10601,Lower Hunter,106,Hunter Valley exc Newcastle,R3,Updated 6-Feb-2020
20255,2325,DAIRY ARM,NSW,151.176502,-33.05409347,Delivery Area,Delivery Area,10601,Lower Hunter,106,Hunter Valley exc Newcastle,R3,Updated 6-Feb-2020
3305,2325,ELLALONG,NSW,151.317476,-32.977861,Delivery Area,Delivery Area,10601,Lower Hunter,106,Hunter Valley exc Newcastle,R3,Updated 6-Feb-2020
3306,2325,ELRINGTON,NSW,151.317476,-32.977861,Delivery Area,Delivery Area,10601,Lower Hunter,106,Hunter Valley exc Newcastle,R3,Updated 6-Feb-2020
20256,2325,FERNANCES CROSSING,NSW,151.1218262,-33.06159524,Delivery Area,Delivery Area,10601,Lower Hunter,106,Hunter Valley exc Newcastle,R3,Updated 6-Feb-2020
20257,2325,GRETA MAIN,NSW,151.2826072,-32.88882897,Delivery Area,Delivery Area,10601,Lower Hunter,106,Hunter Valley exc Newcastle,R3,Updated 6-Feb-2020
3307,2325,KEARSLEY,NSW,151.317476,-32.977861,Delivery Area,Delivery Area,10601,Lower Hunter,106,Hunter Valley exc Newcastle,R3,Updated 6-Feb-2020
3308,2325,KITCHENER,NSW,151.317476,-32.977861,Delivery Area,Delivery Area,10601,Lower Hunter,106,Hunter Valley exc Newcastle,R3,Updated 6-Feb-2020
3309,2325,LAGUNA,NSW,151.317476,-32.977861,Delivery Area,Delivery Area,10601,Lower Hunter,106,Hunter Valley exc Newcastle,R3,Updated 6-Feb-2020
3310,2325,LOVEDALE,NSW,151.317476,-32.977861,Delivery Area,Delivery Area,10601,Lower Hunter,106,Hunter Valley exc Newcastle,R3,Updated 6-Feb-2020
3311,2325,MILLFIELD,NSW,151.317476,-32.977861,Delivery Area,Delivery Area,10601,Lower Hunter,106,Hunter Valley exc Newcastle,R3,Updated 6-Feb-2020
3312,2325,MOOTAI,NSW,151.317476,-32.977861,,,10601,Lower Hunter,106,Hunter Valley exc Newcastle,R3,Updated 6-Feb-2020
20258,2325,MORUBEN,NSW,150.889563,-33.052927,Delivery Area,Delivery Area,10601,Lower Hunter,106,Hunter Valley exc Newcastle,R3,Updated 6-Feb-2020
3313,2325,MOUNT VIEW,NSW,151.317476,-32.977861,Delivery Area,Delivery Area,10601,Lower Hunter,106,Hunter Valley exc Newcastle,R3,Updated 6-Feb-2020
20259,2325,MURRAYS RUN,NSW,151.1527466,-33.07063333,Delivery Area,Delivery Area,10601,Lower Hunter,106,Hunter Valley exc Newcastle,R3,Updated 6-Feb-2020
3314,2325,NARONE CREEK,NSW,151.317476,-32.977861,,,10601,Lower Hunter,106,Hunter Valley exc Newcastle,R3,Updated 6-Feb-2020
3315,2325,NULKABA,NSW,151.317476,-32.977861,Delivery Area,Delivery Area,10601,Lower Hunter,106,Hunter Valley exc Newcastle,R3,Updated 6-Feb-2020
20260,2325,OLNEY,NSW,151.3131147,-33.03362627,Delivery Area,Delivery Area,10601,Lower Hunter,106,Hunter Valley exc Newcastle,R3,Updated 6-Feb-2020
3316,2325,PAXTON,NSW,151.317476,-32.977861,Delivery Area,Delivery Area,10601,Lower Hunter,106,Hunter Valley exc Newcastle,R3,Updated 6-Feb-2020
3317,2325,PAYNES CROSSING,NSW,151.317476,-32.977861,Delivery Area,Delivery Area,10601,Lower Hunter,106,Hunter Valley exc Newcastle,R3,Updated 6-Feb-2020
3318,2325,PELTON,NSW,151.317476,-32.977861,Delivery Area,Delivery Area,10601,Lower Hunter,106,Hunter Valley exc Newcastle,R3,Updated 6-Feb-2020
3319,2325,QUORROBOLONG,NSW,151.317476,-32.977861,Delivery Area,Delivery Area,10601,Lower Hunter,106,Hunter Valley exc Newcastle,R3,Updated 6-Feb-2020
3320,2325,SWEETMANS CREEK,NSW,151.317476,-32.977861,Delivery Area,Delivery Area,10601,Lower Hunter,106,Hunter Valley exc Newcastle,R3,Updated 6-Feb-2020
3321,2325,WATAGAN,NSW,151.317476,-32.977861,,,10601,Lower Hunter,106,Hunter Valley exc Newcastle,R3,Updated 6-Feb-2020
3322,2325,WOLLOMBI,NSW,151.317476,-32.977861,Delivery Area,Delivery Area,10601,Lower Hunter,106,Hunter Valley exc Newcastle,R3,Updated 6-Feb-2020
3323,2325,YALLAMBIE,NSW,151.317476,-32.977861,,,10601,Lower Hunter,106,Hunter Valley exc Newcastle,R3,Updated 6-Feb-2020
20261,2325,YENGO NATIONAL PARK,NSW,150.9115105,-33.01498358,Delivery Area,Delivery Area,10601,Lower Hunter,106,Hunter Valley exc Newcastle,R3,Updated 6-Feb-2020
3324,2326,ABERMAIN,NSW,151.453148,-32.785207,Delivery Area,Delivery Area,10602,Maitland,106,Hunter Valley exc Newcastle,R3,Updated 6-Feb-2020
3325,2326,BISHOPS BRIDGE,NSW,151.453148,-32.785207,Delivery Area,Delivery Area,10602,Maitland,106,Hunter Valley exc Newcastle,R3,Updated 6-Feb-2020
3326,2326,LOXFORD,NSW,151.453148,-32.785207,Delivery Area,Delivery Area,10602,Maitland,106,Hunter Valley exc Newcastle,R3,Updated 6-Feb-2020
3327,2326,NEATH,NSW,151.453148,-32.785207,Delivery Area,Delivery Area,10602,Maitland,106,Hunter Valley exc Newcastle,R3,Updated 6-Feb-2020
3328,2326,SAWYERS GULLY,NSW,151.453148,-32.785207,Delivery Area,Delivery Area,10602,Maitland,106,Hunter Valley exc Newcastle,R3,Updated 6-Feb-2020
3046,2326,WESTON,NSW,151.453148,-32.785207,Delivery Area,Delivery Area,10602,Maitland,106,Hunter Valley exc Newcastle,R3,Updated 6-Feb-2020
3047,2327,KURRI KURRI,NSW,151.486212,-32.820688,Delivery Area,Delivery Area,10601,Lower Hunter,106,Hunter Valley exc Newcastle,R3,Updated 6-Feb-2020
3048,2327,PELAW MAIN,NSW,151.486212,-32.820688,Delivery Area,Delivery Area,10601,Lower Hunter,106,Hunter Valley exc Newcastle,R3,Updated 6-Feb-2020
3049,2327,STANFORD MERTHYR,NSW,151.486212,-32.820688,Delivery Area,Delivery Area,10601,Lower Hunter,106,Hunter Valley exc Newcastle,R3,Updated 6-Feb-2020
3050,2328,BUREEN,NSW,150.564817,-32.57693,Delivery Area,Delivery Area,10604,Upper Hunter,106,Hunter Valley exc Newcastle,R3,Updated 6-Feb-2020
3051,2328,DALSWINTON,NSW,150.564817,-32.57693,Delivery Area,Delivery Area,10604,Upper Hunter,106,Hunter Valley exc Newcastle,R3,Updated 6-Feb-2020
3052,2328,DENMAN,NSW,150.564817,-32.57693,Delivery Area,Delivery Area,10604,Upper Hunter,106,Hunter Valley exc Newcastle,R3,Updated 6-Feb-2020
3053,2328,GIANTS CREEK,NSW,150.564817,-32.57693,Delivery Area,Delivery Area,10604,Upper Hunter,106,Hunter Valley exc Newcastle,R3,Updated 6-Feb-2020
3054,2328,HOLLYDEEN,NSW,150.564817,-32.57693,Delivery Area,Delivery Area,10604,Upper Hunter,106,Hunter Valley exc Newcastle,R3,Updated 6-Feb-2020
3055,2328,KERRABEE,NSW,150.564817,-32.57693,Delivery Area,Delivery Area,10604,Upper Hunter,106,Hunter Valley exc Newcastle,R3,Updated 6-Feb-2020
3056,2328,MANGOOLA,NSW,150.564817,-32.57693,Delivery Area,Delivery Area,10604,Upper Hunter,106,Hunter Valley exc Newcastle,R3,Updated 6-Feb-2020
3057,2328,MARTINDALE,NSW,150.564817,-32.57693,Delivery Area,Delivery Area,10604,Upper Hunter,106,Hunter Valley exc Newcastle,R3,Updated 6-Feb-2020
3058,2328,WIDDEN,NSW,150.564817,-32.57693,Delivery Area,Delivery Area,10604,Upper Hunter,106,Hunter Valley exc Newcastle,R3,Updated 6-Feb-2020
3059,2328,YARRAWA,NSW,150.564817,-32.57693,Delivery Area,Delivery Area,10604,Upper Hunter,106,Hunter Valley exc Newcastle,R3,Updated 6-Feb-2020
3060,2329,BORAMBIL,NSW,150.187517,-32.047498,Delivery Area,Delivery Area,10604,Upper Hunter,106,Hunter Valley exc Newcastle,R3,Updated 6-Feb-2020
3061,2329,CASSILIS,NSW,150.187517,-32.047498,Delivery Area,Delivery Area,10604,Upper Hunter,106,Hunter Valley exc Newcastle,R3,Updated 6-Feb-2020
3062,2329,MERRIWA,NSW,150.187517,-32.047498,Delivery Area,Delivery Area,10604,Upper Hunter,106,Hunter Valley exc Newcastle,R3,Updated 6-Feb-2020
3063,2329,UARBRY,NSW,150.187517,-32.047498,Delivery Area,Delivery Area,10604,Upper Hunter,106,Hunter Valley exc Newcastle,R3,Updated 6-Feb-2020
3064,2330,APPLETREE FLAT,NSW,150.972137,-32.760486,Delivery Area,Delivery Area,11503,Hawkesbury,115,Sydney - Baulkham Hills and Hawkesbury,R3,Updated 6-Feb-2020
3065,2330,BIG RIDGE,NSW,150.972137,-32.760486,Delivery Area,Delivery Area,11503,Hawkesbury,115,Sydney - Baulkham Hills and Hawkesbury,R3,Updated 6-Feb-2020
20262,2330,BIG YENGO,NSW,151.013495,-32.975222,Delivery Area,Delivery Area,11503,Hawkesbury,115,Sydney - Baulkham Hills and Hawkesbury,R3,Updated 6-Feb-2020
3066,2330,BOWMANS CREEK,NSW,150.972137,-32.760486,Delivery Area,Delivery Area,11503,Hawkesbury,115,Sydney - Baulkham Hills and Hawkesbury,R3,Updated 6-Feb-2020
3067,2330,BRIDGMAN,NSW,150.972137,-32.760486,Delivery Area,Delivery Area,11503,Hawkesbury,115,Sydney - Baulkham Hills and Hawkesbury,R3,Updated 6-Feb-2020
3068,2330,BROKE,NSW,150.972137,-32.760486,Delivery Area,Delivery Area,11503,Hawkesbury,115,Sydney - Baulkham Hills and Hawkesbury,R3,Updated 6-Feb-2020
3069,2330,BULGA,NSW,150.972137,-32.760486,Delivery Area,Delivery Area,11503,Hawkesbury,115,Sydney - Baulkham Hills and Hawkesbury,R3,Updated 6-Feb-2020
3070,2330,CAMBERWELL,NSW,150.972137,-32.760486,Delivery Area,Delivery Area,11503,Hawkesbury,115,Sydney - Baulkham Hills and Hawkesbury,R3,Updated 6-Feb-2020
3071,2330,CARROWBROOK,NSW,150.972137,-32.760486,Delivery Area,Delivery Area,11503,Hawkesbury,115,Sydney - Baulkham Hills and Hawkesbury,R3,Updated 6-Feb-2020
3072,2330,CLYDESDALE,NSW,150.972137,-32.760486,Delivery Area,Delivery Area,11503,Hawkesbury,115,Sydney - Baulkham Hills and Hawkesbury,R3,Updated 6-Feb-2020
3073,2330,COMBO,NSW,150.972137,-32.760486,Delivery Area,Delivery Area,11503,Hawkesbury,115,Sydney - Baulkham Hills and Hawkesbury,R3,Updated 6-Feb-2020
3074,2330,DARLINGTON,NSW,150.972137,-32.760486,Delivery Area,Delivery Area,11503,Hawkesbury,115,Sydney - Baulkham Hills and Hawkesbury,R3,Updated 6-Feb-2020
3075,2330,DOYLES CREEK,NSW,150.972137,-32.760486,Delivery Area,Delivery Area,11503,Hawkesbury,115,Sydney - Baulkham Hills and Hawkesbury,R3,Updated 6-Feb-2020
3076,2330,DUNOLLY,NSW,150.972137,-32.760486,Delivery Area,Delivery Area,11503,Hawkesbury,115,Sydney - Baulkham Hills and Hawkesbury,R3,Updated 6-Feb-2020
3077,2330,DURAL,NSW,150.972137,-32.760486,Delivery Area,Delivery Area,11503,Hawkesbury,115,Sydney - Baulkham Hills and Hawkesbury,R3,Updated 6-Feb-2020
3078,2330,DYRRING,NSW,150.972137,-32.760486,Delivery Area,Delivery Area,11503,Hawkesbury,115,Sydney - Baulkham Hills and Hawkesbury,R3,Updated 6-Feb-2020
3079,2330,FALBROOK,NSW,150.972137,-32.760486,Delivery Area,Delivery Area,11503,Hawkesbury,115,Sydney - Baulkham Hills and Hawkesbury,R3,Updated 6-Feb-2020
3080,2330,FERN GULLY,NSW,150.972137,-32.760486,Delivery Area,Delivery Area,11503,Hawkesbury,115,Sydney - Baulkham Hills and Hawkesbury,R3,Updated 6-Feb-2020
3081,2330,FORDWICH,NSW,150.972137,-32.760486,Delivery Area,Delivery Area,11503,Hawkesbury,115,Sydney - Baulkham Hills and Hawkesbury,R3,Updated 6-Feb-2020
3082,2330,GARLAND VALLEY,NSW,150.972137,-32.760486,Delivery Area,Delivery Area,11503,Hawkesbury,115,Sydney - Baulkham Hills and Hawkesbury,R3,Updated 6-Feb-2020
3083,2330,GLENDON,NSW,150.972137,-32.760486,Delivery Area,Delivery Area,11503,Hawkesbury,115,Sydney - Baulkham Hills and Hawkesbury,R3,Updated 6-Feb-2020
20263,2330,GLENDON BROOK,NSW,151.4082526,-32.48897756,Delivery Area,Delivery Area,11503,Hawkesbury,115,Sydney - Baulkham Hills and Hawkesbury,R3,Updated 6-Feb-2020
3084,2330,GLENDONBROOK,NSW,150.972137,-32.760486,,,11503,Hawkesbury,115,Sydney - Baulkham Hills and Hawkesbury,R3,Updated 6-Feb-2020
3085,2330,GLENNIES CREEK,NSW,150.972137,-32.760486,Delivery Area,Delivery Area,11503,Hawkesbury,115,Sydney - Baulkham Hills and Hawkesbury,R3,Updated 6-Feb-2020
3086,2330,GLENRIDDING,NSW,150.972137,-32.760486,Delivery Area,Delivery Area,11503,Hawkesbury,115,Sydney - Baulkham Hills and Hawkesbury,R3,Updated 6-Feb-2020
3087,2330,GOORANGOOLA,NSW,150.972137,-32.760486,Delivery Area,Delivery Area,11503,Hawkesbury,115,Sydney - Baulkham Hills and Hawkesbury,R3,Updated 6-Feb-2020
3088,2330,GOULDSVILLE,NSW,150.972137,-32.760486,Delivery Area,Delivery Area,11503,Hawkesbury,115,Sydney - Baulkham Hills and Hawkesbury,R3,Updated 6-Feb-2020
3089,2330,GOWRIE,NSW,150.972137,-32.760486,Delivery Area,Delivery Area,11503,Hawkesbury,115,Sydney - Baulkham Hills and Hawkesbury,R3,Updated 6-Feb-2020
3090,2330,GREENLANDS,NSW,150.972137,-32.760486,Delivery Area,Delivery Area,11503,Hawkesbury,115,Sydney - Baulkham Hills and Hawkesbury,R3,Updated 6-Feb-2020
3091,2330,HAMBLEDON HILL,NSW,150.972137,-32.760486,Delivery Area,Delivery Area,11503,Hawkesbury,115,Sydney - Baulkham Hills and Hawkesbury,R3,Updated 6-Feb-2020
3092,2330,HEBDEN,NSW,150.972137,-32.760486,Delivery Area,Delivery Area,11503,Hawkesbury,115,Sydney - Baulkham Hills and Hawkesbury,R3,Updated 6-Feb-2020
3093,2330,HOWES VALLEY,NSW,150.972137,-32.760486,Delivery Area,Delivery Area,11503,Hawkesbury,115,Sydney - Baulkham Hills and Hawkesbury,R3,Updated 6-Feb-2020
3094,2330,HOWICK,NSW,150.972137,-32.760486,Delivery Area,Delivery Area,11503,Hawkesbury,115,Sydney - Baulkham Hills and Hawkesbury,R3,Updated 6-Feb-2020
3095,2330,HUNTERVIEW,NSW,150.972137,-32.760486,Delivery Area,Delivery Area,11503,Hawkesbury,115,Sydney - Baulkham Hills and Hawkesbury,R3,Updated 6-Feb-2020
3096,2330,JERRYS PLAINS,NSW,150.972137,-32.760486,Delivery Area,Delivery Area,11503,Hawkesbury,115,Sydney - Baulkham Hills and Hawkesbury,R3,Updated 6-Feb-2020
3097,2330,LEMINGTON,NSW,150.972137,-32.760486,Delivery Area,Delivery Area,11503,Hawkesbury,115,Sydney - Baulkham Hills and Hawkesbury,R3,Updated 6-Feb-2020
3098,2330,LONG POINT,NSW,150.972137,-32.760486,Delivery Area,Delivery Area,11503,Hawkesbury,115,Sydney - Baulkham Hills and Hawkesbury,R3,Updated 6-Feb-2020
3099,2330,MAISON DIEU,NSW,150.972137,-32.760486,Delivery Area,Delivery Area,11503,Hawkesbury,115,Sydney - Baulkham Hills and Hawkesbury,R3,Updated 6-Feb-2020
3100,2330,MCDOUGALLS HILL,NSW,150.972137,-32.760486,Delivery Area,Delivery Area,11503,Hawkesbury,115,Sydney - Baulkham Hills and Hawkesbury,R3,Updated 6-Feb-2020
3101,2330,MIDDLE FALBROOK,NSW,150.972137,-32.760486,Delivery Area,Delivery Area,11503,Hawkesbury,115,Sydney - Baulkham Hills and Hawkesbury,R3,Updated 6-Feb-2020
3102,2330,MILBRODALE,NSW,150.972137,-32.760486,Delivery Area,Delivery Area,11503,Hawkesbury,115,Sydney - Baulkham Hills and Hawkesbury,R3,Updated 6-Feb-2020
3103,2330,MIRANNIE,NSW,150.972137,-32.760486,Delivery Area,Delivery Area,11503,Hawkesbury,115,Sydney - Baulkham Hills and Hawkesbury,R3,Updated 6-Feb-2020
3104,2330,MITCHELLS FLAT,NSW,150.972137,-32.760486,Delivery Area,Delivery Area,11503,Hawkesbury,115,Sydney - Baulkham Hills and Hawkesbury,R3,Updated 6-Feb-2020
3105,2330,MOUNT OLIVE,NSW,150.972137,-32.760486,Delivery Area,Delivery Area,11503,Hawkesbury,115,Sydney - Baulkham Hills and Hawkesbury,R3,Updated 6-Feb-2020
3106,2330,MOUNT ROYAL,NSW,150.972137,-32.760486,Delivery Area,Delivery Area,11503,Hawkesbury,115,Sydney - Baulkham Hills and Hawkesbury,R3,Updated 6-Feb-2020
3107,2330,MOUNT THORLEY,NSW,150.972137,-32.760486,Delivery Area,Delivery Area,11503,Hawkesbury,115,Sydney - Baulkham Hills and Hawkesbury,R3,Updated 6-Feb-2020
3108,2330,OBANVALE,NSW,150.972137,-32.760486,Delivery Area,Delivery Area,11503,Hawkesbury,115,Sydney - Baulkham Hills and Hawkesbury,R3,Updated 6-Feb-2020
3109,2330,PUTTY,NSW,150.972137,-32.760486,Delivery Area,Delivery Area,11503,Hawkesbury,115,Sydney - Baulkham Hills and Hawkesbury,R3,Updated 6-Feb-2020
3110,2330,RAVENSWORTH,NSW,150.972137,-32.760486,Delivery Area,Delivery Area,11503,Hawkesbury,115,Sydney - Baulkham Hills and Hawkesbury,R3,Updated 6-Feb-2020
3111,2330,REDBOURNBERRY,NSW,150.972137,-32.760486,Delivery Area,Delivery Area,11503,Hawkesbury,115,Sydney - Baulkham Hills and Hawkesbury,R3,Updated 6-Feb-2020
3112,2330,REEDY CREEK,NSW,150.972137,-32.760486,Delivery Area,Delivery Area,11503,Hawkesbury,115,Sydney - Baulkham Hills and Hawkesbury,R3,Updated 6-Feb-2020
3113,2330,RIXS CREEK,NSW,150.972137,-32.760486,Delivery Area,Delivery Area,11503,Hawkesbury,115,Sydney - Baulkham Hills and Hawkesbury,R3,Updated 6-Feb-2020
3114,2330,ROUGHIT,NSW,150.972137,-32.760486,Delivery Area,Delivery Area,11503,Hawkesbury,115,Sydney - Baulkham Hills and Hawkesbury,R3,Updated 6-Feb-2020
3115,2330,SCOTTS FLAT,NSW,150.972137,-32.760486,Delivery Area,Delivery Area,11503,Hawkesbury,115,Sydney - Baulkham Hills and Hawkesbury,R3,Updated 6-Feb-2020
3116,2330,SEDGEFIELD,NSW,150.972137,-32.760486,Delivery Area,Delivery Area,11503,Hawkesbury,115,Sydney - Baulkham Hills and Hawkesbury,R3,Updated 6-Feb-2020
3117,2330,SINGLETON,NSW,150.972137,-32.760486,Delivery Area,Delivery Area,11503,Hawkesbury,115,Sydney - Baulkham Hills and Hawkesbury,R3,Updated 6-Feb-2020
22861,2330,SINGLETON DC,NSW,0,0,,,,,,,R3,Added 25-Mar-2020
3118,2330,SINGLETON HEIGHTS,NSW,150.972137,-32.760486,Delivery Area,Delivery Area,11503,Hawkesbury,115,Sydney - Baulkham Hills and Hawkesbury,R3,Updated 6-Feb-2020
3119,2330,ST CLAIR,NSW,150.972137,-32.760486,Delivery Area,Delivery Area,11503,Hawkesbury,115,Sydney - Baulkham Hills and Hawkesbury,R3,Updated 6-Feb-2020
3120,2330,WARKWORTH,NSW,150.972137,-32.760486,Delivery Area,Delivery Area,11503,Hawkesbury,115,Sydney - Baulkham Hills and Hawkesbury,R3,Updated 6-Feb-2020
3121,2330,WATTLE PONDS,NSW,150.972137,-32.760486,Delivery Area,Delivery Area,11503,Hawkesbury,115,Sydney - Baulkham Hills and Hawkesbury,R3,Updated 6-Feb-2020
3122,2330,WESTBROOK,NSW,150.972137,-32.760486,Delivery Area,Delivery Area,11503,Hawkesbury,115,Sydney - Baulkham Hills and Hawkesbury,R3,Updated 6-Feb-2020
3123,2330,WHITTINGHAM,NSW,150.972137,-32.760486,Delivery Area,Delivery Area,11503,Hawkesbury,115,Sydney - Baulkham Hills and Hawkesbury,R3,Updated 6-Feb-2020
3124,2330,WOLLEMI,NSW,150.972137,-32.760486,Delivery Area,Delivery Area,11503,Hawkesbury,115,Sydney - Baulkham Hills and Hawkesbury,R3,Updated 6-Feb-2020
3125,2330,WYLIES FLAT,NSW,150.972137,-32.760486,Delivery Area,Delivery Area,11503,Hawkesbury,115,Sydney - Baulkham Hills and Hawkesbury,R3,Updated 6-Feb-2020
22862,2331,SINGLETON MILITARY AREA,NSW,0,0,,,,,,,R3,Added 25-Mar-2020
3126,2331,SINGLETON MILPO,NSW,151.171479,-32.61615,,,10601,Lower Hunter,106,Hunter Valley exc Newcastle,R3,Updated 6-Feb-2020
3127,2333,BAERAMI,NSW,150.701949,-32.248568,Delivery Area,Delivery Area,10604,Upper Hunter,106,Hunter Valley exc Newcastle,R3,Updated 6-Feb-2020
3128,2333,BAERAMI CREEK,NSW,150.701949,-32.248568,Delivery Area,Delivery Area,10604,Upper Hunter,106,Hunter Valley exc Newcastle,R3,Updated 6-Feb-2020
3129,2333,BENGALLA,NSW,150.701949,-32.248568,Delivery Area,Delivery Area,10604,Upper Hunter,106,Hunter Valley exc Newcastle,R3,Updated 6-Feb-2020
3130,2333,CASTLE ROCK,NSW,150.701949,-32.248568,Delivery Area,Delivery Area,10604,Upper Hunter,106,Hunter Valley exc Newcastle,R3,Updated 6-Feb-2020
3131,2333,EDDERTON,NSW,150.701949,-32.248568,Delivery Area,Delivery Area,10604,Upper Hunter,106,Hunter Valley exc Newcastle,R3,Updated 6-Feb-2020
3132,2333,GUNGAL,NSW,150.701949,-32.248568,Delivery Area,Delivery Area,10604,Upper Hunter,106,Hunter Valley exc Newcastle,R3,Updated 6-Feb-2020
3133,2333,KAYUGA,NSW,150.701949,-32.248568,Delivery Area,Delivery Area,10604,Upper Hunter,106,Hunter Valley exc Newcastle,R3,Updated 6-Feb-2020
3134,2333,LIDDELL,NSW,150.701949,-32.248568,Delivery Area,Delivery Area,10604,Upper Hunter,106,Hunter Valley exc Newcastle,R3,Updated 6-Feb-2020
3135,2333,MANOBALAI,NSW,150.701949,-32.248568,Delivery Area,Delivery Area,10604,Upper Hunter,106,Hunter Valley exc Newcastle,R3,Updated 6-Feb-2020
3136,2333,MCCULLYS GAP,NSW,150.701949,-32.248568,Delivery Area,Delivery Area,10604,Upper Hunter,106,Hunter Valley exc Newcastle,R3,Updated 6-Feb-2020
3137,2333,MUSCLE CREEK,NSW,150.701949,-32.248568,Delivery Area,Delivery Area,10604,Upper Hunter,106,Hunter Valley exc Newcastle,R3,Updated 6-Feb-2020
3138,2333,MUSWELLBROOK,NSW,150.701949,-32.248568,Delivery Area,Delivery Area,10604,Upper Hunter,106,Hunter Valley exc Newcastle,R3,Updated 6-Feb-2020
3139,2333,SANDY HOLLOW,NSW,150.701949,-32.248568,Delivery Area,Delivery Area,10604,Upper Hunter,106,Hunter Valley exc Newcastle,R3,Updated 6-Feb-2020
3140,2333,WYBONG,NSW,150.701949,-32.248568,Delivery Area,Delivery Area,10604,Upper Hunter,106,Hunter Valley exc Newcastle,R3,Updated 6-Feb-2020
3141,2334,GRETA,NSW,151.385451,-32.728461,Delivery Area,Delivery Area,10601,Lower Hunter,106,Hunter Valley exc Newcastle,R3,Updated 6-Feb-2020
3142,2335,BELFORD,NSW,151.319414,-32.642118,Delivery Area,Delivery Area,10602,Maitland,106,Hunter Valley exc Newcastle,R3,Updated 6-Feb-2020
3143,2335,BRANXTON,NSW,151.319414,-32.642118,Delivery Area,Delivery Area,10602,Maitland,106,Hunter Valley exc Newcastle,R3,Updated 6-Feb-2020
3144,2335,DALWOOD,NSW,151.319414,-32.642118,Delivery Area,Delivery Area,10602,Maitland,106,Hunter Valley exc Newcastle,R3,Updated 6-Feb-2020
20264,2335,EAST BRANXTON,NSW,151.3646647,-32.65496591,Delivery Area,Delivery Area,10602,Maitland,106,Hunter Valley exc Newcastle,R3,Updated 6-Feb-2020
3145,2335,ELDERSLIE,NSW,151.319414,-32.642118,Delivery Area,Delivery Area,10602,Maitland,106,Hunter Valley exc Newcastle,R3,Updated 6-Feb-2020
3146,2335,LAMBS VALLEY,NSW,151.319414,-32.642118,Delivery Area,Delivery Area,10602,Maitland,106,Hunter Valley exc Newcastle,R3,Updated 6-Feb-2020
3147,2335,LECONFIELD,NSW,151.319414,-32.642118,Delivery Area,Delivery Area,10602,Maitland,106,Hunter Valley exc Newcastle,R3,Updated 6-Feb-2020
3148,2335,LOWER BELFORD,NSW,151.319414,-32.642118,Delivery Area,Delivery Area,10602,Maitland,106,Hunter Valley exc Newcastle,R3,Updated 6-Feb-2020
3149,2335,NORTH ROTHBURY,NSW,151.319414,-32.642118,Delivery Area,Delivery Area,10602,Maitland,106,Hunter Valley exc Newcastle,R3,Updated 6-Feb-2020
3150,2335,STANHOPE,NSW,151.319414,-32.642118,Delivery Area,Delivery Area,10602,Maitland,106,Hunter Valley exc Newcastle,R3,Updated 6-Feb-2020
3151,2336,ABERDEEN,NSW,151.102917,-32.14622,Delivery Area,Delivery Area,10604,Upper Hunter,106,Hunter Valley exc Newcastle,R3,Updated 6-Feb-2020
3152,2336,DARTBROOK,NSW,151.102917,-32.14622,Delivery Area,Delivery Area,10604,Upper Hunter,106,Hunter Valley exc Newcastle,R3,Updated 6-Feb-2020
3153,2336,DAVIS CREEK,NSW,151.102917,-32.14622,Delivery Area,Delivery Area,10604,Upper Hunter,106,Hunter Valley exc Newcastle,R3,Updated 6-Feb-2020
3154,2336,ROSSGOLE,NSW,151.102917,-32.14622,Delivery Area,Delivery Area,10604,Upper Hunter,106,Hunter Valley exc Newcastle,R3,Updated 6-Feb-2020
3155,2336,ROUCHEL,NSW,151.102917,-32.14622,Delivery Area,Delivery Area,10604,Upper Hunter,106,Hunter Valley exc Newcastle,R3,Updated 6-Feb-2020
3156,2336,ROUCHEL BROOK,NSW,151.102917,-32.14622,Delivery Area,Delivery Area,10604,Upper Hunter,106,Hunter Valley exc Newcastle,R3,Updated 6-Feb-2020
3157,2336,UPPER DARTBROOK,NSW,151.102917,-32.14622,Delivery Area,Delivery Area,10604,Upper Hunter,106,Hunter Valley exc Newcastle,R3,Updated 6-Feb-2020
3158,2336,UPPER ROUCHEL,NSW,151.102917,-32.14622,Delivery Area,Delivery Area,10604,Upper Hunter,106,Hunter Valley exc Newcastle,R3,Updated 6-Feb-2020
3159,2337,BELLTREES,NSW,151.080412,-31.966754,Delivery Area,Delivery Area,10805,Taree - Gloucester,108,Mid North Coast,R3,Updated 6-Feb-2020
3160,2337,BRAWBOY,NSW,151.080412,-31.966754,Delivery Area,Delivery Area,10805,Taree - Gloucester,108,Mid North Coast,R3,Updated 6-Feb-2020
3161,2337,BUNNAN,NSW,151.080412,-31.966754,Delivery Area,Delivery Area,10805,Taree - Gloucester,108,Mid North Coast,R3,Updated 6-Feb-2020
3162,2337,DRY CREEK,NSW,151.080412,-31.966754,Delivery Area,Delivery Area,10805,Taree - Gloucester,108,Mid North Coast,R3,Updated 6-Feb-2020
3163,2337,ELLERSTON,NSW,151.080412,-31.966754,Delivery Area,Delivery Area,10805,Taree - Gloucester,108,Mid North Coast,R3,Updated 6-Feb-2020
3164,2337,GLENBAWN,NSW,151.080412,-31.966754,Delivery Area,Delivery Area,10805,Taree - Gloucester,108,Mid North Coast,R3,Updated 6-Feb-2020
3165,2337,GLENROCK,NSW,151.080412,-31.966754,Delivery Area,Delivery Area,10805,Taree - Gloucester,108,Mid North Coast,R3,Updated 6-Feb-2020
3166,2337,GUNDY,NSW,151.080412,-31.966754,Delivery Area,Delivery Area,10805,Taree - Gloucester,108,Mid North Coast,R3,Updated 6-Feb-2020
3167,2337,KARS SPRINGS,NSW,151.080412,-31.966754,Delivery Area,Delivery Area,10805,Taree - Gloucester,108,Mid North Coast,R3,Updated 6-Feb-2020
3168,2337,MIDDLE BROOK,NSW,151.080412,-31.966754,Delivery Area,Delivery Area,10805,Taree - Gloucester,108,Mid North Coast,R3,Updated 6-Feb-2020
3169,2337,MOOBI,NSW,151.080412,-31.966754,Delivery Area,Delivery Area,10805,Taree - Gloucester,108,Mid North Coast,R3,Updated 6-Feb-2020
3170,2337,MOONAN BROOK,NSW,151.080412,-31.966754,Delivery Area,Delivery Area,10805,Taree - Gloucester,108,Mid North Coast,R3,Updated 6-Feb-2020
3171,2337,MOONAN FLAT,NSW,151.080412,-31.966754,Delivery Area,Delivery Area,10805,Taree - Gloucester,108,Mid North Coast,R3,Updated 6-Feb-2020
20265,2337,MURULLA,NSW,150.8688403,-31.8361872,Delivery Area,Delivery Area,10805,Taree - Gloucester,108,Mid North Coast,R3,Updated 6-Feb-2020
3172,2337,OMADALE,NSW,151.080412,-31.966754,Delivery Area,Delivery Area,10805,Taree - Gloucester,108,Mid North Coast,R3,Updated 6-Feb-2020
3173,2337,OWENS GAP,NSW,151.080412,-31.966754,Delivery Area,Delivery Area,10805,Taree - Gloucester,108,Mid North Coast,R3,Updated 6-Feb-2020
3174,2337,PAGES CREEK,NSW,151.080412,-31.966754,Delivery Area,Delivery Area,10805,Taree - Gloucester,108,Mid North Coast,R3,Updated 6-Feb-2020
3175,2337,PARKVILLE,NSW,151.080412,-31.966754,Delivery Area,Delivery Area,10805,Taree - Gloucester,108,Mid North Coast,R3,Updated 6-Feb-2020
3176,2337,SATUR,NSW,151.080412,-31.966754,,,10805,Taree - Gloucester,108,Mid North Coast,R3,Updated 6-Feb-2020
3177,2337,SCONE,NSW,151.080412,-31.966754,Delivery Area,Delivery Area,10805,Taree - Gloucester,108,Mid North Coast,R3,Updated 6-Feb-2020
3178,2337,SEGENHOE,NSW,151.080412,-31.966754,Delivery Area,Delivery Area,10805,Taree - Gloucester,108,Mid North Coast,R3,Updated 6-Feb-2020
3179,2337,STEWARTS BROOK,NSW,151.080412,-31.966754,Delivery Area,Delivery Area,10805,Taree - Gloucester,108,Mid North Coast,R3,Updated 6-Feb-2020
3180,2337,TOMALLA,NSW,151.080412,-31.966754,Delivery Area,Delivery Area,10805,Taree - Gloucester,108,Mid North Coast,R3,Updated 6-Feb-2020
3181,2337,WAVERLY,NSW,151.080412,-31.966754,Delivery Area,Delivery Area,10805,Taree - Gloucester,108,Mid North Coast,R3,Updated 6-Feb-2020
3182,2337,WINGEN,NSW,151.080412,-31.966754,Delivery Area,Delivery Area,10805,Taree - Gloucester,108,Mid North Coast,R3,Updated 6-Feb-2020
3183,2337,WOOLOOMA,NSW,151.080412,-31.966754,Delivery Area,Delivery Area,10805,Taree - Gloucester,108,Mid North Coast,R3,Updated 6-Feb-2020
3184,2338,ARDGLEN,NSW,151.029159,-31.735174,Delivery Area,Delivery Area,11004,Tamworth - Gunnedah,110,New England and North West,R3,Updated 6-Feb-2020
3185,2338,BLANDFORD,NSW,151.029159,-31.735174,Delivery Area,Delivery Area,11004,Tamworth - Gunnedah,110,New England and North West,R3,Updated 6-Feb-2020
3186,2338,CRAWNEY,NSW,151.029159,-31.735174,Delivery Area,Delivery Area,11004,Tamworth - Gunnedah,110,New England and North West,R3,Updated 6-Feb-2020
3187,2338,GREEN CREEK,NSW,151.029159,-31.735174,Delivery Area,Delivery Area,11004,Tamworth - Gunnedah,110,New England and North West,R3,Updated 6-Feb-2020
2905,2338,MURRURUNDI,NSW,151.029159,-31.735174,Delivery Area,Delivery Area,11004,Tamworth - Gunnedah,110,New England and North West,R3,Updated 6-Feb-2020
2906,2338,PAGES RIVER,NSW,151.029159,-31.735174,Delivery Area,Delivery Area,11004,Tamworth - Gunnedah,110,New England and North West,R3,Updated 6-Feb-2020
2907,2338,SANDY CREEK,NSW,151.029159,-31.735174,Delivery Area,Delivery Area,11004,Tamworth - Gunnedah,110,New England and North West,R3,Updated 6-Feb-2020
2908,2338,SCOTTS CREEK,NSW,151.029159,-31.735174,Delivery Area,Delivery Area,11004,Tamworth - Gunnedah,110,New England and North West,R3,Updated 6-Feb-2020
2909,2338,TIMOR,NSW,151.029159,-31.735174,Delivery Area,Delivery Area,11004,Tamworth - Gunnedah,110,New England and North West,R3,Updated 6-Feb-2020
2910,2339,BIG JACKS CREEK,NSW,150.603274,-31.735738,Delivery Area,Delivery Area,11004,Tamworth - Gunnedah,110,New England and North West,R3,Updated 6-Feb-2020
2911,2339,BRAEFIELD,NSW,150.603274,-31.735738,Delivery Area,Delivery Area,11004,Tamworth - Gunnedah,110,New England and North West,R3,Updated 6-Feb-2020
2912,2339,CATTLE CREEK,NSW,150.603274,-31.735738,Delivery Area,Delivery Area,11004,Tamworth - Gunnedah,110,New England and North West,R3,Updated 6-Feb-2020
2913,2339,CHILCOTTS CREEK,NSW,150.603274,-31.735738,Delivery Area,Delivery Area,11004,Tamworth - Gunnedah,110,New England and North West,R3,Updated 6-Feb-2020
2914,2339,LITTLE JACKS CREEK,NSW,150.603274,-31.735738,Delivery Area,Delivery Area,11004,Tamworth - Gunnedah,110,New England and North West,R3,Updated 6-Feb-2020
2915,2339,MACDONALDS CREEK,NSW,150.603274,-31.735738,Delivery Area,Delivery Area,11004,Tamworth - Gunnedah,110,New England and North West,R3,Updated 6-Feb-2020
2916,2339,PARRAWEENA,NSW,150.603274,-31.735738,Delivery Area,Delivery Area,11004,Tamworth - Gunnedah,110,New England and North West,R3,Updated 6-Feb-2020
2917,2339,WARRAH,NSW,150.603274,-31.735738,Delivery Area,Delivery Area,11004,Tamworth - Gunnedah,110,New England and North West,R3,Updated 6-Feb-2020
2918,2339,WARRAH CREEK,NSW,150.603274,-31.735738,Delivery Area,Delivery Area,11004,Tamworth - Gunnedah,110,New England and North West,R3,Updated 6-Feb-2020
2919,2339,WILLOW TREE,NSW,150.603274,-31.735738,Delivery Area,Delivery Area,11004,Tamworth - Gunnedah,110,New England and North West,R3,Updated 6-Feb-2020
2920,2340,APPLEBY,NSW,151.138322,-31.333592,Delivery Area,Delivery Area,11004,Tamworth - Gunnedah,110,New England and North West,R3,Updated 6-Feb-2020
20266,2340,BARRY,NSW,151.2837764,-31.59995012,Delivery Area,Delivery Area,11004,Tamworth - Gunnedah,110,New England and North West,R3,Updated 6-Feb-2020
2921,2340,BECTIVE,NSW,151.138322,-31.333592,Delivery Area,Delivery Area,11004,Tamworth - Gunnedah,110,New England and North West,R3,Updated 6-Feb-2020
2922,2340,BITHRAMERE,NSW,151.138322,-31.333592,Delivery Area,Delivery Area,11004,Tamworth - Gunnedah,110,New England and North West,R3,Updated 6-Feb-2020
2923,2340,BOWLING ALLEY POINT,NSW,151.138322,-31.333592,Delivery Area,Delivery Area,11004,Tamworth - Gunnedah,110,New England and North West,R3,Updated 6-Feb-2020
2924,2340,CALALA,NSW,151.138322,-31.333592,Delivery Area,Delivery Area,11004,Tamworth - Gunnedah,110,New England and North West,R3,Updated 6-Feb-2020
2925,2340,CARROLL,NSW,151.138322,-31.333592,Delivery Area,Delivery Area,11004,Tamworth - Gunnedah,110,New England and North West,R3,Updated 6-Feb-2020
2926,2340,DARUKA,NSW,151.138322,-31.333592,Delivery Area,Delivery Area,11004,Tamworth - Gunnedah,110,New England and North West,R3,Updated 6-Feb-2020
20267,2340,DUNCANS CREEK,NSW,151.2028813,-31.38694998,Delivery Area,Delivery Area,11004,Tamworth - Gunnedah,110,New England and North West,R3,Updated 6-Feb-2020
2927,2340,DUNGOWAN,NSW,151.138322,-31.333592,Delivery Area,Delivery Area,11004,Tamworth - Gunnedah,110,New England and North West,R3,Updated 6-Feb-2020
2928,2340,EAST TAMWORTH,NSW,151.138322,-31.333592,Delivery Area,Delivery Area,11004,Tamworth - Gunnedah,110,New England and North West,R3,Updated 6-Feb-2020
20268,2340,GAROO,NSW,150.9613571,-31.42224232,Delivery Area,Delivery Area,11004,Tamworth - Gunnedah,110,New England and North West,R3,Updated 6-Feb-2020
2929,2340,GIDLEY,NSW,151.138322,-31.333592,Delivery Area,Delivery Area,11004,Tamworth - Gunnedah,110,New England and North West,R3,Updated 6-Feb-2020
2930,2340,GOONOO GOONOO,NSW,151.138322,-31.333592,Delivery Area,Delivery Area,11004,Tamworth - Gunnedah,110,New England and North West,R3,Updated 6-Feb-2020
2931,2340,GOWRIE,NSW,151.138322,-31.333592,Delivery Area,Delivery Area,11004,Tamworth - Gunnedah,110,New England and North West,R3,Updated 6-Feb-2020
2932,2340,HALLSVILLE,NSW,151.138322,-31.333592,Delivery Area,Delivery Area,11004,Tamworth - Gunnedah,110,New England and North West,R3,Updated 6-Feb-2020
2933,2340,HANGING ROCK,NSW,151.138322,-31.333592,Delivery Area,Delivery Area,11004,Tamworth - Gunnedah,110,New England and North West,R3,Updated 6-Feb-2020
2934,2340,HILLVUE,NSW,151.138322,-31.333592,Delivery Area,Delivery Area,11004,Tamworth - Gunnedah,110,New England and North West,R3,Updated 6-Feb-2020
2935,2340,KEEPIT,NSW,151.138322,-31.333592,Delivery Area,Delivery Area,11004,Tamworth - Gunnedah,110,New England and North West,R3,Updated 6-Feb-2020
2936,2340,KINGSWOOD,NSW,151.138322,-31.333592,Delivery Area,Delivery Area,11004,Tamworth - Gunnedah,110,New England and North West,R3,Updated 6-Feb-2020
2937,2340,LOOMBERAH,NSW,151.138322,-31.333592,Delivery Area,Delivery Area,11004,Tamworth - Gunnedah,110,New England and North West,R3,Updated 6-Feb-2020
2938,2340,MOORE CREEK,NSW,151.138322,-31.333592,Delivery Area,Delivery Area,11004,Tamworth - Gunnedah,110,New England and North West,R3,Updated 6-Feb-2020
2939,2340,NEMINGHA,NSW,151.138322,-31.333592,Delivery Area,Delivery Area,11004,Tamworth - Gunnedah,110,New England and North West,R3,Updated 6-Feb-2020
2940,2340,NORTH TAMWORTH,NSW,151.138322,-31.333592,Delivery Area,Delivery Area,11004,Tamworth - Gunnedah,110,New England and North West,R3,Updated 6-Feb-2020
2941,2340,NUNDLE,NSW,151.138322,-31.333592,Delivery Area,Delivery Area,11004,Tamworth - Gunnedah,110,New England and North West,R3,Updated 6-Feb-2020
2942,2340,OGUNBIL,NSW,151.138322,-31.333592,Delivery Area,Delivery Area,11004,Tamworth - Gunnedah,110,New England and North West,R3,Updated 6-Feb-2020
2943,2340,OXLEY VALE,NSW,151.138322,-31.333592,Delivery Area,Delivery Area,11004,Tamworth - Gunnedah,110,New England and North West,R3,Updated 6-Feb-2020
2944,2340,PIALLAMORE,NSW,151.138322,-31.333592,Delivery Area,Delivery Area,11004,Tamworth - Gunnedah,110,New England and North West,R3,Updated 6-Feb-2020
2945,2340,SOMERTON,NSW,151.138322,-31.333592,Delivery Area,Delivery Area,11004,Tamworth - Gunnedah,110,New England and North West,R3,Updated 6-Feb-2020
20269,2340,SOUTH TAMWORTH,NSW,150.9217762,-31.11113844,Delivery Area,Delivery Area,11004,Tamworth - Gunnedah,110,New England and North West,R3,Updated 6-Feb-2020
2946,2340,TAMINDA,NSW,151.138322,-31.333592,Delivery Area,Delivery Area,11004,Tamworth - Gunnedah,110,New England and North West,R3,Updated 6-Feb-2020
2947,2340,TAMWORTH,NSW,151.138322,-31.333592,Delivery Area,Delivery Area,11004,Tamworth - Gunnedah,110,New England and North West,R3,Updated 6-Feb-2020
2948,2340,TAMWORTH SOUTH,NSW,151.138322,-31.333592,,,11004,Tamworth - Gunnedah,110,New England and North West,R3,Updated 6-Feb-2020
2949,2340,TIMBUMBURI,NSW,151.138322,-31.333592,Delivery Area,Delivery Area,11004,Tamworth - Gunnedah,110,New England and North West,R3,Updated 6-Feb-2020
2950,2340,WALLAMORE,NSW,151.138322,-31.333592,Delivery Area,Delivery Area,11004,Tamworth - Gunnedah,110,New England and North West,R3,Updated 6-Feb-2020
2951,2340,WARRAL,NSW,151.138322,-31.333592,Delivery Area,Delivery Area,11004,Tamworth - Gunnedah,110,New England and North West,R3,Updated 6-Feb-2020
2952,2340,WEABONGA,NSW,151.138322,-31.333592,Delivery Area,Delivery Area,11004,Tamworth - Gunnedah,110,New England and North West,R3,Updated 6-Feb-2020
2953,2340,WEST TAMWORTH,NSW,151.138322,-31.333592,Delivery Area,Delivery Area,11004,Tamworth - Gunnedah,110,New England and North West,R3,Updated 6-Feb-2020
2954,2340,WESTDALE,NSW,151.138322,-31.333592,Delivery Area,Delivery Area,11004,Tamworth - Gunnedah,110,New England and North West,R3,Updated 6-Feb-2020
2955,2340,WOOLOMIN,NSW,151.138322,-31.333592,Delivery Area,Delivery Area,11004,Tamworth - Gunnedah,110,New England and North West,R3,Updated 6-Feb-2020
2956,2341,WERRIS CREEK,NSW,150.611053,-31.34664,Delivery Area,Delivery Area,11004,Tamworth - Gunnedah,110,New England and North West,R3,Updated 6-Feb-2020
2957,2342,CURRABUBULA,NSW,150.54907,-31.155223,Delivery Area,Delivery Area,11004,Tamworth - Gunnedah,110,New England and North West,R3,Updated 6-Feb-2020
2958,2342,PIALLAWAY,NSW,150.54907,-31.155223,Delivery Area,Delivery Area,11004,Tamworth - Gunnedah,110,New England and North West,R3,Updated 6-Feb-2020
2959,2343,BLACKVILLE,NSW,150.372784,-31.505932,Delivery Area,Delivery Area,11004,Tamworth - Gunnedah,110,New England and North West,R3,Updated 6-Feb-2020
20270,2343,BORAMBIL,NSW,150.6372026,-31.50597769,Delivery Area,Delivery Area,11004,Tamworth - Gunnedah,110,New England and North West,R3,Updated 6-Feb-2020
2960,2343,BUNDELLA,NSW,150.372784,-31.505932,Delivery Area,Delivery Area,11004,Tamworth - Gunnedah,110,New England and North West,R3,Updated 6-Feb-2020
2961,2343,CAROONA,NSW,150.372784,-31.505932,Delivery Area,Delivery Area,11004,Tamworth - Gunnedah,110,New England and North West,R3,Updated 6-Feb-2020
2962,2343,COLLY BLUE,NSW,150.372784,-31.505932,Delivery Area,Delivery Area,11004,Tamworth - Gunnedah,110,New England and North West,R3,Updated 6-Feb-2020
2963,2343,COOMOO COOMOO,NSW,150.372784,-31.505932,Delivery Area,Delivery Area,11004,Tamworth - Gunnedah,110,New England and North West,R3,Updated 6-Feb-2020
2964,2343,PINE RIDGE,NSW,150.372784,-31.505932,Delivery Area,Delivery Area,11004,Tamworth - Gunnedah,110,New England and North West,R3,Updated 6-Feb-2020
2965,2343,QUIPOLLY,NSW,150.372784,-31.505932,Delivery Area,Delivery Area,11004,Tamworth - Gunnedah,110,New England and North West,R3,Updated 6-Feb-2020
2966,2343,QUIRINDI,NSW,150.372784,-31.505932,Delivery Area,Delivery Area,11004,Tamworth - Gunnedah,110,New England and North West,R3,Updated 6-Feb-2020
2967,2343,SPRING RIDGE,NSW,150.372784,-31.505932,Delivery Area,Delivery Area,11004,Tamworth - Gunnedah,110,New England and North West,R3,Updated 6-Feb-2020
2968,2343,WALLABADAH,NSW,150.372784,-31.505932,Delivery Area,Delivery Area,11004,Tamworth - Gunnedah,110,New England and North West,R3,Updated 6-Feb-2020
2969,2343,WARRAH RIDGE,NSW,150.372784,-31.505932,Delivery Area,Delivery Area,11004,Tamworth - Gunnedah,110,New England and North West,R3,Updated 6-Feb-2020
2970,2343,WINDY,NSW,150.372784,-31.505932,Delivery Area,Delivery Area,11004,Tamworth - Gunnedah,110,New England and North West,R3,Updated 6-Feb-2020
2971,2343,YANNERGEE,NSW,150.372784,-31.505932,Delivery Area,Delivery Area,11004,Tamworth - Gunnedah,110,New England and North West,R3,Updated 6-Feb-2020
20271,2343,YARRAMAN,NSW,150.1491418,-31.66545698,Delivery Area,Delivery Area,11004,Tamworth - Gunnedah,110,New England and North West,R3,Updated 6-Feb-2020
2972,2344,DURI,NSW,150.729574,-31.17375,Delivery Area,Delivery Area,11004,Tamworth - Gunnedah,110,New England and North West,R3,Updated 6-Feb-2020
2973,2344,WINTON,NSW,150.729574,-31.17375,Delivery Area,Delivery Area,11004,Tamworth - Gunnedah,110,New England and North West,R3,Updated 6-Feb-2020
2974,2345,ATTUNGA,NSW,150.875031,-30.864342,Delivery Area,Delivery Area,11004,Tamworth - Gunnedah,110,New England and North West,R3,Updated 6-Feb-2020
2975,2345,GARTHOWEN,NSW,150.875031,-30.864342,Delivery Area,Delivery Area,11004,Tamworth - Gunnedah,110,New England and North West,R3,Updated 6-Feb-2020
20272,2346,BORAH CREEK,NSW,150.5206378,-30.60226666,Delivery Area,Delivery Area,11004,Tamworth - Gunnedah,110,New England and North West,R3,Updated 6-Feb-2020
2976,2346,HALLS CREEK,NSW,150.761923,-30.627675,Delivery Area,Delivery Area,11004,Tamworth - Gunnedah,110,New England and North West,R3,Updated 6-Feb-2020
2977,2346,KLORI,NSW,150.761923,-30.627675,Delivery Area,Delivery Area,11004,Tamworth - Gunnedah,110,New England and North West,R3,Updated 6-Feb-2020
2978,2346,MANILLA,NSW,150.761923,-30.627675,Delivery Area,Delivery Area,11004,Tamworth - Gunnedah,110,New England and North West,R3,Updated 6-Feb-2020
20273,2346,NAMOI RIVER,NSW,150.8152056,-30.59005394,Delivery Area,Delivery Area,11004,Tamworth - Gunnedah,110,New England and North West,R3,Updated 6-Feb-2020
20274,2346,NEW MEXICO,NSW,150.6278623,-30.74039865,Delivery Area,Delivery Area,11004,Tamworth - Gunnedah,110,New England and North West,R3,Updated 6-Feb-2020
20275,2346,RUSHES CREEK,NSW,150.6548008,-30.81768151,Delivery Area,Delivery Area,11004,Tamworth - Gunnedah,110,New England and North West,R3,Updated 6-Feb-2020
2979,2346,UPPER MANILLA,NSW,150.761923,-30.627675,Delivery Area,Delivery Area,11004,Tamworth - Gunnedah,110,New England and North West,R3,Updated 6-Feb-2020
20276,2346,WARRABAH,NSW,150.9716354,-30.50223813,Delivery Area,Delivery Area,11004,Tamworth - Gunnedah,110,New England and North West,R3,Updated 6-Feb-2020
20277,2346,WIMBORNE,NSW,150.6553399,-30.69280149,Delivery Area,Delivery Area,11004,Tamworth - Gunnedah,110,New England and North West,R3,Updated 6-Feb-2020
20278,2346,WONGO CREEK,NSW,150.518242,-30.72850361,Delivery Area,Delivery Area,11004,Tamworth - Gunnedah,110,New England and North West,R3,Updated 6-Feb-2020
2980,2347,BANOON,NSW,150.523163,-30.281899,Delivery Area,Delivery Area,11004,Tamworth - Gunnedah,110,New England and North West,R3,Updated 6-Feb-2020
2981,2347,BARRABA,NSW,150.523163,-30.281899,Delivery Area,Delivery Area,11004,Tamworth - Gunnedah,110,New England and North West,R3,Updated 6-Feb-2020
2982,2347,CARODA,NSW,150.523163,-30.281899,Delivery Area,Delivery Area,11004,Tamworth - Gunnedah,110,New England and North West,R3,Updated 6-Feb-2020
2983,2347,COBBADAH,NSW,150.523163,-30.281899,Delivery Area,Delivery Area,11004,Tamworth - Gunnedah,110,New England and North West,R3,Updated 6-Feb-2020
2984,2347,GULF CREEK,NSW,150.523163,-30.281899,Delivery Area,Delivery Area,11004,Tamworth - Gunnedah,110,New England and North West,R3,Updated 6-Feb-2020
2985,2347,GUNDAMULDA,NSW,150.523163,-30.281899,Delivery Area,Delivery Area,11004,Tamworth - Gunnedah,110,New England and North West,R3,Updated 6-Feb-2020
2986,2347,HORTON VALLEY,NSW,150.523163,-30.281899,,,11004,Tamworth - Gunnedah,110,New England and North West,R3,Updated 6-Feb-2020
2987,2347,IRONBARK,NSW,150.523163,-30.281899,Delivery Area,Delivery Area,11004,Tamworth - Gunnedah,110,New England and North West,R3,Updated 6-Feb-2020
2988,2347,LINDESAY,NSW,150.523163,-30.281899,Delivery Area,Delivery Area,11004,Tamworth - Gunnedah,110,New England and North West,R3,Updated 6-Feb-2020
2989,2347,LONGARM,NSW,150.523163,-30.281899,Delivery Area,Delivery Area,11004,Tamworth - Gunnedah,110,New England and North West,R3,Updated 6-Feb-2020
2990,2347,MAYVALE,NSW,150.523163,-30.281899,Delivery Area,Delivery Area,11004,Tamworth - Gunnedah,110,New England and North West,R3,Updated 6-Feb-2020
2991,2347,RED HILL,NSW,150.523163,-30.281899,Delivery Area,Delivery Area,11004,Tamworth - Gunnedah,110,New England and North West,R3,Updated 6-Feb-2020
20279,2347,THIRLDENE,NSW,150.9072537,-30.33223081,Delivery Area,Delivery Area,11004,Tamworth - Gunnedah,110,New England and North West,R3,Updated 6-Feb-2020
2992,2347,THIRLOENE,NSW,150.523163,-30.281899,Delivery Area,Delivery Area,11004,Tamworth - Gunnedah,110,New England and North West,R3,Updated 6-Feb-2020
20280,2347,UPPER HORTON,NSW,150.3586846,-30.1814995,Delivery Area,Delivery Area,11004,Tamworth - Gunnedah,110,New England and North West,R3,Updated 6-Feb-2020
2993,2347,WOODSREEF,NSW,150.523163,-30.281899,Delivery Area,Delivery Area,11004,Tamworth - Gunnedah,110,New England and North West,R3,Updated 6-Feb-2020
2994,2348,NEW ENGLAND MC,NSW,,,,,,,,,R3,
2995,2350,ABERFOYLE,NSW,151.906153,-30.493397,Delivery Area,Delivery Area,11001,Armidale,110,New England and North West,R3,Updated 6-Feb-2020
2996,2350,ABINGTON,NSW,151.906153,-30.493397,Delivery Area,Delivery Area,11001,Armidale,110,New England and North West,R3,Updated 6-Feb-2020
2997,2350,ACACIA PARK,NSW,151.906153,-30.493397,,,11001,Armidale,110,New England and North West,R3,Updated 6-Feb-2020
2998,2350,ARGYLE,NSW,151.906153,-30.493397,Delivery Area,Delivery Area,11001,Armidale,110,New England and North West,R3,Updated 6-Feb-2020
2999,2350,ARMIDALE,NSW,151.906153,-30.493397,Delivery Area,Delivery Area,11001,Armidale,110,New England and North West,R3,Updated 6-Feb-2020
22822,2350,ARMIDALE DC,NSW,0,0,,,,,,,R3,Added 25-Mar-2020
22823,2350,ARMIDALE EAST,NSW,0,0,,,,,,,R3,Added 25-Mar-2020
3000,2350,BEN VENUE,NSW,151.906153,-30.493397,,,11001,Armidale,110,New England and North West,R3,Updated 6-Feb-2020
3001,2350,BONA VISTA,NSW,151.906153,-30.493397,Delivery Area,Delivery Area,11001,Armidale,110,New England and North West,R3,Updated 6-Feb-2020
3002,2350,BOOROLONG,NSW,151.906153,-30.493397,Delivery Area,Delivery Area,11001,Armidale,110,New England and North West,R3,Updated 6-Feb-2020
3003,2350,CASTLE DOYLE,NSW,151.906153,-30.493397,Delivery Area,Delivery Area,11001,Armidale,110,New England and North West,R3,Updated 6-Feb-2020
3004,2350,COMMISSIONERS WATERS,NSW,151.906153,-30.493397,,,11001,Armidale,110,New England and North West,R3,Updated 6-Feb-2020
3005,2350,DANGARSLEIGH,NSW,151.906153,-30.493397,Delivery Area,Delivery Area,11001,Armidale,110,New England and North West,R3,Updated 6-Feb-2020
3006,2350,DONALD CREEK,NSW,151.906153,-30.493397,Delivery Area,Delivery Area,11001,Armidale,110,New England and North West,R3,Updated 6-Feb-2020
3007,2350,DUMARESQ,NSW,151.906153,-30.493397,Delivery Area,Delivery Area,11001,Armidale,110,New England and North West,R3,Updated 6-Feb-2020
3008,2350,DUVAL,NSW,151.906153,-30.493397,Delivery Area,Delivery Area,11001,Armidale,110,New England and North West,R3,Updated 6-Feb-2020
3009,2350,EAST ARMIDALE,NSW,151.906153,-30.493397,,,11001,Armidale,110,New England and North West,R3,Updated 6-Feb-2020
3010,2350,ENMORE,NSW,151.906153,-30.493397,Delivery Area,Delivery Area,11001,Armidale,110,New England and North West,R3,Updated 6-Feb-2020
3011,2350,HILLGROVE,NSW,151.906153,-30.493397,Delivery Area,Delivery Area,11001,Armidale,110,New England and North West,R3,Updated 6-Feb-2020
3012,2350,INVERGOWRIE,NSW,151.906153,-30.493397,Delivery Area,Delivery Area,11001,Armidale,110,New England and North West,R3,Updated 6-Feb-2020
3013,2350,JEOGLA,NSW,151.906153,-30.493397,Delivery Area,Delivery Area,11001,Armidale,110,New England and North West,R3,Updated 6-Feb-2020
3014,2350,KELLYS PLAINS,NSW,151.906153,-30.493397,Delivery Area,Delivery Area,11001,Armidale,110,New England and North West,R3,Updated 6-Feb-2020
3015,2350,LYNDHURST,NSW,151.906153,-30.493397,Delivery Area,Delivery Area,11001,Armidale,110,New England and North West,R3,Updated 6-Feb-2020
3016,2350,MADGWICK,NSW,151.906153,-30.493397,,,11001,Armidale,110,New England and North West,R3,Updated 6-Feb-2020
3017,2350,METZ,NSW,151.906153,-30.493397,,,11001,Armidale,110,New England and North West,R3,Updated 6-Feb-2020
3018,2350,NEWLING,NSW,151.906153,-30.493397,,,11001,Armidale,110,New England and North West,R3,Updated 6-Feb-2020
3019,2350,NORTH HILL,NSW,151.906153,-30.493397,,,11001,Armidale,110,New England and North West,R3,Updated 6-Feb-2020
3020,2350,PUDDLEDOCK,NSW,151.906153,-30.493397,Delivery Area,Delivery Area,11001,Armidale,110,New England and North West,R3,Updated 6-Feb-2020
3021,2350,SAUMAREZ,NSW,151.906153,-30.493397,Delivery Area,Delivery Area,11001,Armidale,110,New England and North West,R3,Updated 6-Feb-2020
3022,2350,SAUMAREZ PONDS,NSW,151.906153,-30.493397,Delivery Area,Delivery Area,11001,Armidale,110,New England and North West,R3,Updated 6-Feb-2020
3023,2350,SOUDAN HEIGHTS,NSW,151.906153,-30.493397,,,11001,Armidale,110,New England and North West,R3,Updated 6-Feb-2020
3024,2350,SOUTH HILL,NSW,151.906153,-30.493397,,,11001,Armidale,110,New England and North West,R3,Updated 6-Feb-2020
3025,2350,ST PATRICKS,NSW,151.906153,-30.493397,,,11001,Armidale,110,New England and North West,R3,Updated 6-Feb-2020
3026,2350,THALGARRAH,NSW,151.906153,-30.493397,Delivery Area,Delivery Area,11001,Armidale,110,New England and North West,R3,Updated 6-Feb-2020
3027,2350,TILBUSTER,NSW,151.906153,-30.493397,Delivery Area,Delivery Area,11001,Armidale,110,New England and North West,R3,Updated 6-Feb-2020
3028,2350,WARDS MISTAKE,NSW,151.906153,-30.493397,Delivery Area,Delivery Area,11001,Armidale,110,New England and North West,R3,Updated 6-Feb-2020
3029,2350,WEST ARMIDALE,NSW,151.906153,-30.493397,Delivery Area,Delivery Area,11001,Armidale,110,New England and North West,R3,Updated 6-Feb-2020
3030,2350,WOLLOMOMBI,NSW,151.906153,-30.493397,Delivery Area,Delivery Area,11001,Armidale,110,New England and North West,R3,Updated 6-Feb-2020
3031,2350,WONGWIBINDA,NSW,151.906153,-30.493397,Delivery Area,Delivery Area,11001,Armidale,110,New England and North West,R3,Updated 6-Feb-2020
3032,2351,UNIVERSITY OF NEW ENGLAND,NSW,151.639627,-30.489129,LVR,LVR,11001,Armidale,110,New England and North West,R3,Updated 6-Feb-2020
3033,2352,KOOTINGAL,NSW,151.246189,-31.088119,Delivery Area,Delivery Area,11004,Tamworth - Gunnedah,110,New England and North West,R3,Updated 6-Feb-2020
3034,2352,LIMBRI,NSW,151.246189,-31.088119,Delivery Area,Delivery Area,11004,Tamworth - Gunnedah,110,New England and North West,R3,Updated 6-Feb-2020
3035,2352,MULLA CREEK,NSW,151.246189,-31.088119,Delivery Area,Delivery Area,11004,Tamworth - Gunnedah,110,New England and North West,R3,Updated 6-Feb-2020
3036,2352,TINTINHULL,NSW,151.246189,-31.088119,Delivery Area,Delivery Area,11004,Tamworth - Gunnedah,110,New England and North West,R3,Updated 6-Feb-2020
3037,2353,MOONBI,NSW,151.095609,-30.973619,Delivery Area,Delivery Area,11004,Tamworth - Gunnedah,110,New England and North West,R3,Updated 6-Feb-2020
3038,2354,BRANGA PLAINS,NSW,151.762627,-31.145898,Delivery Area,Delivery Area,11004,Tamworth - Gunnedah,110,New England and North West,R3,Updated 6-Feb-2020
3039,2354,KENTUCKY,NSW,151.762627,-31.145898,Delivery Area,Delivery Area,11004,Tamworth - Gunnedah,110,New England and North West,R3,Updated 6-Feb-2020
3040,2354,KENTUCKY SOUTH,NSW,151.762627,-31.145898,Delivery Area,Delivery Area,11004,Tamworth - Gunnedah,110,New England and North West,R3,Updated 6-Feb-2020
1531,2354,MOONA PLAINS,NSW,151.762627,-31.145898,Delivery Area,Delivery Area,11004,Tamworth - Gunnedah,110,New England and North West,R3,Updated 6-Feb-2020
1532,2354,NIANGALA,NSW,151.762627,-31.145898,Delivery Area,Delivery Area,11004,Tamworth - Gunnedah,110,New England and North West,R3,Updated 6-Feb-2020
1533,2354,NOWENDOC,NSW,151.762627,-31.145898,Delivery Area,Delivery Area,11004,Tamworth - Gunnedah,110,New England and North West,R3,Updated 6-Feb-2020
1534,2354,UPPER YARROWITCH,NSW,151.762627,-31.145898,,,11004,Tamworth - Gunnedah,110,New England and North West,R3,Updated 6-Feb-2020
1535,2354,WALCHA,NSW,151.762627,-31.145898,Delivery Area,Delivery Area,11004,Tamworth - Gunnedah,110,New England and North West,R3,Updated 6-Feb-2020
20281,2354,WALCHA ROAD,NSW,151.4210065,-30.9268813,Delivery Area,Delivery Area,11004,Tamworth - Gunnedah,110,New England and North West,R3,Updated 6-Feb-2020
1536,2354,WOLLUN,NSW,151.762627,-31.145898,Delivery Area,Delivery Area,11004,Tamworth - Gunnedah,110,New England and North West,R3,Updated 6-Feb-2020
1537,2354,WOOLBROOK,NSW,151.762627,-31.145898,Delivery Area,Delivery Area,11004,Tamworth - Gunnedah,110,New England and North West,R3,Updated 6-Feb-2020
1538,2354,YARROWITCH,NSW,151.762627,-31.145898,Delivery Area,Delivery Area,11004,Tamworth - Gunnedah,110,New England and North West,R3,Updated 6-Feb-2020
1539,2355,BENDEMEER,NSW,151.154222,-30.775229,Delivery Area,Delivery Area,11004,Tamworth - Gunnedah,110,New England and North West,R3,Updated 6-Feb-2020
1540,2355,RETREAT,NSW,151.154222,-30.775229,,,11004,Tamworth - Gunnedah,110,New England and North West,R3,Updated 6-Feb-2020
1541,2355,WATSONS CREEK,NSW,151.154222,-30.775229,Delivery Area,Delivery Area,11004,Tamworth - Gunnedah,110,New England and North West,R3,Updated 6-Feb-2020
1542,2356,GWABEGAR,NSW,148.96949,-30.619798,Delivery Area,Delivery Area,11003,Moree - Narrabri,110,New England and North West,R3,Updated 6-Feb-2020
20282,2357,BOMERA,NSW,149.781025,-31.51588428,Delivery Area,Delivery Area,10503,Dubbo,105,Far West and Orana,R3,Updated 6-Feb-2020
20283,2357,BOX RIDGE,NSW,149.5217496,-31.45375337,Delivery Area,Delivery Area,10503,Dubbo,105,Far West and Orana,R3,Updated 6-Feb-2020
1543,2357,BUGALDIE,NSW,149.263874,-31.193339,Delivery Area,Delivery Area,10503,Dubbo,105,Far West and Orana,R3,Updated 6-Feb-2020
1544,2357,COONABARABRAN,NSW,149.263874,-31.193339,Delivery Area,Delivery Area,10503,Dubbo,105,Far West and Orana,R3,Updated 6-Feb-2020
20284,2357,DANDRY,NSW,149.3329545,-31.06421377,Delivery Area,Delivery Area,10503,Dubbo,105,Far West and Orana,R3,Updated 6-Feb-2020
20285,2357,GOWANG,NSW,149.0743258,-31.42598894,Delivery Area,Delivery Area,10503,Dubbo,105,Far West and Orana,R3,Updated 6-Feb-2020
1545,2357,PURLEWAUGH,NSW,149.263874,-31.193339,Delivery Area,Delivery Area,10503,Dubbo,105,Far West and Orana,R3,Updated 6-Feb-2020
1546,2357,ROCKY GLEN,NSW,149.263874,-31.193339,Delivery Area,Delivery Area,10503,Dubbo,105,Far West and Orana,R3,Updated 6-Feb-2020
20286,2357,TANNABAR,NSW,149.1691616,-31.35339341,Delivery Area,Delivery Area,10503,Dubbo,105,Far West and Orana,R3,Updated 6-Feb-2020
1547,2357,ULAMAMBRI,NSW,149.263874,-31.193339,Delivery Area,Delivery Area,10503,Dubbo,105,Far West and Orana,R3,Updated 6-Feb-2020
20287,2357,WATTLE SPRINGS,NSW,149.2810155,-31.44646535,Delivery Area,Delivery Area,10503,Dubbo,105,Far West and Orana,R3,Updated 6-Feb-2020
1548,2357,YEARINAN,NSW,149.263874,-31.193339,,,10503,Dubbo,105,Far West and Orana,R3,Updated 6-Feb-2020
1549,2358,ARDING,NSW,151.297519,-30.540297,Delivery Area,Delivery Area,11001,Armidale,110,New England and North West,R3,Updated 6-Feb-2020
1550,2358,BAKERS CREEK,NSW,151.297519,-30.540297,Delivery Area,Delivery Area,11001,Armidale,110,New England and North West,R3,Updated 6-Feb-2020
1551,2358,BALALA,NSW,151.297519,-30.540297,Delivery Area,Delivery Area,11001,Armidale,110,New England and North West,R3,Updated 6-Feb-2020
1553,2358,GOSTWYCK,NSW,151.297519,-30.540297,Delivery Area,Delivery Area,11001,Armidale,110,New England and North West,R3,Updated 6-Feb-2020
1554,2358,KINGSTOWN,NSW,151.297519,-30.540297,Delivery Area,Delivery Area,11001,Armidale,110,New England and North West,R3,Updated 6-Feb-2020
1555,2358,MIHI,NSW,151.297519,-30.540297,Delivery Area,Delivery Area,11001,Armidale,110,New England and North West,R3,Updated 6-Feb-2020
1556,2358,ROCKY RIVER,NSW,151.297519,-30.540297,Delivery Area,Delivery Area,11001,Armidale,110,New England and North West,R3,Updated 6-Feb-2020
1557,2358,SALISBURY PLAINS,NSW,151.297519,-30.540297,Delivery Area,Delivery Area,11001,Armidale,110,New England and North West,R3,Updated 6-Feb-2020
1558,2358,TORRYBURN,NSW,151.297519,-30.540297,Delivery Area,Delivery Area,11001,Armidale,110,New England and North West,R3,Updated 6-Feb-2020
1559,2358,URALLA,NSW,151.297519,-30.540297,Delivery Area,Delivery Area,11001,Armidale,110,New England and North West,R3,Updated 6-Feb-2020
1560,2358,YARROWYCK,NSW,151.297519,-30.540297,Delivery Area,Delivery Area,11001,Armidale,110,New England and North West,R3,Updated 6-Feb-2020
20288,2359,BAKERS CREEK,NSW,150.9955739,-30.3248214,Delivery Area,Delivery Area,11002,Inverell - Tenterfield,110,New England and North West,R3,Updated 6-Feb-2020
1561,2359,BUNDARRA,NSW,151.001122,-30.140505,Delivery Area,Delivery Area,11002,Inverell - Tenterfield,110,New England and North West,R3,Updated 6-Feb-2020
1562,2359,CAMERONS CREEK,NSW,151.001122,-30.140505,Delivery Area,Delivery Area,11002,Inverell - Tenterfield,110,New England and North West,R3,Updated 6-Feb-2020
1563,2360,AUBURN VALE,NSW,151.162025,-29.630052,Delivery Area,Delivery Area,11002,Inverell - Tenterfield,110,New England and North West,R3,Updated 6-Feb-2020
20289,2360,BRODIES PLAINS,NSW,151.1991959,-29.80983727,Delivery Area,Delivery Area,11002,Inverell - Tenterfield,110,New England and North West,R3,Updated 6-Feb-2020
1564,2360,BUKKULLA,NSW,151.162025,-29.630052,Delivery Area,Delivery Area,11002,Inverell - Tenterfield,110,New England and North West,R3,Updated 6-Feb-2020
1565,2360,CHERRY TREE HILL,NSW,151.162025,-29.630052,Delivery Area,Delivery Area,11002,Inverell - Tenterfield,110,New England and North West,R3,Updated 6-Feb-2020
1566,2360,COPETON,NSW,151.162025,-29.630052,Delivery Area,Delivery Area,11002,Inverell - Tenterfield,110,New England and North West,R3,Updated 6-Feb-2020
1567,2360,ELSMORE,NSW,151.162025,-29.630052,Delivery Area,Delivery Area,11002,Inverell - Tenterfield,110,New England and North West,R3,Updated 6-Feb-2020
1568,2360,GILGAI,NSW,151.162025,-29.630052,Delivery Area,Delivery Area,11002,Inverell - Tenterfield,110,New England and North West,R3,Updated 6-Feb-2020
1569,2360,GRAMAN,NSW,151.162025,-29.630052,Delivery Area,Delivery Area,11002,Inverell - Tenterfield,110,New England and North West,R3,Updated 6-Feb-2020
1570,2360,GUM FLAT,NSW,151.162025,-29.630052,Delivery Area,Delivery Area,11002,Inverell - Tenterfield,110,New England and North West,R3,Updated 6-Feb-2020
1571,2360,HOWELL,NSW,151.162025,-29.630052,Delivery Area,Delivery Area,11002,Inverell - Tenterfield,110,New England and North West,R3,Updated 6-Feb-2020
1572,2360,INVERELL,NSW,151.162025,-29.630052,Delivery Area,Delivery Area,11002,Inverell - Tenterfield,110,New England and North West,R3,Updated 6-Feb-2020
1573,2360,KINGS PLAINS,NSW,151.162025,-29.630052,Delivery Area,Delivery Area,11002,Inverell - Tenterfield,110,New England and North West,R3,Updated 6-Feb-2020
1574,2360,LITTLE PLAIN,NSW,151.162025,-29.630052,Delivery Area,Delivery Area,11002,Inverell - Tenterfield,110,New England and North West,R3,Updated 6-Feb-2020
1575,2360,LONG PLAIN,NSW,151.162025,-29.630052,Delivery Area,Delivery Area,11002,Inverell - Tenterfield,110,New England and North West,R3,Updated 6-Feb-2020
1576,2360,MOUNT RUSSELL,NSW,151.162025,-29.630052,Delivery Area,Delivery Area,11002,Inverell - Tenterfield,110,New England and North West,R3,Updated 6-Feb-2020
1577,2360,NEWSTEAD,NSW,151.162025,-29.630052,Delivery Area,Delivery Area,11002,Inverell - Tenterfield,110,New England and North West,R3,Updated 6-Feb-2020
1578,2360,NULLAMANNA,NSW,151.162025,-29.630052,Delivery Area,Delivery Area,11002,Inverell - Tenterfield,110,New England and North West,R3,Updated 6-Feb-2020
1579,2360,OAKWOOD,NSW,151.162025,-29.630052,,,11002,Inverell - Tenterfield,110,New England and North West,R3,Updated 6-Feb-2020
1580,2360,PARADISE,NSW,151.162025,-29.630052,Delivery Area,Delivery Area,11002,Inverell - Tenterfield,110,New England and North West,R3,Updated 6-Feb-2020
1581,2360,ROB ROY,NSW,151.162025,-29.630052,Delivery Area,Delivery Area,11002,Inverell - Tenterfield,110,New England and North West,R3,Updated 6-Feb-2020
1582,2360,SAPPHIRE,NSW,151.162025,-29.630052,Delivery Area,Delivery Area,11002,Inverell - Tenterfield,110,New England and North West,R3,Updated 6-Feb-2020
1583,2360,SPRING MOUNTAIN,NSW,151.162025,-29.630052,Delivery Area,Delivery Area,11002,Inverell - Tenterfield,110,New England and North West,R3,Updated 6-Feb-2020
1584,2360,STANBOROUGH,NSW,151.162025,-29.630052,Delivery Area,Delivery Area,11002,Inverell - Tenterfield,110,New England and North West,R3,Updated 6-Feb-2020
1585,2360,SWANBROOK,NSW,151.162025,-29.630052,Delivery Area,Delivery Area,11002,Inverell - Tenterfield,110,New England and North West,R3,Updated 6-Feb-2020
1586,2360,WALLANGRA,NSW,151.162025,-29.630052,Delivery Area,Delivery Area,11002,Inverell - Tenterfield,110,New England and North West,R3,Updated 6-Feb-2020
20290,2360,WANDERA,NSW,151.1474963,-29.66963849,Delivery Area,Delivery Area,11002,Inverell - Tenterfield,110,New England and North West,R3,Updated 6-Feb-2020
20291,2360,WOODSTOCK,NSW,151.314883,-29.74182058,Delivery Area,Delivery Area,11002,Inverell - Tenterfield,110,New England and North West,R3,Updated 6-Feb-2020
1587,2361,ASHFORD,NSW,151.141751,-29.198493,Delivery Area,Delivery Area,11002,Inverell - Tenterfield,110,New England and North West,R3,Updated 6-Feb-2020
1588,2361,ATHOLWOOD,NSW,151.141751,-29.198493,Delivery Area,Delivery Area,11002,Inverell - Tenterfield,110,New England and North West,R3,Updated 6-Feb-2020
1589,2361,BONSHAW,NSW,151.141751,-29.198493,Delivery Area,Delivery Area,11002,Inverell - Tenterfield,110,New England and North West,R3,Updated 6-Feb-2020
1590,2361,LIMESTONE,NSW,151.141751,-29.198493,Delivery Area,Delivery Area,11002,Inverell - Tenterfield,110,New England and North West,R3,Updated 6-Feb-2020
1591,2361,PINDAROI,NSW,151.141751,-29.198493,Delivery Area,Delivery Area,11002,Inverell - Tenterfield,110,New England and North West,R3,Updated 6-Feb-2020
1592,2365,BACKWATER,NSW,151.673028,-30.115913,Delivery Area,Delivery Area,11002,Inverell - Tenterfield,110,New England and North West,R3,Updated 6-Feb-2020
1593,2365,BALD BLAIR,NSW,151.673028,-30.115913,Delivery Area,Delivery Area,11002,Inverell - Tenterfield,110,New England and North West,R3,Updated 6-Feb-2020
1594,2365,BALDERSLEIGH,NSW,151.673028,-30.115913,Delivery Area,Delivery Area,11002,Inverell - Tenterfield,110,New England and North West,R3,Updated 6-Feb-2020
1595,2365,BASSENDEAN,NSW,151.673028,-30.115913,Delivery Area,Delivery Area,11002,Inverell - Tenterfield,110,New England and North West,R3,Updated 6-Feb-2020
1596,2365,BEN LOMOND,NSW,151.673028,-30.115913,Delivery Area,Delivery Area,11002,Inverell - Tenterfield,110,New England and North West,R3,Updated 6-Feb-2020
1597,2365,BLACK MOUNTAIN,NSW,151.673028,-30.115913,Delivery Area,Delivery Area,11002,Inverell - Tenterfield,110,New England and North West,R3,Updated 6-Feb-2020
1598,2365,BOOROLONG,NSW,151.673028,-30.115913,,,11002,Inverell - Tenterfield,110,New England and North West,R3,Updated 6-Feb-2020
1599,2365,BRIARBROOK,NSW,151.673028,-30.115913,Delivery Area,Delivery Area,11002,Inverell - Tenterfield,110,New England and North West,R3,Updated 6-Feb-2020
1600,2365,BROCKLEY,NSW,151.673028,-30.115913,Delivery Area,Delivery Area,11002,Inverell - Tenterfield,110,New England and North West,R3,Updated 6-Feb-2020
1601,2365,BRUSHY CREEK,NSW,151.673028,-30.115913,Delivery Area,Delivery Area,11002,Inverell - Tenterfield,110,New England and North West,R3,Updated 6-Feb-2020
1602,2365,FALCONER,NSW,151.673028,-30.115913,Delivery Area,Delivery Area,11002,Inverell - Tenterfield,110,New England and North West,R3,Updated 6-Feb-2020
1603,2365,GEORGES CREEK,NSW,151.673028,-30.115913,Delivery Area,Delivery Area,11002,Inverell - Tenterfield,110,New England and North West,R3,Updated 6-Feb-2020
1604,2365,GLEN NEVIS,NSW,151.673028,-30.115913,Delivery Area,Delivery Area,11002,Inverell - Tenterfield,110,New England and North West,R3,Updated 6-Feb-2020
1605,2365,GLENCOE,NSW,151.673028,-30.115913,Delivery Area,Delivery Area,11002,Inverell - Tenterfield,110,New England and North West,R3,Updated 6-Feb-2020
1606,2365,GREEN HILLS,NSW,151.673028,-30.115913,Delivery Area,Delivery Area,11002,Inverell - Tenterfield,110,New England and North West,R3,Updated 6-Feb-2020
1607,2365,GUYRA,NSW,151.673028,-30.115913,Delivery Area,Delivery Area,11002,Inverell - Tenterfield,110,New England and North West,R3,Updated 6-Feb-2020
1608,2365,LLANGOTHLIN,NSW,151.673028,-30.115913,Delivery Area,Delivery Area,11002,Inverell - Tenterfield,110,New England and North West,R3,Updated 6-Feb-2020
1609,2365,MAYBOLE,NSW,151.673028,-30.115913,Delivery Area,Delivery Area,11002,Inverell - Tenterfield,110,New England and North West,R3,Updated 6-Feb-2020
1610,2365,MOUNT MITCHELL,NSW,151.673028,-30.115913,Delivery Area,Delivery Area,11002,Inverell - Tenterfield,110,New England and North West,R3,Updated 6-Feb-2020
1611,2365,NEW VALLEY,NSW,151.673028,-30.115913,Delivery Area,Delivery Area,11002,Inverell - Tenterfield,110,New England and North West,R3,Updated 6-Feb-2020
1612,2365,OBAN,NSW,151.673028,-30.115913,Delivery Area,Delivery Area,11002,Inverell - Tenterfield,110,New England and North West,R3,Updated 6-Feb-2020
1613,2365,SOUTH GUYRA,NSW,151.673028,-30.115913,Delivery Area,Delivery Area,11002,Inverell - Tenterfield,110,New England and North West,R3,Updated 6-Feb-2020
1614,2365,TENTERDEN,NSW,151.673028,-30.115913,Delivery Area,Delivery Area,11002,Inverell - Tenterfield,110,New England and North West,R3,Updated 6-Feb-2020
1615,2365,THE BASIN,NSW,151.673028,-30.115913,Delivery Area,Delivery Area,11002,Inverell - Tenterfield,110,New England and North West,R3,Updated 6-Feb-2020
1616,2365,THE GULF,NSW,151.673028,-30.115913,,,11002,Inverell - Tenterfield,110,New England and North West,R3,Updated 6-Feb-2020
1617,2365,TUBBAMURRA,NSW,151.673028,-30.115913,Delivery Area,Delivery Area,11002,Inverell - Tenterfield,110,New England and North West,R3,Updated 6-Feb-2020
1618,2365,WANDSWORTH,NSW,151.673028,-30.115913,Delivery Area,Delivery Area,11002,Inverell - Tenterfield,110,New England and North West,R3,Updated 6-Feb-2020
1619,2369,OLD MILL,NSW,151.265077,-29.985367,Delivery Area,Delivery Area,11002,Inverell - Tenterfield,110,New England and North West,R3,Updated 6-Feb-2020
1620,2369,STANNIFER,NSW,151.265077,-29.985367,Delivery Area,Delivery Area,11002,Inverell - Tenterfield,110,New England and North West,R3,Updated 6-Feb-2020
1621,2369,TINGHA,NSW,151.265077,-29.985367,Delivery Area,Delivery Area,11002,Inverell - Tenterfield,110,New England and North West,R3,Updated 6-Feb-2020
1622,2370,BALD NOB,NSW,151.869397,-29.736171,Delivery Area,Delivery Area,11002,Inverell - Tenterfield,110,New England and North West,R3,Updated 6-Feb-2020
1623,2370,DIEHARD,NSW,151.869397,-29.736171,Delivery Area,Delivery Area,11002,Inverell - Tenterfield,110,New England and North West,R3,Updated 6-Feb-2020
1624,2370,DUNDEE,NSW,151.869397,-29.736171,Delivery Area,Delivery Area,11002,Inverell - Tenterfield,110,New England and North West,R3,Updated 6-Feb-2020
1625,2370,FURRACABAD,NSW,151.869397,-29.736171,Delivery Area,Delivery Area,11002,Inverell - Tenterfield,110,New England and North West,R3,Updated 6-Feb-2020
1626,2370,GIBRALTAR RANGE,NSW,151.869397,-29.736171,Delivery Area,Delivery Area,11002,Inverell - Tenterfield,110,New England and North West,R3,Updated 6-Feb-2020
1627,2370,GLEN ELGIN,NSW,151.869397,-29.736171,Delivery Area,Delivery Area,11002,Inverell - Tenterfield,110,New England and North West,R3,Updated 6-Feb-2020
1628,2370,GLEN INNES,NSW,151.869397,-29.736171,Delivery Area,Delivery Area,11002,Inverell - Tenterfield,110,New England and North West,R3,Updated 6-Feb-2020
1629,2370,KINGSGATE,NSW,151.869397,-29.736171,Delivery Area,Delivery Area,11002,Inverell - Tenterfield,110,New England and North West,R3,Updated 6-Feb-2020
20292,2370,KINGSLAND,NSW,151.4677895,-29.70222047,Delivery Area,Delivery Area,11002,Inverell - Tenterfield,110,New England and North West,R3,Updated 6-Feb-2020
1630,2370,KOOKABOOKRA,NSW,151.869397,-29.736171,Delivery Area,Delivery Area,11002,Inverell - Tenterfield,110,New England and North West,R3,Updated 6-Feb-2020
1631,2370,LAMBS VALLEY,NSW,151.869397,-29.736171,Delivery Area,Delivery Area,11002,Inverell - Tenterfield,110,New England and North West,R3,Updated 6-Feb-2020
1632,2370,MATHESON,NSW,151.869397,-29.736171,Delivery Area,Delivery Area,11002,Inverell - Tenterfield,110,New England and North West,R3,Updated 6-Feb-2020
1633,2370,MOGGS SWAMP,NSW,151.869397,-29.736171,Delivery Area,Delivery Area,11002,Inverell - Tenterfield,110,New England and North West,R3,Updated 6-Feb-2020
1634,2370,MOOGEM,NSW,151.869397,-29.736171,Delivery Area,Delivery Area,11002,Inverell - Tenterfield,110,New England and North West,R3,Updated 6-Feb-2020
1635,2370,MORVEN,NSW,151.869397,-29.736171,Delivery Area,Delivery Area,11002,Inverell - Tenterfield,110,New England and North West,R3,Updated 6-Feb-2020
1636,2370,NEWTON BOYD,NSW,151.869397,-29.736171,Delivery Area,Delivery Area,11002,Inverell - Tenterfield,110,New England and North West,R3,Updated 6-Feb-2020
1637,2370,PINKETT,NSW,151.869397,-29.736171,Delivery Area,Delivery Area,11002,Inverell - Tenterfield,110,New England and North West,R3,Updated 6-Feb-2020
1638,2370,RANGERS VALLEY,NSW,151.869397,-29.736171,Delivery Area,Delivery Area,11002,Inverell - Tenterfield,110,New England and North West,R3,Updated 6-Feb-2020
1639,2370,RED RANGE,NSW,151.869397,-29.736171,Delivery Area,Delivery Area,11002,Inverell - Tenterfield,110,New England and North West,R3,Updated 6-Feb-2020
1640,2370,REDDESTONE,NSW,151.869397,-29.736171,Delivery Area,Delivery Area,11002,Inverell - Tenterfield,110,New England and North West,R3,Updated 6-Feb-2020
1641,2370,SHANNON VALE,NSW,151.869397,-29.736171,Delivery Area,Delivery Area,11002,Inverell - Tenterfield,110,New England and North West,R3,Updated 6-Feb-2020
1642,2370,STONEHENGE,NSW,151.869397,-29.736171,,,11002,Inverell - Tenterfield,110,New England and North West,R3,Updated 6-Feb-2020
1643,2370,SWAN VALE,NSW,151.869397,-29.736171,Delivery Area,Delivery Area,11002,Inverell - Tenterfield,110,New England and North West,R3,Updated 6-Feb-2020
1644,2370,WELLINGROVE,NSW,151.869397,-29.736171,Delivery Area,Delivery Area,11002,Inverell - Tenterfield,110,New England and North West,R3,Updated 6-Feb-2020
1645,2370,YARROWFORD,NSW,151.869397,-29.736171,Delivery Area,Delivery Area,11002,Inverell - Tenterfield,110,New England and North West,R3,Updated 6-Feb-2020
1646,2371,CAPOOMPETA,NSW,151.814675,-29.36625,Delivery Area,Delivery Area,11002,Inverell - Tenterfield,110,New England and North West,R3,Updated 6-Feb-2020
1647,2371,DEEPWATER,NSW,151.814675,-29.36625,Delivery Area,Delivery Area,11002,Inverell - Tenterfield,110,New England and North West,R3,Updated 6-Feb-2020
1648,2371,EMMAVILLE,NSW,151.814675,-29.36625,Delivery Area,Delivery Area,11002,Inverell - Tenterfield,110,New England and North West,R3,Updated 6-Feb-2020
1649,2371,ROCKY CREEK,NSW,151.814675,-29.36625,Delivery Area,Delivery Area,11002,Inverell - Tenterfield,110,New England and North West,R3,Updated 6-Feb-2020
1650,2371,STANNUM,NSW,151.814675,-29.36625,Delivery Area,Delivery Area,11002,Inverell - Tenterfield,110,New England and North West,R3,Updated 6-Feb-2020
1651,2371,TENT HILL,NSW,151.814675,-29.36625,Delivery Area,Delivery Area,11002,Inverell - Tenterfield,110,New England and North West,R3,Updated 6-Feb-2020
1652,2371,THE GULF,NSW,151.814675,-29.36625,Delivery Area,Delivery Area,11002,Inverell - Tenterfield,110,New England and North West,R3,Updated 6-Feb-2020
1368,2371,TORRINGTON,NSW,151.814675,-29.36625,Delivery Area,Delivery Area,11002,Inverell - Tenterfield,110,New England and North West,R3,Updated 6-Feb-2020
1369,2371,TUNGSTEN,NSW,151.814675,-29.36625,,,11002,Inverell - Tenterfield,110,New England and North West,R3,Updated 6-Feb-2020
1370,2371,WELLINGTON VALE,NSW,151.814675,-29.36625,Delivery Area,Delivery Area,11002,Inverell - Tenterfield,110,New England and North West,R3,Updated 6-Feb-2020
1371,2371,YELLOW DAM,NSW,151.814675,-29.36625,Delivery Area,Delivery Area,11002,Inverell - Tenterfield,110,New England and North West,R3,Updated 6-Feb-2020
20293,2372,BACK CREEK,NSW,151.7288939,-28.96166715,Delivery Area,Delivery Area,30703,Granite Belt,307,Darling Downs - Maranoa,R3,Updated 6-Feb-2020
1372,2372,BILLYRIMBA,NSW,151.999661,-29.083319,Delivery Area,Delivery Area,30703,Granite Belt,307,Darling Downs - Maranoa,R3,Updated 6-Feb-2020
1373,2372,BLACK SWAMP,NSW,151.999661,-29.083319,Delivery Area,Delivery Area,30703,Granite Belt,307,Darling Downs - Maranoa,R3,Updated 6-Feb-2020
1374,2372,BLUFF ROCK,NSW,151.999661,-29.083319,Delivery Area,Delivery Area,30703,Granite Belt,307,Darling Downs - Maranoa,R3,Updated 6-Feb-2020
1375,2372,BOLIVIA,NSW,151.999661,-29.083319,Delivery Area,Delivery Area,30703,Granite Belt,307,Darling Downs - Maranoa,R3,Updated 6-Feb-2020
20294,2372,BOOKOOKOORARA,NSW,152.0684087,-28.77766139,Delivery Area,Delivery Area,30703,Granite Belt,307,Darling Downs - Maranoa,R3,Updated 6-Feb-2020
1376,2372,BOONOO BOONOO,NSW,151.999661,-29.083319,Delivery Area,Delivery Area,30703,Granite Belt,307,Darling Downs - Maranoa,R3,Updated 6-Feb-2020
1377,2372,BOOROOK,NSW,151.999661,-29.083319,Delivery Area,Delivery Area,30703,Granite Belt,307,Darling Downs - Maranoa,R3,Updated 6-Feb-2020
1378,2372,BRYANS GAP,NSW,151.999661,-29.083319,Delivery Area,Delivery Area,30703,Granite Belt,307,Darling Downs - Maranoa,R3,Updated 6-Feb-2020
1379,2372,BUNGULLA,NSW,151.999661,-29.083319,Delivery Area,Delivery Area,30703,Granite Belt,307,Darling Downs - Maranoa,R3,Updated 6-Feb-2020
1380,2372,CARROLLS CREEK,NSW,151.999661,-29.083319,Delivery Area,Delivery Area,30703,Granite Belt,307,Darling Downs - Maranoa,R3,Updated 6-Feb-2020
20295,2372,CULLENDORE,NSW,152.1551366,-28.49040206,Delivery Area,Delivery Area,30703,Granite Belt,307,Darling Downs - Maranoa,R3,Updated 6-Feb-2020
20296,2372,DUMARESQ VALLEY,NSW,151.4848277,-29.17228885,Delivery Area,Delivery Area,30703,Granite Belt,307,Darling Downs - Maranoa,R3,Updated 6-Feb-2020
20297,2372,FOREST LAND,NSW,152.1353448,-29.26059113,Delivery Area,Delivery Area,30703,Granite Belt,307,Darling Downs - Maranoa,R3,Updated 6-Feb-2020
1381,2372,LISTON,NSW,151.999661,-29.083319,Delivery Area,Delivery Area,30703,Granite Belt,307,Darling Downs - Maranoa,R3,Updated 6-Feb-2020
1382,2372,MINGOOLA,NSW,151.999661,-29.083319,Delivery Area,Delivery Area,30703,Granite Belt,307,Darling Downs - Maranoa,R3,Updated 6-Feb-2020
20298,2372,MOLE RIVER,NSW,151.6360172,-29.0306328,Delivery Area,Delivery Area,30703,Granite Belt,307,Darling Downs - Maranoa,R3,Updated 6-Feb-2020
1383,2372,PYES CREEK,NSW,151.999661,-29.083319,Delivery Area,Delivery Area,30703,Granite Belt,307,Darling Downs - Maranoa,R3,Updated 6-Feb-2020
1384,2372,RIVERTREE,NSW,151.999661,-29.083319,Delivery Area,Delivery Area,30703,Granite Belt,307,Darling Downs - Maranoa,R3,Updated 6-Feb-2020
20299,2372,ROCKY RIVER,NSW,152.306808,-29.18550255,Delivery Area,Delivery Area,30703,Granite Belt,307,Darling Downs - Maranoa,R3,Updated 6-Feb-2020
1385,2372,SANDY FLAT,NSW,151.999661,-29.083319,Delivery Area,Delivery Area,30703,Granite Belt,307,Darling Downs - Maranoa,R3,Updated 6-Feb-2020
1386,2372,SANDY HILL,NSW,151.999661,-29.083319,Delivery Area,Delivery Area,30703,Granite Belt,307,Darling Downs - Maranoa,R3,Updated 6-Feb-2020
1387,2372,SILENT GROVE,NSW,151.999661,-29.083319,Delivery Area,Delivery Area,30703,Granite Belt,307,Darling Downs - Maranoa,R3,Updated 6-Feb-2020
1388,2372,STEINBROOK,NSW,151.999661,-29.083319,Delivery Area,Delivery Area,30703,Granite Belt,307,Darling Downs - Maranoa,R3,Updated 6-Feb-2020
1389,2372,SUNNYSIDE,NSW,151.999661,-29.083319,Delivery Area,Delivery Area,30703,Granite Belt,307,Darling Downs - Maranoa,R3,Updated 6-Feb-2020
20300,2372,TARBAN,NSW,151.8716845,-28.96705987,Delivery Area,Delivery Area,30703,Granite Belt,307,Darling Downs - Maranoa,R3,Updated 6-Feb-2020
1390,2372,TENTERFIELD,NSW,151.999661,-29.083319,Delivery Area,Delivery Area,30703,Granite Belt,307,Darling Downs - Maranoa,R3,Updated 6-Feb-2020
1391,2372,THE SCRUB,NSW,151.999661,-29.083319,Delivery Area,Delivery Area,30703,Granite Belt,307,Darling Downs - Maranoa,R3,Updated 6-Feb-2020
20301,2372,TIMBARRA,NSW,152.2302973,-29.05657437,Delivery Area,Delivery Area,30703,Granite Belt,307,Darling Downs - Maranoa,R3,Updated 6-Feb-2020
1392,2372,WILLSONS DOWNFALL,NSW,151.999661,-29.083319,Delivery Area,Delivery Area,30703,Granite Belt,307,Darling Downs - Maranoa,R3,Updated 6-Feb-2020
20302,2372,WOODSIDE,NSW,151.8404829,-29.06686201,Delivery Area,Delivery Area,30703,Granite Belt,307,Darling Downs - Maranoa,R3,Updated 6-Feb-2020
1393,2372,WYLIE CREEK,NSW,151.999661,-29.083319,Delivery Area,Delivery Area,30703,Granite Belt,307,Darling Downs - Maranoa,R3,Updated 6-Feb-2020
1394,2379,GOOLHI,NSW,149.754627,-31.126265,Delivery Area,Delivery Area,11004,Tamworth - Gunnedah,110,New England and North West,R3,Updated 6-Feb-2020
1395,2379,MULLALEY,NSW,149.754627,-31.126265,Delivery Area,Delivery Area,11004,Tamworth - Gunnedah,110,New England and North West,R3,Updated 6-Feb-2020
20303,2379,NAPIER LANE,NSW,149.5378325,-31.22948628,Delivery Area,Delivery Area,11004,Tamworth - Gunnedah,110,New England and North West,R3,Updated 6-Feb-2020
20304,2379,NOMBI,NSW,149.7614891,-31.18757986,Delivery Area,Delivery Area,11004,Tamworth - Gunnedah,110,New England and North West,R3,Updated 6-Feb-2020
1396,2380,BASIN PLAIN,NSW,150.199154,-31.046117,,,11004,Tamworth - Gunnedah,110,New England and North West,R3,Updated 6-Feb-2020
1397,2380,BLUE VALE,NSW,150.199154,-31.046117,Delivery Area,Delivery Area,11004,Tamworth - Gunnedah,110,New England and North West,R3,Updated 6-Feb-2020
1398,2380,BURBURGATE,NSW,150.199154,-31.046117,,,11004,Tamworth - Gunnedah,110,New England and North West,R3,Updated 6-Feb-2020
1399,2380,COOCOOBOONAH,NSW,150.199154,-31.046117,,,11004,Tamworth - Gunnedah,110,New England and North West,R3,Updated 6-Feb-2020
1400,2380,EMERALD HILL,NSW,150.199154,-31.046117,Delivery Area,Delivery Area,11004,Tamworth - Gunnedah,110,New England and North West,R3,Updated 6-Feb-2020
1401,2380,GHOOLENDAADI,NSW,150.199154,-31.046117,Delivery Area,Delivery Area,11004,Tamworth - Gunnedah,110,New England and North West,R3,Updated 6-Feb-2020
1402,2380,GUNNEDAH,NSW,150.199154,-31.046117,Delivery Area,Delivery Area,11004,Tamworth - Gunnedah,110,New England and North West,R3,Updated 6-Feb-2020
1403,2380,GUNNEMBENE,NSW,150.199154,-31.046117,,,11004,Tamworth - Gunnedah,110,New England and North West,R3,Updated 6-Feb-2020
1404,2380,KELVIN,NSW,150.199154,-31.046117,Delivery Area,Delivery Area,11004,Tamworth - Gunnedah,110,New England and North West,R3,Updated 6-Feb-2020
1405,2380,MARYS MOUNT,NSW,150.199154,-31.046117,Delivery Area,Delivery Area,11004,Tamworth - Gunnedah,110,New England and North West,R3,Updated 6-Feb-2020
1406,2380,MEERMAUL,NSW,150.199154,-31.046117,,,11004,Tamworth - Gunnedah,110,New England and North West,R3,Updated 6-Feb-2020
1407,2380,MILROY,NSW,150.199154,-31.046117,Delivery Area,Delivery Area,11004,Tamworth - Gunnedah,110,New England and North West,R3,Updated 6-Feb-2020
1408,2380,NOGGABRI,NSW,150.199154,-31.046117,,,11004,Tamworth - Gunnedah,110,New England and North West,R3,Updated 6-Feb-2020
1409,2380,ORANGE GROVE,NSW,150.199154,-31.046117,Delivery Area,Delivery Area,11004,Tamworth - Gunnedah,110,New England and North West,R3,Updated 6-Feb-2020
1410,2380,RANGARI,NSW,150.199154,-31.046117,Delivery Area,Delivery Area,11004,Tamworth - Gunnedah,110,New England and North West,R3,Updated 6-Feb-2020
1411,2381,BREEZA,NSW,150.457901,-31.244175,Delivery Area,Delivery Area,11004,Tamworth - Gunnedah,110,New England and North West,R3,Updated 6-Feb-2020
1412,2381,CURLEWIS,NSW,150.457901,-31.244175,Delivery Area,Delivery Area,11004,Tamworth - Gunnedah,110,New England and North West,R3,Updated 6-Feb-2020
1413,2381,NEA,NSW,150.457901,-31.244175,,,11004,Tamworth - Gunnedah,110,New England and North West,R3,Updated 6-Feb-2020
1414,2381,PREMER,NSW,150.457901,-31.244175,Delivery Area,Delivery Area,11004,Tamworth - Gunnedah,110,New England and North West,R3,Updated 6-Feb-2020
1415,2381,PULLAMING,NSW,150.457901,-31.244175,,,11004,Tamworth - Gunnedah,110,New England and North West,R3,Updated 6-Feb-2020
1416,2381,TAMBAR SPRINGS,NSW,150.457901,-31.244175,Delivery Area,Delivery Area,11004,Tamworth - Gunnedah,110,New England and North West,R3,Updated 6-Feb-2020
1417,2382,BOGGABRI,NSW,150.17806,-30.595044,Delivery Area,Delivery Area,11004,Tamworth - Gunnedah,110,New England and North West,R3,Updated 6-Feb-2020
1418,2382,MAULES CREEK,NSW,150.17806,-30.595044,Delivery Area,Delivery Area,11004,Tamworth - Gunnedah,110,New England and North West,R3,Updated 6-Feb-2020
1419,2382,WEAN,NSW,150.17806,-30.595044,Delivery Area,Delivery Area,11004,Tamworth - Gunnedah,110,New England and North West,R3,Updated 6-Feb-2020
1420,2382,WILLALA,NSW,150.17806,-30.595044,Delivery Area,Delivery Area,11004,Tamworth - Gunnedah,110,New England and North West,R3,Updated 6-Feb-2020
1421,2386,BURREN JUNCTION,NSW,148.924417,-30.07897,Delivery Area,Delivery Area,11003,Moree - Narrabri,110,New England and North West,R3,Updated 6-Feb-2020
1422,2386,DRILDOOL,NSW,148.924417,-30.07897,Delivery Area,Delivery Area,11003,Moree - Narrabri,110,New England and North West,R3,Updated 6-Feb-2020
20305,2386,NOWLEY,NSW,149.1501936,-30.01165066,Delivery Area,Delivery Area,11003,Moree - Narrabri,110,New England and North West,R3,Updated 6-Feb-2020
20306,2387,BULYEROI,NSW,149.1822101,-29.79568858,Delivery Area,Delivery Area,11003,Moree - Narrabri,110,New England and North West,R3,Updated 6-Feb-2020
1423,2387,ROWENA,NSW,148.837106,-29.757915,Delivery Area,Delivery Area,11003,Moree - Narrabri,110,New England and North West,R3,Updated 6-Feb-2020
1424,2388,BOOLCARROLL,NSW,149.001543,-30.427329,Delivery Area,Delivery Area,11003,Moree - Narrabri,110,New England and North West,R3,Updated 6-Feb-2020
1425,2388,CUTTABRI,NSW,149.001543,-30.427329,Delivery Area,Delivery Area,11003,Moree - Narrabri,110,New England and North West,R3,Updated 6-Feb-2020
1426,2388,JEWS LAGOON,NSW,149.001543,-30.427329,Delivery Area,Delivery Area,11003,Moree - Narrabri,110,New England and North West,R3,Updated 6-Feb-2020
1427,2388,MERAH NORTH,NSW,149.001543,-30.427329,Delivery Area,Delivery Area,11003,Moree - Narrabri,110,New England and North West,R3,Updated 6-Feb-2020
1428,2388,PILLIGA,NSW,149.001543,-30.427329,Delivery Area,Delivery Area,11003,Moree - Narrabri,110,New England and North West,R3,Updated 6-Feb-2020
1429,2388,SPRING PLAINS,NSW,149.001543,-30.427329,Delivery Area,Delivery Area,11003,Moree - Narrabri,110,New England and North West,R3,Updated 6-Feb-2020
1430,2388,THE PILLIGA,NSW,149.001543,-30.427329,Delivery Area,Delivery Area,11003,Moree - Narrabri,110,New England and North West,R3,Updated 6-Feb-2020
1431,2388,WEE WAA,NSW,149.001543,-30.427329,Delivery Area,Delivery Area,11003,Moree - Narrabri,110,New England and North West,R3,Updated 6-Feb-2020
1432,2388,YARRIE LAKE,NSW,149.001543,-30.427329,Delivery Area,Delivery Area,11003,Moree - Narrabri,110,New England and North West,R3,Updated 6-Feb-2020
1433,2390,BAAN BAA,NSW,149.767538,-30.413331,Delivery Area,Delivery Area,11004,Tamworth - Gunnedah,110,New England and North West,R3,Updated 6-Feb-2020
20307,2390,BACK CREEK,NSW,150.27558,-30.11226482,Delivery Area,Delivery Area,11004,Tamworth - Gunnedah,110,New England and North West,R3,Updated 6-Feb-2020
20308,2390,BERRIGAL,NSW,150.1146539,-29.96557013,Delivery Area,Delivery Area,11004,Tamworth - Gunnedah,110,New England and North West,R3,Updated 6-Feb-2020
1434,2390,BOHENA CREEK,NSW,149.767538,-30.413331,Delivery Area,Delivery Area,11004,Tamworth - Gunnedah,110,New England and North West,R3,Updated 6-Feb-2020
1435,2390,BULLAWA CREEK,NSW,149.767538,-30.413331,Delivery Area,Delivery Area,11004,Tamworth - Gunnedah,110,New England and North West,R3,Updated 6-Feb-2020
1436,2390,COURADDA,NSW,149.767538,-30.413331,Delivery Area,Delivery Area,11004,Tamworth - Gunnedah,110,New England and North West,R3,Updated 6-Feb-2020
1437,2390,EDGEROI,NSW,149.767538,-30.413331,Delivery Area,Delivery Area,11004,Tamworth - Gunnedah,110,New England and North West,R3,Updated 6-Feb-2020
1438,2390,EULAH CREEK,NSW,149.767538,-30.413331,Delivery Area,Delivery Area,11004,Tamworth - Gunnedah,110,New England and North West,R3,Updated 6-Feb-2020
1439,2390,HARPARARY,NSW,149.767538,-30.413331,Delivery Area,Delivery Area,11004,Tamworth - Gunnedah,110,New England and North West,R3,Updated 6-Feb-2020
1440,2390,JACKS CREEK,NSW,149.767538,-30.413331,Delivery Area,Delivery Area,11004,Tamworth - Gunnedah,110,New England and North West,R3,Updated 6-Feb-2020
1441,2390,KAPUTAR,NSW,149.767538,-30.413331,Delivery Area,Delivery Area,11004,Tamworth - Gunnedah,110,New England and North West,R3,Updated 6-Feb-2020
1442,2390,NARRABRI,NSW,149.767538,-30.413331,Delivery Area,Delivery Area,11004,Tamworth - Gunnedah,110,New England and North West,R3,Updated 6-Feb-2020
1443,2390,NARRABRI WEST,NSW,149.767538,-30.413331,Delivery Area,Delivery Area,11004,Tamworth - Gunnedah,110,New England and North West,R3,Updated 6-Feb-2020
20309,2390,ROCKY CREEK,NSW,150.2598195,-29.99938637,Delivery Area,Delivery Area,11004,Tamworth - Gunnedah,110,New England and North West,R3,Updated 6-Feb-2020
1444,2390,TARRIARO,NSW,149.767538,-30.413331,Delivery Area,Delivery Area,11004,Tamworth - Gunnedah,110,New England and North West,R3,Updated 6-Feb-2020
1445,2390,TURRAWAN,NSW,149.767538,-30.413331,Delivery Area,Delivery Area,11004,Tamworth - Gunnedah,110,New England and North West,R3,Updated 6-Feb-2020
1446,2395,BINNAWAY,NSW,149.440922,-31.584172,Delivery Area,Delivery Area,10503,Dubbo,105,Far West and Orana,R3,Updated 6-Feb-2020
20310,2395,ROPERS ROAD,NSW,149.4787008,-31.54621044,Delivery Area,Delivery Area,10503,Dubbo,105,Far West and Orana,R3,Updated 6-Feb-2020
1447,2395,WEETALIBA,NSW,149.440922,-31.584172,Delivery Area,Delivery Area,10503,Dubbo,105,Far West and Orana,R3,Updated 6-Feb-2020
1448,2396,BARADINE,NSW,148.984063,-30.777381,Delivery Area,Delivery Area,10503,Dubbo,105,Far West and Orana,R3,Updated 6-Feb-2020
1449,2396,BARWON,NSW,148.984063,-30.777381,Delivery Area,Delivery Area,10503,Dubbo,105,Far West and Orana,R3,Updated 6-Feb-2020
20311,2396,GOORIANAWA,NSW,148.9900531,-31.13300534,Delivery Area,Delivery Area,10503,Dubbo,105,Far West and Orana,R3,Updated 6-Feb-2020
1450,2396,KENEBRI,NSW,148.984063,-30.777381,Delivery Area,Delivery Area,10503,Dubbo,105,Far West and Orana,R3,Updated 6-Feb-2020
1451,2397,BELLATA,NSW,149.690988,-29.925739,Delivery Area,Delivery Area,11003,Moree - Narrabri,110,New England and North West,R3,Updated 6-Feb-2020
20312,2397,JEWS LAGOON,NSW,149.4666001,-29.86779202,Delivery Area,Delivery Area,11003,Moree - Narrabri,110,New England and North West,R3,Updated 6-Feb-2020
1452,2397,MILLIE,NSW,149.690988,-29.925739,Delivery Area,Delivery Area,11003,Moree - Narrabri,110,New England and North West,R3,Updated 6-Feb-2020
1453,2397,THALABA,NSW,149.690988,-29.925739,Delivery Area,Delivery Area,11003,Moree - Narrabri,110,New England and North West,R3,Updated 6-Feb-2020
1454,2398,GURLEY,NSW,149.795738,-29.741061,Delivery Area,Delivery Area,11003,Moree - Narrabri,110,New England and North West,R3,Updated 6-Feb-2020
1455,2399,BINIGUY,NSW,150.222662,-29.409325,Delivery Area,Delivery Area,11003,Moree - Narrabri,110,New England and North West,R3,Updated 6-Feb-2020
1456,2399,MILGUY,NSW,150.222662,-29.409325,,,11003,Moree - Narrabri,110,New England and North West,R3,Updated 6-Feb-2020
1457,2399,PALLAMALLAWA,NSW,150.222662,-29.409325,Delivery Area,Delivery Area,11003,Moree - Narrabri,110,New England and North West,R3,Updated 6-Feb-2020
1458,2400,ASHLEY,NSW,149.462148,-29.474921,Delivery Area,Delivery Area,11003,Moree - Narrabri,110,New England and North West,R3,Updated 6-Feb-2020
1459,2400,BULLARAH,NSW,149.462148,-29.474921,Delivery Area,Delivery Area,11003,Moree - Narrabri,110,New England and North West,R3,Updated 6-Feb-2020
1460,2400,CROOBLE,NSW,149.462148,-29.474921,Delivery Area,Delivery Area,11003,Moree - Narrabri,110,New England and North West,R3,Updated 6-Feb-2020
1461,2400,MALLOWA,NSW,149.462148,-29.474921,Delivery Area,Delivery Area,11003,Moree - Narrabri,110,New England and North West,R3,Updated 6-Feb-2020
1462,2400,MOREE,NSW,149.462148,-29.474921,Delivery Area,Delivery Area,11003,Moree - Narrabri,110,New England and North West,R3,Updated 6-Feb-2020
1463,2400,MOREE EAST,NSW,149.462148,-29.474921,Delivery Area,Delivery Area,11003,Moree - Narrabri,110,New England and North West,R3,Updated 6-Feb-2020
1464,2400,TERRY HIE HIE,NSW,149.462148,-29.474921,Delivery Area,Delivery Area,11003,Moree - Narrabri,110,New England and North West,R3,Updated 6-Feb-2020
1465,2400,TIKITERE,NSW,149.462148,-29.474921,,,11003,Moree - Narrabri,110,New England and North West,R3,Updated 6-Feb-2020
1466,2400,TULLOONA,NSW,149.462148,-29.474921,Delivery Area,Delivery Area,11003,Moree - Narrabri,110,New England and North West,R3,Updated 6-Feb-2020
1467,2400,YARRAMAN,NSW,149.462148,-29.474921,Delivery Area,Delivery Area,11003,Moree - Narrabri,110,New England and North West,R3,Updated 6-Feb-2020
1468,2401,GRAVESEND,NSW,150.331619,-29.611901,Delivery Area,Delivery Area,11003,Moree - Narrabri,110,New England and North West,R3,Updated 6-Feb-2020
1469,2402,COOLATAI,NSW,150.547545,-29.441821,Delivery Area,Delivery Area,11002,Inverell - Tenterfield,110,New England and North West,R3,Updated 6-Feb-2020
1470,2402,WARIALDA,NSW,150.547545,-29.441821,Delivery Area,Delivery Area,11002,Inverell - Tenterfield,110,New England and North West,R3,Updated 6-Feb-2020
1471,2402,WARIALDA RAIL,NSW,150.547545,-29.441821,Delivery Area,Delivery Area,11002,Inverell - Tenterfield,110,New England and North West,R3,Updated 6-Feb-2020
20313,2403,BALFOURS PEAK,NSW,150.7837543,-29.46368911,Delivery Area,Delivery Area,11002,Inverell - Tenterfield,110,New England and North West,R3,Updated 6-Feb-2020
1472,2403,DELUNGRA,NSW,150.787333,-29.620234,Delivery Area,Delivery Area,11002,Inverell - Tenterfield,110,New England and North West,R3,Updated 6-Feb-2020
1473,2403,GRAGIN,NSW,150.787333,-29.620234,Delivery Area,Delivery Area,11002,Inverell - Tenterfield,110,New England and North West,R3,Updated 6-Feb-2020
1474,2403,KOLOONA,NSW,150.787333,-29.620234,,,11002,Inverell - Tenterfield,110,New England and North West,R3,Updated 6-Feb-2020
1475,2403,MYALL CREEK,NSW,150.787333,-29.620234,Delivery Area,Delivery Area,11002,Inverell - Tenterfield,110,New England and North West,R3,Updated 6-Feb-2020
20314,2404,BANGHEET,NSW,150.4165507,-29.83711766,Delivery Area,Delivery Area,11002,Inverell - Tenterfield,110,New England and North West,R3,Updated 6-Feb-2020
1476,2404,BINGARA,NSW,150.49786,-29.871532,Delivery Area,Delivery Area,11002,Inverell - Tenterfield,110,New England and North West,R3,Updated 6-Feb-2020
1477,2404,DINOGA,NSW,150.49786,-29.871532,Delivery Area,Delivery Area,11002,Inverell - Tenterfield,110,New England and North West,R3,Updated 6-Feb-2020
20315,2404,ELCOMBE,NSW,150.3155103,-29.8596195,Delivery Area,Delivery Area,11002,Inverell - Tenterfield,110,New England and North West,R3,Updated 6-Feb-2020
20316,2404,GINEROI,NSW,150.5025855,-29.73913547,Delivery Area,Delivery Area,11002,Inverell - Tenterfield,110,New England and North West,R3,Updated 6-Feb-2020
1478,2404,KEERA,NSW,150.49786,-29.871532,Delivery Area,Delivery Area,11002,Inverell - Tenterfield,110,New England and North West,R3,Updated 6-Feb-2020
20317,2404,PALLAL,NSW,150.4433102,-29.9737811,Delivery Area,Delivery Area,11002,Inverell - Tenterfield,110,New England and North West,R3,Updated 6-Feb-2020
1479,2404,UPPER BINGARA,NSW,150.49786,-29.871532,Delivery Area,Delivery Area,11002,Inverell - Tenterfield,110,New England and North West,R3,Updated 6-Feb-2020
20318,2404,WHITLOW,NSW,150.7354843,-29.89153536,Delivery Area,Delivery Area,11002,Inverell - Tenterfield,110,New England and North West,R3,Updated 6-Feb-2020
1480,2405,BOOMI,NSW,149.647249,-28.894651,Delivery Area,Delivery Area,11003,Moree - Narrabri,110,New England and North West,R3,Updated 6-Feb-2020
1481,2405,GARAH,NSW,149.647249,-28.894651,Delivery Area,Delivery Area,11003,Moree - Narrabri,110,New England and North West,R3,Updated 6-Feb-2020
1482,2406,MUNGINDI,NSW,148.847796,-28.893724,Delivery Area,Delivery Area,30701,Darling Downs (West) - Maranoa,307,Darling Downs - Maranoa,R3,Updated 6-Feb-2020
1483,2406,WEEMELAH,NSW,148.847796,-28.893724,Delivery Area,Delivery Area,30701,Darling Downs (West) - Maranoa,307,Darling Downs - Maranoa,R3,Updated 6-Feb-2020
20319,2408,BLUE NOBBY,NSW,150.5788791,-29.02809007,Delivery Area,Delivery Area,11003,Moree - Narrabri,110,New England and North West,R3,Updated 6-Feb-2020
1484,2408,MUNGLE,NSW,150.435032,-29.035918,,,11003,Moree - Narrabri,110,New England and North West,R3,Updated 6-Feb-2020
1485,2408,NORTH STAR,NSW,150.435032,-29.035918,Delivery Area,Delivery Area,11003,Moree - Narrabri,110,New England and North West,R3,Updated 6-Feb-2020
20320,2408,YALLAROI,NSW,150.5199163,-29.11854168,Delivery Area,Delivery Area,11003,Moree - Narrabri,110,New England and North West,R3,Updated 6-Feb-2020
1486,2409,BOGGABILLA,NSW,150.185847,-28.707837,Delivery Area,Delivery Area,11003,Moree - Narrabri,110,New England and North West,R3,Updated 6-Feb-2020
20321,2409,BOONAL,NSW,150.5515363,-28.76070035,Delivery Area,Delivery Area,11003,Moree - Narrabri,110,New England and North West,R3,Updated 6-Feb-2020
20322,2410,TWIN RIVERS,NSW,150.6884812,-28.70513532,Delivery Area,Delivery Area,11002,Inverell - Tenterfield,110,New England and North West,R3,Updated 6-Feb-2020
1487,2410,YETMAN,NSW,150.742604,-28.901048,Delivery Area,Delivery Area,11002,Inverell - Tenterfield,110,New England and North West,R3,Updated 6-Feb-2020
1488,2411,CROPPA CREEK,NSW,150.307886,-29.131193,Delivery Area,Delivery Area,11003,Moree - Narrabri,110,New England and North West,R3,Updated 6-Feb-2020
1489,2415,MONKERAI,NSW,151.888327,-32.306267,Delivery Area,Delivery Area,10805,Taree - Gloucester,108,Mid North Coast,R3,Updated 6-Feb-2020
1490,2415,NOOROO,NSW,151.888327,-32.306267,Delivery Area,Delivery Area,10805,Taree - Gloucester,108,Mid North Coast,R3,Updated 6-Feb-2020
1491,2415,STROUD ROAD,NSW,151.888327,-32.306267,Delivery Area,Delivery Area,10805,Taree - Gloucester,108,Mid North Coast,R3,Updated 6-Feb-2020
20323,2415,UPPER KARUAH RIVER,NSW,151.7445251,-32.16526685,Delivery Area,Delivery Area,10805,Taree - Gloucester,108,Mid North Coast,R3,Updated 6-Feb-2020
1492,2415,WEISMANTELS,NSW,151.888327,-32.306267,Delivery Area,Delivery Area,10805,Taree - Gloucester,108,Mid North Coast,R3,Updated 6-Feb-2020
1493,2420,ALISON,NSW,151.685456,-32.239696,Delivery Area,Delivery Area,10801,Great Lakes,108,Mid North Coast,R3,Updated 6-Feb-2020
1494,2420,BANDON GROVE,NSW,151.685456,-32.239696,Delivery Area,Delivery Area,10801,Great Lakes,108,Mid North Coast,R3,Updated 6-Feb-2020
1495,2420,BENDOLBA,NSW,151.685456,-32.239696,Delivery Area,Delivery Area,10801,Great Lakes,108,Mid North Coast,R3,Updated 6-Feb-2020
1496,2420,BROOKFIELD,NSW,151.685456,-32.239696,Delivery Area,Delivery Area,10801,Great Lakes,108,Mid North Coast,R3,Updated 6-Feb-2020
1497,2420,BROWNMORE,NSW,151.685456,-32.239696,,,10801,Great Lakes,108,Mid North Coast,R3,Updated 6-Feb-2020
1498,2420,CAMBRA,NSW,151.685456,-32.239696,Delivery Area,Delivery Area,10801,Great Lakes,108,Mid North Coast,R3,Updated 6-Feb-2020
1499,2420,CHICHESTER,NSW,151.685456,-32.239696,Delivery Area,Delivery Area,10801,Great Lakes,108,Mid North Coast,R3,Updated 6-Feb-2020
1500,2420,DINGADEE,NSW,151.685456,-32.239696,,,10801,Great Lakes,108,Mid North Coast,R3,Updated 6-Feb-2020
1501,2420,DUNGOG,NSW,151.685456,-32.239696,Delivery Area,Delivery Area,10801,Great Lakes,108,Mid North Coast,R3,Updated 6-Feb-2020
1502,2420,DUSODIE,NSW,151.685456,-32.239696,,,10801,Great Lakes,108,Mid North Coast,R3,Updated 6-Feb-2020
1503,2420,FLAT TOPS,NSW,151.685456,-32.239696,Delivery Area,Delivery Area,10801,Great Lakes,108,Mid North Coast,R3,Updated 6-Feb-2020
1504,2420,FOSTERTON,NSW,151.685456,-32.239696,Delivery Area,Delivery Area,10801,Great Lakes,108,Mid North Coast,R3,Updated 6-Feb-2020
20324,2420,HANLEYS CREEK,NSW,151.6835195,-32.41767413,Delivery Area,Delivery Area,10801,Great Lakes,108,Mid North Coast,R3,Updated 6-Feb-2020
1505,2420,HILLDALE,NSW,151.685456,-32.239696,Delivery Area,Delivery Area,10801,Great Lakes,108,Mid North Coast,R3,Updated 6-Feb-2020
1506,2420,MAIN CREEK,NSW,151.685456,-32.239696,Delivery Area,Delivery Area,10801,Great Lakes,108,Mid North Coast,R3,Updated 6-Feb-2020
1507,2420,MARSHDALE,NSW,151.685456,-32.239696,Delivery Area,Delivery Area,10801,Great Lakes,108,Mid North Coast,R3,Updated 6-Feb-2020
1508,2420,MARTINS CREEK,NSW,151.685456,-32.239696,Delivery Area,Delivery Area,10801,Great Lakes,108,Mid North Coast,R3,Updated 6-Feb-2020
1509,2420,MUNNI,NSW,151.685456,-32.239696,Delivery Area,Delivery Area,10801,Great Lakes,108,Mid North Coast,R3,Updated 6-Feb-2020
1510,2420,SALISBURY,NSW,151.685456,-32.239696,Delivery Area,Delivery Area,10801,Great Lakes,108,Mid North Coast,R3,Updated 6-Feb-2020
20325,2420,STROUD HILL,NSW,151.8123007,-32.37931999,Delivery Area,Delivery Area,10801,Great Lakes,108,Mid North Coast,R3,Updated 6-Feb-2020
20326,2420,SUGARLOAF,NSW,151.6912683,-32.38124101,Delivery Area,Delivery Area,10801,Great Lakes,108,Mid North Coast,R3,Updated 6-Feb-2020
20327,2420,TABBIL CREEK,NSW,151.7323463,-32.42249509,Delivery Area,Delivery Area,10801,Great Lakes,108,Mid North Coast,R3,Updated 6-Feb-2020
799,2420,TILLEGRA,NSW,151.685456,-32.239696,,,10801,Great Lakes,108,Mid North Coast,R3,Updated 6-Feb-2020
800,2420,UNDERBANK,NSW,151.685456,-32.239696,Delivery Area,Delivery Area,10801,Great Lakes,108,Mid North Coast,R3,Updated 6-Feb-2020
801,2420,UPPER CHICHESTER,NSW,151.685456,-32.239696,,,10801,Great Lakes,108,Mid North Coast,R3,Updated 6-Feb-2020
20328,2420,WALLARINGA,NSW,151.6709688,-32.45449922,Delivery Area,Delivery Area,10801,Great Lakes,108,Mid North Coast,R3,Updated 6-Feb-2020
802,2420,WALLAROBBA,NSW,151.685456,-32.239696,Delivery Area,Delivery Area,10801,Great Lakes,108,Mid North Coast,R3,Updated 6-Feb-2020
20329,2420,WIRRAGULLA,NSW,151.7352991,-32.45415227,Delivery Area,Delivery Area,10801,Great Lakes,108,Mid North Coast,R3,Updated 6-Feb-2020
803,2421,FISHERS HILL,NSW,151.543017,-32.601853,Delivery Area,Delivery Area,10602,Maitland,106,Hunter Valley exc Newcastle,R3,Updated 6-Feb-2020
804,2421,PATERSON,NSW,151.543017,-32.601853,Delivery Area,Delivery Area,10602,Maitland,106,Hunter Valley exc Newcastle,R3,Updated 6-Feb-2020
20330,2421,SUMMER HILL,NSW,151.4940695,-32.46923642,Delivery Area,Delivery Area,10602,Maitland,106,Hunter Valley exc Newcastle,R3,Updated 6-Feb-2020
805,2421,TOCAL,NSW,151.543017,-32.601853,Delivery Area,Delivery Area,10602,Maitland,106,Hunter Valley exc Newcastle,R3,Updated 6-Feb-2020
806,2421,TORRYBURN,NSW,151.543017,-32.601853,Delivery Area,Delivery Area,10602,Maitland,106,Hunter Valley exc Newcastle,R3,Updated 6-Feb-2020
807,2421,TREVALLYN,NSW,151.543017,-32.601853,,,10602,Maitland,106,Hunter Valley exc Newcastle,R3,Updated 6-Feb-2020
808,2421,VACY,NSW,151.543017,-32.601853,Delivery Area,Delivery Area,10602,Maitland,106,Hunter Valley exc Newcastle,R3,Updated 6-Feb-2020
20331,2421,WEBBERS CREEK,NSW,151.5127294,-32.58240999,Delivery Area,Delivery Area,10602,Maitland,106,Hunter Valley exc Newcastle,R3,Updated 6-Feb-2020
809,2422,BACK CREEK,NSW,151.865806,-31.973082,Delivery Area,Delivery Area,10805,Taree - Gloucester,108,Mid North Coast,R3,Updated 6-Feb-2020
810,2422,BAKERS CREEK,NSW,151.865806,-31.973082,Delivery Area,Delivery Area,10805,Taree - Gloucester,108,Mid North Coast,R3,Updated 6-Feb-2020
811,2422,BARRINGTON,NSW,151.865806,-31.973082,Delivery Area,Delivery Area,10805,Taree - Gloucester,108,Mid North Coast,R3,Updated 6-Feb-2020
812,2422,BARRINGTON TOPS,NSW,151.865806,-31.973082,Delivery Area,Delivery Area,10805,Taree - Gloucester,108,Mid North Coast,R3,Updated 6-Feb-2020
20332,2422,BAXTERS RIDGE,NSW,151.9042773,-31.70736492,Delivery Area,Delivery Area,10805,Taree - Gloucester,108,Mid North Coast,R3,Updated 6-Feb-2020
813,2422,BELBORA,NSW,151.865806,-31.973082,Delivery Area,Delivery Area,10805,Taree - Gloucester,108,Mid North Coast,R3,Updated 6-Feb-2020
814,2422,BERRICO,NSW,151.865806,-31.973082,Delivery Area,Delivery Area,10805,Taree - Gloucester,108,Mid North Coast,R3,Updated 6-Feb-2020
815,2422,BINDERA,NSW,151.865806,-31.973082,Delivery Area,Delivery Area,10805,Taree - Gloucester,108,Mid North Coast,R3,Updated 6-Feb-2020
816,2422,BOWMAN,NSW,151.865806,-31.973082,Delivery Area,Delivery Area,10805,Taree - Gloucester,108,Mid North Coast,R3,Updated 6-Feb-2020
817,2422,BOWMAN FARM,NSW,151.865806,-31.973082,Delivery Area,Delivery Area,10805,Taree - Gloucester,108,Mid North Coast,R3,Updated 6-Feb-2020
818,2422,BRETTI,NSW,151.865806,-31.973082,Delivery Area,Delivery Area,10805,Taree - Gloucester,108,Mid North Coast,R3,Updated 6-Feb-2020
819,2422,BULLIAC,NSW,151.865806,-31.973082,Delivery Area,Delivery Area,10805,Taree - Gloucester,108,Mid North Coast,R3,Updated 6-Feb-2020
820,2422,BUNDOOK,NSW,151.865806,-31.973082,Delivery Area,Delivery Area,10805,Taree - Gloucester,108,Mid North Coast,R3,Updated 6-Feb-2020
20333,2422,CALLAGHANS CREEK,NSW,152.0057689,-31.85785497,Delivery Area,Delivery Area,10805,Taree - Gloucester,108,Mid North Coast,R3,Updated 6-Feb-2020
821,2422,CALLAGHANS CREEKS,NSW,151.865806,-31.973082,,,10805,Taree - Gloucester,108,Mid North Coast,R3,Updated 6-Feb-2020
822,2422,COBARK,NSW,151.865806,-31.973082,Delivery Area,Delivery Area,10805,Taree - Gloucester,108,Mid North Coast,R3,Updated 6-Feb-2020
823,2422,CONEAC,NSW,151.865806,-31.973082,Delivery Area,Delivery Area,10805,Taree - Gloucester,108,Mid North Coast,R3,Updated 6-Feb-2020
824,2422,COPELAND,NSW,151.865806,-31.973082,Delivery Area,Delivery Area,10805,Taree - Gloucester,108,Mid North Coast,R3,Updated 6-Feb-2020
825,2422,CORROBOREE FLAT,NSW,151.865806,-31.973082,,,10805,Taree - Gloucester,108,Mid North Coast,R3,Updated 6-Feb-2020
826,2422,CRAVEN,NSW,151.865806,-31.973082,Delivery Area,Delivery Area,10805,Taree - Gloucester,108,Mid North Coast,R3,Updated 6-Feb-2020
827,2422,CRAVEN PLATEAU,NSW,151.865806,-31.973082,Delivery Area,Delivery Area,10805,Taree - Gloucester,108,Mid North Coast,R3,Updated 6-Feb-2020
828,2422,CURRICABARK,NSW,151.865806,-31.973082,Delivery Area,Delivery Area,10805,Taree - Gloucester,108,Mid North Coast,R3,Updated 6-Feb-2020
829,2422,DEWITT,NSW,151.865806,-31.973082,Delivery Area,Delivery Area,10805,Taree - Gloucester,108,Mid North Coast,R3,Updated 6-Feb-2020
830,2422,DOON AYRE,NSW,151.865806,-31.973082,,,10805,Taree - Gloucester,108,Mid North Coast,R3,Updated 6-Feb-2020
831,2422,FAULKLAND,NSW,151.865806,-31.973082,Delivery Area,Delivery Area,10805,Taree - Gloucester,108,Mid North Coast,R3,Updated 6-Feb-2020
832,2422,FORBESDALE,NSW,151.865806,-31.973082,Delivery Area,Delivery Area,10805,Taree - Gloucester,108,Mid North Coast,R3,Updated 6-Feb-2020
833,2422,GANGAT,NSW,151.865806,-31.973082,Delivery Area,Delivery Area,10805,Taree - Gloucester,108,Mid North Coast,R3,Updated 6-Feb-2020
834,2422,GIRO,NSW,151.865806,-31.973082,Delivery Area,Delivery Area,10805,Taree - Gloucester,108,Mid North Coast,R3,Updated 6-Feb-2020
835,2422,GLEN WARD,NSW,151.865806,-31.973082,Delivery Area,Delivery Area,10805,Taree - Gloucester,108,Mid North Coast,R3,Updated 6-Feb-2020
836,2422,GLOUCESTER,NSW,151.865806,-31.973082,Delivery Area,Delivery Area,10805,Taree - Gloucester,108,Mid North Coast,R3,Updated 6-Feb-2020
20334,2422,GLOUCESTER TOPS,NSW,151.6196186,-32.06617564,Delivery Area,Delivery Area,10805,Taree - Gloucester,108,Mid North Coast,R3,Updated 6-Feb-2020
837,2422,INVERGORDON,NSW,151.865806,-31.973082,Delivery Area,Delivery Area,10805,Taree - Gloucester,108,Mid North Coast,R3,Updated 6-Feb-2020
838,2422,KIA ORA,NSW,151.865806,-31.973082,Delivery Area,Delivery Area,10805,Taree - Gloucester,108,Mid North Coast,R3,Updated 6-Feb-2020
20335,2422,MARES RUN,NSW,151.8000688,-31.64114923,Delivery Area,Delivery Area,10805,Taree - Gloucester,108,Mid North Coast,R3,Updated 6-Feb-2020
839,2422,MAUDVILLE,NSW,151.865806,-31.973082,,,10805,Taree - Gloucester,108,Mid North Coast,R3,Updated 6-Feb-2020
20336,2422,MERNOT,NSW,151.572082,-31.68852751,Delivery Area,Delivery Area,10805,Taree - Gloucester,108,Mid North Coast,R3,Updated 6-Feb-2020
840,2422,MOGRANI,NSW,151.865806,-31.973082,Delivery Area,Delivery Area,10805,Taree - Gloucester,108,Mid North Coast,R3,Updated 6-Feb-2020
841,2422,MOGRANI CREEK,NSW,151.865806,-31.973082,,,10805,Taree - Gloucester,108,Mid North Coast,R3,Updated 6-Feb-2020
842,2422,MOPPY,NSW,151.865806,-31.973082,Delivery Area,Delivery Area,10805,Taree - Gloucester,108,Mid North Coast,R3,Updated 6-Feb-2020
843,2422,MOUNT PEERLESS,NSW,151.865806,-31.973082,,,10805,Taree - Gloucester,108,Mid North Coast,R3,Updated 6-Feb-2020
844,2422,PITLOCHRY,NSW,151.865806,-31.973082,,,10805,Taree - Gloucester,108,Mid North Coast,R3,Updated 6-Feb-2020
845,2422,RAWDON VALE,NSW,151.865806,-31.973082,Delivery Area,Delivery Area,10805,Taree - Gloucester,108,Mid North Coast,R3,Updated 6-Feb-2020
846,2422,ROOKHURST,NSW,151.865806,-31.973082,Delivery Area,Delivery Area,10805,Taree - Gloucester,108,Mid North Coast,R3,Updated 6-Feb-2020
847,2422,STRATFORD,NSW,151.865806,-31.973082,Delivery Area,Delivery Area,10805,Taree - Gloucester,108,Mid North Coast,R3,Updated 6-Feb-2020
20337,2422,TERREEL,NSW,152.0443123,-32.22050122,Delivery Area,Delivery Area,10805,Taree - Gloucester,108,Mid North Coast,R3,Updated 6-Feb-2020
848,2422,TIBBUC,NSW,151.865806,-31.973082,Delivery Area,Delivery Area,10805,Taree - Gloucester,108,Mid North Coast,R3,Updated 6-Feb-2020
849,2422,TITAATEE CREEK,NSW,151.865806,-31.973082,Delivery Area,Delivery Area,10805,Taree - Gloucester,108,Mid North Coast,R3,Updated 6-Feb-2020
850,2422,TUGRABAKH,NSW,151.865806,-31.973082,Delivery Area,Delivery Area,10805,Taree - Gloucester,108,Mid North Coast,R3,Updated 6-Feb-2020
851,2422,UPPER BOWMAN,NSW,151.865806,-31.973082,Delivery Area,Delivery Area,10805,Taree - Gloucester,108,Mid North Coast,R3,Updated 6-Feb-2020
852,2422,WALLANBAH,NSW,151.865806,-31.973082,Delivery Area,Delivery Area,10805,Taree - Gloucester,108,Mid North Coast,R3,Updated 6-Feb-2020
853,2422,WAPRA,NSW,151.865806,-31.973082,,,10805,Taree - Gloucester,108,Mid North Coast,R3,Updated 6-Feb-2020
854,2422,WARDS RIVER,NSW,151.865806,-31.973082,Delivery Area,Delivery Area,10805,Taree - Gloucester,108,Mid North Coast,R3,Updated 6-Feb-2020
855,2422,WAUKIVORY,NSW,151.865806,-31.973082,Delivery Area,Delivery Area,10805,Taree - Gloucester,108,Mid North Coast,R3,Updated 6-Feb-2020
856,2422,WIRRADGURIE,NSW,151.865806,-31.973082,,,10805,Taree - Gloucester,108,Mid North Coast,R3,Updated 6-Feb-2020
857,2422,WOKO,NSW,151.865806,-31.973082,Delivery Area,Delivery Area,10805,Taree - Gloucester,108,Mid North Coast,R3,Updated 6-Feb-2020
858,2423,BOMBAH POINT,NSW,152.270901,-32.364861,Delivery Area,Delivery Area,10805,Taree - Gloucester,108,Mid North Coast,R3,Updated 6-Feb-2020
859,2423,BOOLAMBAYTE,NSW,152.270901,-32.364861,Delivery Area,Delivery Area,10805,Taree - Gloucester,108,Mid North Coast,R3,Updated 6-Feb-2020
860,2423,BULAHDELAH,NSW,152.270901,-32.364861,Delivery Area,Delivery Area,10805,Taree - Gloucester,108,Mid North Coast,R3,Updated 6-Feb-2020
861,2423,BUNGWAHL,NSW,152.270901,-32.364861,Delivery Area,Delivery Area,10805,Taree - Gloucester,108,Mid North Coast,R3,Updated 6-Feb-2020
862,2423,COOLONGOLOOK,NSW,152.270901,-32.364861,Delivery Area,Delivery Area,10805,Taree - Gloucester,108,Mid North Coast,R3,Updated 6-Feb-2020
863,2423,CRAWFORD RIVER,NSW,152.270901,-32.364861,Delivery Area,Delivery Area,10805,Taree - Gloucester,108,Mid North Coast,R3,Updated 6-Feb-2020
864,2423,MARKWELL,NSW,152.270901,-32.364861,Delivery Area,Delivery Area,10805,Taree - Gloucester,108,Mid North Coast,R3,Updated 6-Feb-2020
865,2423,MAYERS FLAT,NSW,152.270901,-32.364861,Delivery Area,Delivery Area,10805,Taree - Gloucester,108,Mid North Coast,R3,Updated 6-Feb-2020
20338,2423,MUNGO BRUSH,NSW,152.3387837,-32.50359189,Delivery Area,Delivery Area,10805,Taree - Gloucester,108,Mid North Coast,R3,Updated 6-Feb-2020
20339,2423,MYALL LAKE,NSW,152.3595903,-32.43663026,Delivery Area,Delivery Area,10805,Taree - Gloucester,108,Mid North Coast,R3,Updated 6-Feb-2020
866,2423,NERONG,NSW,152.270901,-32.364861,Delivery Area,Delivery Area,10805,Taree - Gloucester,108,Mid North Coast,R3,Updated 6-Feb-2020
867,2423,SEAL ROCKS,NSW,152.270901,-32.364861,Delivery Area,Delivery Area,10805,Taree - Gloucester,108,Mid North Coast,R3,Updated 6-Feb-2020
868,2423,TOPI TOPI,NSW,152.270901,-32.364861,Delivery Area,Delivery Area,10805,Taree - Gloucester,108,Mid North Coast,R3,Updated 6-Feb-2020
869,2423,UPPER MYALL,NSW,152.270901,-32.364861,Delivery Area,Delivery Area,10805,Taree - Gloucester,108,Mid North Coast,R3,Updated 6-Feb-2020
20340,2423,VIOLET HILL,NSW,152.32089,-32.45109008,Delivery Area,Delivery Area,10805,Taree - Gloucester,108,Mid North Coast,R3,Updated 6-Feb-2020
870,2423,WALLINGAT,NSW,152.270901,-32.364861,Delivery Area,Delivery Area,10805,Taree - Gloucester,108,Mid North Coast,R3,Updated 6-Feb-2020
871,2423,WANG WAUK,NSW,152.270901,-32.364861,Delivery Area,Delivery Area,10805,Taree - Gloucester,108,Mid North Coast,R3,Updated 6-Feb-2020
872,2423,WARRANULLA,NSW,152.270901,-32.364861,Delivery Area,Delivery Area,10805,Taree - Gloucester,108,Mid North Coast,R3,Updated 6-Feb-2020
873,2423,WILLINA,NSW,152.270901,-32.364861,Delivery Area,Delivery Area,10805,Taree - Gloucester,108,Mid North Coast,R3,Updated 6-Feb-2020
874,2423,WOOTTON,NSW,152.270901,-32.364861,Delivery Area,Delivery Area,10805,Taree - Gloucester,108,Mid North Coast,R3,Updated 6-Feb-2020
20341,2423,YAGON,NSW,152.4779446,-32.4396064,Delivery Area,Delivery Area,10805,Taree - Gloucester,108,Mid North Coast,R3,Updated 6-Feb-2020
875,2424,CAFFREYS FLAT,NSW,151.964845,-31.6402,Delivery Area,Delivery Area,10805,Taree - Gloucester,108,Mid North Coast,R3,Updated 6-Feb-2020
20342,2424,CELLS RIVER,NSW,152.1167381,-31.56699059,Delivery Area,Delivery Area,10805,Taree - Gloucester,108,Mid North Coast,R3,Updated 6-Feb-2020
876,2424,CHARITY CREEK,NSW,151.964845,-31.6402,,,10805,Taree - Gloucester,108,Mid North Coast,R3,Updated 6-Feb-2020
877,2424,COOPLACURRIPA,NSW,151.964845,-31.6402,Delivery Area,Delivery Area,10805,Taree - Gloucester,108,Mid North Coast,R3,Updated 6-Feb-2020
878,2424,CUNDLE FLAT,NSW,151.964845,-31.6402,Delivery Area,Delivery Area,10805,Taree - Gloucester,108,Mid North Coast,R3,Updated 6-Feb-2020
879,2424,KNORRIT FLAT,NSW,151.964845,-31.6402,Delivery Area,Delivery Area,10805,Taree - Gloucester,108,Mid North Coast,R3,Updated 6-Feb-2020
20343,2424,KNORRIT FOREST,NSW,152.1403477,-31.81134946,Delivery Area,Delivery Area,10805,Taree - Gloucester,108,Mid North Coast,R3,Updated 6-Feb-2020
880,2424,MOUNT GEORGE,NSW,151.964845,-31.6402,Delivery Area,Delivery Area,10805,Taree - Gloucester,108,Mid North Coast,R3,Updated 6-Feb-2020
881,2424,NUMBER ONE,NSW,151.964845,-31.6402,Delivery Area,Delivery Area,10805,Taree - Gloucester,108,Mid North Coast,R3,Updated 6-Feb-2020
882,2424,ROCKS CROSSING,NSW,151.964845,-31.6402,,,10805,Taree - Gloucester,108,Mid North Coast,R3,Updated 6-Feb-2020
883,2424,TIRI,NSW,151.964845,-31.6402,Delivery Area,Delivery Area,10805,Taree - Gloucester,108,Mid North Coast,R3,Updated 6-Feb-2020
884,2424,WOODSIDE,NSW,151.964845,-31.6402,,,10805,Taree - Gloucester,108,Mid North Coast,R3,Updated 6-Feb-2020
885,2425,ALLWORTH,NSW,152.002451,-32.417598,Delivery Area,Delivery Area,10801,Great Lakes,108,Mid North Coast,R3,Updated 6-Feb-2020
886,2425,BOORAL,NSW,152.002451,-32.417598,Delivery Area,Delivery Area,10801,Great Lakes,108,Mid North Coast,R3,Updated 6-Feb-2020
887,2425,GIRVAN,NSW,152.002451,-32.417598,Delivery Area,Delivery Area,10801,Great Lakes,108,Mid North Coast,R3,Updated 6-Feb-2020
888,2425,STROUD,NSW,152.002451,-32.417598,Delivery Area,Delivery Area,10801,Great Lakes,108,Mid North Coast,R3,Updated 6-Feb-2020
889,2425,THE BRANCH,NSW,152.002451,-32.417598,Delivery Area,Delivery Area,10801,Great Lakes,108,Mid North Coast,R3,Updated 6-Feb-2020
890,2425,WASHPOOL,NSW,152.002451,-32.417598,Delivery Area,Delivery Area,10801,Great Lakes,108,Mid North Coast,R3,Updated 6-Feb-2020
891,2426,COOPERNOOK,NSW,152.595335,-31.817926,Delivery Area,Delivery Area,10805,Taree - Gloucester,108,Mid North Coast,R3,Updated 6-Feb-2020
892,2426,LANGLEY VALE,NSW,152.595335,-31.817926,Delivery Area,Delivery Area,10805,Taree - Gloucester,108,Mid North Coast,R3,Updated 6-Feb-2020
893,2426,MOTO,NSW,152.595335,-31.817926,Delivery Area,Delivery Area,10805,Taree - Gloucester,108,Mid North Coast,R3,Updated 6-Feb-2020
894,2427,CROWDY HEAD,NSW,152.686583,-31.842318,Delivery Area,Delivery Area,10805,Taree - Gloucester,108,Mid North Coast,R3,Updated 6-Feb-2020
895,2427,HARRINGTON,NSW,152.686583,-31.842318,Delivery Area,Delivery Area,10805,Taree - Gloucester,108,Mid North Coast,R3,Updated 6-Feb-2020
896,2428,BLUEYS BEACH,NSW,152.454216,-32.196739,Delivery Area,Delivery Area,10801,Great Lakes,108,Mid North Coast,R3,Updated 6-Feb-2020
897,2428,BOOMERANG BEACH,NSW,152.454216,-32.196739,Delivery Area,Delivery Area,10801,Great Lakes,108,Mid North Coast,R3,Updated 6-Feb-2020
898,2428,BOOTI BOOTI,NSW,152.454216,-32.196739,Delivery Area,Delivery Area,10801,Great Lakes,108,Mid North Coast,R3,Updated 6-Feb-2020
899,2428,CHARLOTTE BAY,NSW,152.454216,-32.196739,Delivery Area,Delivery Area,10801,Great Lakes,108,Mid North Coast,R3,Updated 6-Feb-2020
900,2428,COOMBA BAY,NSW,152.454216,-32.196739,Delivery Area,Delivery Area,10801,Great Lakes,108,Mid North Coast,R3,Updated 6-Feb-2020
901,2428,COOMBA PARK,NSW,152.454216,-32.196739,Delivery Area,Delivery Area,10801,Great Lakes,108,Mid North Coast,R3,Updated 6-Feb-2020
902,2428,DARAWANK,NSW,152.454216,-32.196739,Delivery Area,Delivery Area,10801,Great Lakes,108,Mid North Coast,R3,Updated 6-Feb-2020
903,2428,ELIZABETH BEACH,NSW,152.454216,-32.196739,Delivery Area,Delivery Area,10801,Great Lakes,108,Mid North Coast,R3,Updated 6-Feb-2020
904,2428,FORSTER,NSW,152.454216,-32.196739,Delivery Area,Delivery Area,10801,Great Lakes,108,Mid North Coast,R3,Updated 6-Feb-2020
905,2428,FORSTER SHOPPING VILLAGE,NSW,152.454216,-32.196739,Delivery Area,Delivery Area,10801,Great Lakes,108,Mid North Coast,R3,Updated 6-Feb-2020
906,2428,GREEN POINT,NSW,152.454216,-32.196739,Delivery Area,Delivery Area,10801,Great Lakes,108,Mid North Coast,R3,Updated 6-Feb-2020
907,2428,PACIFIC PALMS,NSW,152.454216,-32.196739,Delivery Area,Delivery Area,10801,Great Lakes,108,Mid North Coast,R3,Updated 6-Feb-2020
908,2428,SANDBAR,NSW,152.454216,-32.196739,Delivery Area,Delivery Area,10801,Great Lakes,108,Mid North Coast,R3,Updated 6-Feb-2020
20344,2428,SHALLOW BAY,NSW,152.4166347,-32.2197804,Delivery Area,Delivery Area,10801,Great Lakes,108,Mid North Coast,R3,Updated 6-Feb-2020
909,2428,SMITHS LAKE,NSW,152.454216,-32.196739,Delivery Area,Delivery Area,10801,Great Lakes,108,Mid North Coast,R3,Updated 6-Feb-2020
910,2428,TARBUCK BAY,NSW,152.454216,-32.196739,Delivery Area,Delivery Area,10801,Great Lakes,108,Mid North Coast,R3,Updated 6-Feb-2020
911,2428,TIONA,NSW,152.454216,-32.196739,Delivery Area,Delivery Area,10801,Great Lakes,108,Mid North Coast,R3,Updated 6-Feb-2020
912,2428,TUNCURRY,NSW,152.454216,-32.196739,Delivery Area,Delivery Area,10801,Great Lakes,108,Mid North Coast,R3,Updated 6-Feb-2020
20345,2428,WALLINGAT,NSW,152.4392095,-32.3182948,Delivery Area,Delivery Area,10801,Great Lakes,108,Mid North Coast,R3,Updated 6-Feb-2020
20346,2428,WALLIS LAKE,NSW,152.4900719,-32.2526026,Delivery Area,Delivery Area,10801,Great Lakes,108,Mid North Coast,R3,Updated 6-Feb-2020
913,2428,WHOOTA,NSW,152.454216,-32.196739,Delivery Area,Delivery Area,10801,Great Lakes,108,Mid North Coast,R3,Updated 6-Feb-2020
914,2429,BOBIN,NSW,152.292395,-31.770375,Delivery Area,Delivery Area,10805,Taree - Gloucester,108,Mid North Coast,R3,Updated 6-Feb-2020
915,2429,BOORGANNA,NSW,152.292395,-31.770375,Delivery Area,Delivery Area,10805,Taree - Gloucester,108,Mid North Coast,R3,Updated 6-Feb-2020
916,2429,BUCCA WAUKA,NSW,152.292395,-31.770375,Delivery Area,Delivery Area,10805,Taree - Gloucester,108,Mid North Coast,R3,Updated 6-Feb-2020
917,2429,BULBY BRUSH,NSW,152.292395,-31.770375,,,10805,Taree - Gloucester,108,Mid North Coast,R3,Updated 6-Feb-2020
918,2429,BULGA FOREST,NSW,152.292395,-31.770375,Delivery Area,Delivery Area,10805,Taree - Gloucester,108,Mid North Coast,R3,Updated 6-Feb-2020
919,2429,BUNYAH,NSW,152.292395,-31.770375,Delivery Area,Delivery Area,10805,Taree - Gloucester,108,Mid North Coast,R3,Updated 6-Feb-2020
920,2429,BURRELL CREEK,NSW,152.292395,-31.770375,Delivery Area,Delivery Area,10805,Taree - Gloucester,108,Mid North Coast,R3,Updated 6-Feb-2020
921,2429,CAPARRA,NSW,152.292395,-31.770375,Delivery Area,Delivery Area,10805,Taree - Gloucester,108,Mid North Coast,R3,Updated 6-Feb-2020
922,2429,CEDAR PARTY,NSW,152.292395,-31.770375,Delivery Area,Delivery Area,10805,Taree - Gloucester,108,Mid North Coast,R3,Updated 6-Feb-2020
923,2429,COMBOYNE,NSW,152.292395,-31.770375,Delivery Area,Delivery Area,10805,Taree - Gloucester,108,Mid North Coast,R3,Updated 6-Feb-2020
924,2429,DINGO FOREST,NSW,152.292395,-31.770375,Delivery Area,Delivery Area,10805,Taree - Gloucester,108,Mid North Coast,R3,Updated 6-Feb-2020
20347,2429,DOLLYS FLAT,NSW,152.2985498,-31.86662911,Delivery Area,Delivery Area,10805,Taree - Gloucester,108,Mid North Coast,R3,Updated 6-Feb-2020
925,2429,DYERS CROSSING,NSW,152.292395,-31.770375,Delivery Area,Delivery Area,10805,Taree - Gloucester,108,Mid North Coast,R3,Updated 6-Feb-2020
926,2429,ELANDS,NSW,152.292395,-31.770375,Delivery Area,Delivery Area,10805,Taree - Gloucester,108,Mid North Coast,R3,Updated 6-Feb-2020
927,2429,FIREFLY,NSW,152.292395,-31.770375,Delivery Area,Delivery Area,10805,Taree - Gloucester,108,Mid North Coast,R3,Updated 6-Feb-2020
928,2429,INNES VIEW,NSW,152.292395,-31.770375,Delivery Area,Delivery Area,10805,Taree - Gloucester,108,Mid North Coast,R3,Updated 6-Feb-2020
929,2429,KARAAK FLAT,NSW,152.292395,-31.770375,Delivery Area,Delivery Area,10805,Taree - Gloucester,108,Mid North Coast,R3,Updated 6-Feb-2020
20348,2429,KHATAMBUHL,NSW,151.9926691,-31.7591426,Delivery Area,Delivery Area,10805,Taree - Gloucester,108,Mid North Coast,R3,Updated 6-Feb-2020
930,2429,KILLABAKH,NSW,152.292395,-31.770375,Delivery Area,Delivery Area,10805,Taree - Gloucester,108,Mid North Coast,R3,Updated 6-Feb-2020
931,2429,KILLAWARRA,NSW,152.292395,-31.770375,Delivery Area,Delivery Area,10805,Taree - Gloucester,108,Mid North Coast,R3,Updated 6-Feb-2020
932,2429,KIMBRIKI,NSW,152.292395,-31.770375,Delivery Area,Delivery Area,10805,Taree - Gloucester,108,Mid North Coast,R3,Updated 6-Feb-2020
933,2429,KINGS CREEK,NSW,152.292395,-31.770375,,,10805,Taree - Gloucester,108,Mid North Coast,R3,Updated 6-Feb-2020
934,2429,KIPPAXS,NSW,152.292395,-31.770375,Delivery Area,Delivery Area,10805,Taree - Gloucester,108,Mid North Coast,R3,Updated 6-Feb-2020
935,2429,KRAMBACH,NSW,152.292395,-31.770375,Delivery Area,Delivery Area,10805,Taree - Gloucester,108,Mid North Coast,R3,Updated 6-Feb-2020
936,2429,KUNDIBAKH,NSW,152.292395,-31.770375,Delivery Area,Delivery Area,10805,Taree - Gloucester,108,Mid North Coast,R3,Updated 6-Feb-2020
937,2429,MARLEE,NSW,152.292395,-31.770375,Delivery Area,Delivery Area,10805,Taree - Gloucester,108,Mid North Coast,R3,Updated 6-Feb-2020
938,2429,MOORAL CREEK,NSW,152.292395,-31.770375,Delivery Area,Delivery Area,10805,Taree - Gloucester,108,Mid North Coast,R3,Updated 6-Feb-2020
939,2429,STRATHCEDAR,NSW,152.292395,-31.770375,Delivery Area,Delivery Area,10805,Taree - Gloucester,108,Mid North Coast,R3,Updated 6-Feb-2020
940,2429,THE BIGHT,NSW,152.292395,-31.770375,Delivery Area,Delivery Area,10805,Taree - Gloucester,108,Mid North Coast,R3,Updated 6-Feb-2020
3329,2429,TIPPERARY,NSW,152.292395,-31.770375,Delivery Area,Delivery Area,10805,Taree - Gloucester,108,Mid North Coast,R3,Updated 6-Feb-2020
3330,2429,WARRIWILLAH,NSW,152.292395,-31.770375,,,10805,Taree - Gloucester,108,Mid North Coast,R3,Updated 6-Feb-2020
3331,2429,WHERROL FLAT,NSW,152.292395,-31.770375,Delivery Area,Delivery Area,10805,Taree - Gloucester,108,Mid North Coast,R3,Updated 6-Feb-2020
3332,2429,WINGHAM,NSW,152.292395,-31.770375,Delivery Area,Delivery Area,10805,Taree - Gloucester,108,Mid North Coast,R3,Updated 6-Feb-2020
3333,2429,YARRATT FOREST,NSW,152.292395,-31.770375,Delivery Area,Delivery Area,10805,Taree - Gloucester,108,Mid North Coast,R3,Updated 6-Feb-2020
3334,2430,BLACK HEAD,NSW,152.503209,-31.899311,Delivery Area,Delivery Area,10805,Taree - Gloucester,108,Mid North Coast,R3,Updated 6-Feb-2020
3335,2430,BOHNOCK,NSW,152.503209,-31.899311,Delivery Area,Delivery Area,10805,Taree - Gloucester,108,Mid North Coast,R3,Updated 6-Feb-2020
3336,2430,BOOTAWA,NSW,152.503209,-31.899311,Delivery Area,Delivery Area,10805,Taree - Gloucester,108,Mid North Coast,R3,Updated 6-Feb-2020
3337,2430,BRIMBIN,NSW,152.503209,-31.899311,Delivery Area,Delivery Area,10805,Taree - Gloucester,108,Mid North Coast,R3,Updated 6-Feb-2020
20349,2430,CABBAGE TREE ISLAND,NSW,152.5901573,-31.94592129,Delivery Area,Delivery Area,10805,Taree - Gloucester,108,Mid North Coast,R3,Updated 6-Feb-2020
3338,2430,CHATHAM,NSW,152.503209,-31.899311,Delivery Area,Delivery Area,10805,Taree - Gloucester,108,Mid North Coast,R3,Updated 6-Feb-2020
3339,2430,CROKI,NSW,152.503209,-31.899311,Delivery Area,Delivery Area,10805,Taree - Gloucester,108,Mid North Coast,R3,Updated 6-Feb-2020
3340,2430,CUNDLETOWN,NSW,152.503209,-31.899311,Delivery Area,Delivery Area,10805,Taree - Gloucester,108,Mid North Coast,R3,Updated 6-Feb-2020
3341,2430,DIAMOND BEACH,NSW,152.503209,-31.899311,Delivery Area,Delivery Area,10805,Taree - Gloucester,108,Mid North Coast,R3,Updated 6-Feb-2020
3342,2430,DUMARESQ ISLAND,NSW,152.503209,-31.899311,Delivery Area,Delivery Area,10805,Taree - Gloucester,108,Mid North Coast,R3,Updated 6-Feb-2020
3343,2430,FAILFORD,NSW,152.503209,-31.899311,Delivery Area,Delivery Area,10805,Taree - Gloucester,108,Mid North Coast,R3,Updated 6-Feb-2020
3344,2430,GHINNI GHINNI,NSW,152.503209,-31.899311,Delivery Area,Delivery Area,10805,Taree - Gloucester,108,Mid North Coast,R3,Updated 6-Feb-2020
3345,2430,GLENTHORNE,NSW,152.503209,-31.899311,Delivery Area,Delivery Area,10805,Taree - Gloucester,108,Mid North Coast,R3,Updated 6-Feb-2020
3346,2430,HALLIDAYS POINT,NSW,152.503209,-31.899311,Delivery Area,Delivery Area,10805,Taree - Gloucester,108,Mid North Coast,R3,Updated 6-Feb-2020
3347,2430,HAPPY VALLEY,NSW,152.503209,-31.899311,,,10805,Taree - Gloucester,108,Mid North Coast,R3,Updated 6-Feb-2020
3348,2430,HILLVILLE,NSW,152.503209,-31.899311,Delivery Area,Delivery Area,10805,Taree - Gloucester,108,Mid North Coast,R3,Updated 6-Feb-2020
3349,2430,JONES ISLAND,NSW,152.503209,-31.899311,Delivery Area,Delivery Area,10805,Taree - Gloucester,108,Mid North Coast,R3,Updated 6-Feb-2020
3350,2430,KIWARRAK,NSW,152.503209,-31.899311,Delivery Area,Delivery Area,10805,Taree - Gloucester,108,Mid North Coast,R3,Updated 6-Feb-2020
3351,2430,KOLODONG,NSW,152.503209,-31.899311,,,10805,Taree - Gloucester,108,Mid North Coast,R3,Updated 6-Feb-2020
3352,2430,KOORAINGHAT,NSW,152.503209,-31.899311,Delivery Area,Delivery Area,10805,Taree - Gloucester,108,Mid North Coast,R3,Updated 6-Feb-2020
3353,2430,KUNDLE KUNDLE,NSW,152.503209,-31.899311,Delivery Area,Delivery Area,10805,Taree - Gloucester,108,Mid North Coast,R3,Updated 6-Feb-2020
3354,2430,LANSDOWNE,NSW,152.503209,-31.899311,Delivery Area,Delivery Area,10805,Taree - Gloucester,108,Mid North Coast,R3,Updated 6-Feb-2020
20350,2430,LANSDOWNE FOREST,NSW,152.5759597,-31.74718966,Delivery Area,Delivery Area,10805,Taree - Gloucester,108,Mid North Coast,R3,Updated 6-Feb-2020
3355,2430,MANNING POINT,NSW,152.503209,-31.899311,Delivery Area,Delivery Area,10805,Taree - Gloucester,108,Mid North Coast,R3,Updated 6-Feb-2020
3356,2430,MELINGA,NSW,152.503209,-31.899311,Delivery Area,Delivery Area,10805,Taree - Gloucester,108,Mid North Coast,R3,Updated 6-Feb-2020
3357,2430,MITCHELLS ISLAND,NSW,152.503209,-31.899311,Delivery Area,Delivery Area,10805,Taree - Gloucester,108,Mid North Coast,R3,Updated 6-Feb-2020
3358,2430,MONDROOK,NSW,152.503209,-31.899311,Delivery Area,Delivery Area,10805,Taree - Gloucester,108,Mid North Coast,R3,Updated 6-Feb-2020
3359,2430,OLD BAR,NSW,152.503209,-31.899311,Delivery Area,Delivery Area,10805,Taree - Gloucester,108,Mid North Coast,R3,Updated 6-Feb-2020
3360,2430,OXLEY ISLAND,NSW,152.503209,-31.899311,Delivery Area,Delivery Area,10805,Taree - Gloucester,108,Mid North Coast,R3,Updated 6-Feb-2020
3361,2430,PAMPOOLAH,NSW,152.503209,-31.899311,Delivery Area,Delivery Area,10805,Taree - Gloucester,108,Mid North Coast,R3,Updated 6-Feb-2020
3362,2430,POSSUM BRUSH,NSW,152.503209,-31.899311,Delivery Area,Delivery Area,10805,Taree - Gloucester,108,Mid North Coast,R3,Updated 6-Feb-2020
3363,2430,PURFLEET,NSW,152.503209,-31.899311,Delivery Area,Delivery Area,10805,Taree - Gloucester,108,Mid North Coast,R3,Updated 6-Feb-2020
3364,2430,RAINBOW FLAT,NSW,152.503209,-31.899311,Delivery Area,Delivery Area,10805,Taree - Gloucester,108,Mid North Coast,R3,Updated 6-Feb-2020
3365,2430,RED HEAD,NSW,152.503209,-31.899311,Delivery Area,Delivery Area,10805,Taree - Gloucester,108,Mid North Coast,R3,Updated 6-Feb-2020
3366,2430,SALTWATER,NSW,152.503209,-31.899311,Delivery Area,Delivery Area,10805,Taree - Gloucester,108,Mid North Coast,R3,Updated 6-Feb-2020
3367,2430,TALLWOODS VILLAGE,NSW,152.503209,-31.899311,Delivery Area,Delivery Area,10805,Taree - Gloucester,108,Mid North Coast,R3,Updated 6-Feb-2020
3368,2430,TAREE,NSW,152.503209,-31.899311,Delivery Area,Delivery Area,10805,Taree - Gloucester,108,Mid North Coast,R3,Updated 6-Feb-2020
22866,2430,TAREE DC,NSW,0,0,,,,,,,R3,Added 25-Mar-2020
3369,2430,TAREE SOUTH,NSW,152.503209,-31.899311,Delivery Area,Delivery Area,10805,Taree - Gloucester,108,Mid North Coast,R3,Updated 6-Feb-2020
3370,2430,TAREE WEST,NSW,152.503209,-31.899311,,,10805,Taree - Gloucester,108,Mid North Coast,R3,Updated 6-Feb-2020
3371,2430,TINONEE,NSW,152.503209,-31.899311,Delivery Area,Delivery Area,10805,Taree - Gloucester,108,Mid North Coast,R3,Updated 6-Feb-2020
3372,2430,UPPER LANSDOWNE,NSW,152.503209,-31.899311,Delivery Area,Delivery Area,10805,Taree - Gloucester,108,Mid North Coast,R3,Updated 6-Feb-2020
3373,2430,WALLABI POINT,NSW,152.503209,-31.899311,Delivery Area,Delivery Area,10805,Taree - Gloucester,108,Mid North Coast,R3,Updated 6-Feb-2020
3374,2431,ARAKOON,NSW,153.053789,-30.925233,Delivery Area,Delivery Area,10802,Kempsey - Nambucca,108,Mid North Coast,R3,Updated 6-Feb-2020
3375,2431,JERSEYVILLE,NSW,153.053789,-30.925233,Delivery Area,Delivery Area,10802,Kempsey - Nambucca,108,Mid North Coast,R3,Updated 6-Feb-2020
3376,2431,SOUTH WEST ROCKS,NSW,153.053789,-30.925233,Delivery Area,Delivery Area,10802,Kempsey - Nambucca,108,Mid North Coast,R3,Updated 6-Feb-2020
3377,2439,BATAR CREEK,NSW,152.652155,-31.654722,Delivery Area,Delivery Area,10804,Port Macquarie,108,Mid North Coast,R3,Updated 6-Feb-2020
3378,2439,BLACK CREEK,NSW,152.652155,-31.654722,Delivery Area,Delivery Area,10804,Port Macquarie,108,Mid North Coast,R3,Updated 6-Feb-2020
20351,2439,BOBS CREEK,NSW,152.7541001,-31.59173211,Delivery Area,Delivery Area,10804,Port Macquarie,108,Mid North Coast,R3,Updated 6-Feb-2020
20352,2439,HERONS CREEK,NSW,152.7185318,-31.55982444,Delivery Area,Delivery Area,10804,Port Macquarie,108,Mid North Coast,R3,Updated 6-Feb-2020
3379,2439,KENDALL,NSW,152.652155,-31.654722,Delivery Area,Delivery Area,10804,Port Macquarie,108,Mid North Coast,R3,Updated 6-Feb-2020
3380,2439,KEREWONG,NSW,152.652155,-31.654722,Delivery Area,Delivery Area,10804,Port Macquarie,108,Mid North Coast,R3,Updated 6-Feb-2020
3381,2439,KEW,NSW,152.652155,-31.654722,Delivery Area,Delivery Area,10804,Port Macquarie,108,Mid North Coast,R3,Updated 6-Feb-2020
3382,2439,LOGANS CROSSING,NSW,152.652155,-31.654722,Delivery Area,Delivery Area,10804,Port Macquarie,108,Mid North Coast,R3,Updated 6-Feb-2020
3383,2439,LORNE,NSW,152.652155,-31.654722,Delivery Area,Delivery Area,10804,Port Macquarie,108,Mid North Coast,R3,Updated 6-Feb-2020
3384,2439,ROSSGLEN,NSW,152.652155,-31.654722,Delivery Area,Delivery Area,10804,Port Macquarie,108,Mid North Coast,R3,Updated 6-Feb-2020
3385,2439,SWANS CROSSING,NSW,152.652155,-31.654722,Delivery Area,Delivery Area,10804,Port Macquarie,108,Mid North Coast,R3,Updated 6-Feb-2020
3386,2439,UPSALLS CREEK,NSW,152.652155,-31.654722,Delivery Area,Delivery Area,10804,Port Macquarie,108,Mid North Coast,R3,Updated 6-Feb-2020
3387,2440,ALDAVILLA,NSW,153.019648,-30.375791,Delivery Area,Delivery Area,11001,Armidale,110,New England and North West,R3,Updated 6-Feb-2020
3388,2440,AUSTRAL EDEN,NSW,153.019648,-30.375791,Delivery Area,Delivery Area,11001,Armidale,110,New England and North West,R3,Updated 6-Feb-2020
3389,2440,BELLBROOK,NSW,153.019648,-30.375791,Delivery Area,Delivery Area,11001,Armidale,110,New England and North West,R3,Updated 6-Feb-2020
3390,2440,BELLIMBOPINNI,NSW,153.019648,-30.375791,Delivery Area,Delivery Area,11001,Armidale,110,New England and North West,R3,Updated 6-Feb-2020
3391,2440,BELMORE RIVER,NSW,153.019648,-30.375791,Delivery Area,Delivery Area,11001,Armidale,110,New England and North West,R3,Updated 6-Feb-2020
3392,2440,BURNT BRIDGE,NSW,153.019648,-30.375791,Delivery Area,Delivery Area,11001,Armidale,110,New England and North West,R3,Updated 6-Feb-2020
3393,2440,CARRAI,NSW,153.019648,-30.375791,Delivery Area,Delivery Area,11001,Armidale,110,New England and North West,R3,Updated 6-Feb-2020
3394,2440,CLYBUCCA,NSW,153.019648,-30.375791,Delivery Area,Delivery Area,11001,Armidale,110,New England and North West,R3,Updated 6-Feb-2020
3395,2440,COLLOMBATTI,NSW,153.019648,-30.375791,Delivery Area,Delivery Area,11001,Armidale,110,New England and North West,R3,Updated 6-Feb-2020
3396,2440,COMARA,NSW,153.019648,-30.375791,Delivery Area,Delivery Area,11001,Armidale,110,New England and North West,R3,Updated 6-Feb-2020
3397,2440,CORANGULA,NSW,153.019648,-30.375791,Delivery Area,Delivery Area,11001,Armidale,110,New England and North West,R3,Updated 6-Feb-2020
3398,2440,CRESCENT HEAD,NSW,153.019648,-30.375791,Delivery Area,Delivery Area,11001,Armidale,110,New England and North West,R3,Updated 6-Feb-2020
3399,2440,DEEP CREEK,NSW,153.019648,-30.375791,Delivery Area,Delivery Area,11001,Armidale,110,New England and North West,R3,Updated 6-Feb-2020
3400,2440,DONDINGALONG,NSW,153.019648,-30.375791,Delivery Area,Delivery Area,11001,Armidale,110,New England and North West,R3,Updated 6-Feb-2020
2193,2440,EAST KEMPSEY,NSW,153.019648,-30.375791,Delivery Area,Delivery Area,11001,Armidale,110,New England and North West,R3,Updated 6-Feb-2020
2194,2440,EUROKA,NSW,153.019648,-30.375791,Delivery Area,Delivery Area,11001,Armidale,110,New England and North West,R3,Updated 6-Feb-2020
2195,2440,FREDERICKTON,NSW,153.019648,-30.375791,Delivery Area,Delivery Area,11001,Armidale,110,New England and North West,R3,Updated 6-Feb-2020
2196,2440,GEORGES CREEK,NSW,153.019648,-30.375791,,,11001,Armidale,110,New England and North West,R3,Updated 6-Feb-2020
2197,2440,GLADSTONE,NSW,153.019648,-30.375791,Delivery Area,Delivery Area,11001,Armidale,110,New England and North West,R3,Updated 6-Feb-2020
20353,2440,GREENHILL,NSW,152.8052748,-31.04846286,Delivery Area,Delivery Area,11001,Armidale,110,New England and North West,R3,Updated 6-Feb-2020
2198,2440,GREENHILLS,NSW,153.019648,-30.375791,,,11001,Armidale,110,New England and North West,R3,Updated 6-Feb-2020
2199,2440,HAMPDEN HALL,NSW,153.019648,-30.375791,Delivery Area,Delivery Area,11001,Armidale,110,New England and North West,R3,Updated 6-Feb-2020
2200,2440,HAT HEAD,NSW,153.019648,-30.375791,Delivery Area,Delivery Area,11001,Armidale,110,New England and North West,R3,Updated 6-Feb-2020
2201,2440,HICKEYS CREEK,NSW,153.019648,-30.375791,Delivery Area,Delivery Area,11001,Armidale,110,New England and North West,R3,Updated 6-Feb-2020
2202,2440,KEMPSEY,NSW,153.019648,-30.375791,Delivery Area,Delivery Area,11001,Armidale,110,New England and North West,R3,Updated 6-Feb-2020
2203,2440,KINCHELA,NSW,153.019648,-30.375791,Delivery Area,Delivery Area,11001,Armidale,110,New England and North West,R3,Updated 6-Feb-2020
2204,2440,LOWER CREEK,NSW,153.019648,-30.375791,Delivery Area,Delivery Area,11001,Armidale,110,New England and North West,R3,Updated 6-Feb-2020
2205,2440,MILLBANK,NSW,153.019648,-30.375791,Delivery Area,Delivery Area,11001,Armidale,110,New England and North West,R3,Updated 6-Feb-2020
2206,2440,MOONEBA,NSW,153.019648,-30.375791,Delivery Area,Delivery Area,11001,Armidale,110,New England and North West,R3,Updated 6-Feb-2020
2207,2440,MOPARRABAH,NSW,153.019648,-30.375791,Delivery Area,Delivery Area,11001,Armidale,110,New England and North West,R3,Updated 6-Feb-2020
2208,2440,MUNGAY CREEK,NSW,153.019648,-30.375791,Delivery Area,Delivery Area,11001,Armidale,110,New England and North West,R3,Updated 6-Feb-2020
2209,2440,OLD STATION,NSW,153.019648,-30.375791,Delivery Area,Delivery Area,11001,Armidale,110,New England and North West,R3,Updated 6-Feb-2020
2210,2440,POLA CREEK,NSW,153.019648,-30.375791,Delivery Area,Delivery Area,11001,Armidale,110,New England and North West,R3,Updated 6-Feb-2020
2211,2440,RAINBOW REACH,NSW,153.019648,-30.375791,Delivery Area,Delivery Area,11001,Armidale,110,New England and North West,R3,Updated 6-Feb-2020
1933,2440,SEVEN OAKS,NSW,153.019648,-30.375791,Delivery Area,Delivery Area,11001,Armidale,110,New England and North West,R3,Updated 6-Feb-2020
1934,2440,SHERWOOD,NSW,153.019648,-30.375791,Delivery Area,Delivery Area,11001,Armidale,110,New England and North West,R3,Updated 6-Feb-2020
1935,2440,SKILLION FLAT,NSW,153.019648,-30.375791,Delivery Area,Delivery Area,11001,Armidale,110,New England and North West,R3,Updated 6-Feb-2020
1936,2440,SMITHTOWN,NSW,153.019648,-30.375791,Delivery Area,Delivery Area,11001,Armidale,110,New England and North West,R3,Updated 6-Feb-2020
1937,2440,SOUTH KEMPSEY,NSW,153.019648,-30.375791,Delivery Area,Delivery Area,11001,Armidale,110,New England and North West,R3,Updated 6-Feb-2020
1938,2440,SUMMER ISLAND,NSW,153.019648,-30.375791,Delivery Area,Delivery Area,11001,Armidale,110,New England and North West,R3,Updated 6-Feb-2020
1939,2440,TEMAGOG,NSW,153.019648,-30.375791,Delivery Area,Delivery Area,11001,Armidale,110,New England and North West,R3,Updated 6-Feb-2020
1940,2440,TOOROOKA,NSW,153.019648,-30.375791,Delivery Area,Delivery Area,11001,Armidale,110,New England and North West,R3,Updated 6-Feb-2020
1941,2440,TURNERS FLAT,NSW,153.019648,-30.375791,Delivery Area,Delivery Area,11001,Armidale,110,New England and North West,R3,Updated 6-Feb-2020
1942,2440,VERGES CREEK,NSW,153.019648,-30.375791,Delivery Area,Delivery Area,11001,Armidale,110,New England and North West,R3,Updated 6-Feb-2020
1943,2440,WEST KEMPSEY,NSW,153.019648,-30.375791,Delivery Area,Delivery Area,11001,Armidale,110,New England and North West,R3,Updated 6-Feb-2020
1944,2440,WILLAWARRIN,NSW,153.019648,-30.375791,Delivery Area,Delivery Area,11001,Armidale,110,New England and North West,R3,Updated 6-Feb-2020
1945,2440,WILLI WILLI,NSW,153.019648,-30.375791,Delivery Area,Delivery Area,11001,Armidale,110,New England and North West,R3,Updated 6-Feb-2020
1946,2440,WITTITRIN,NSW,153.019648,-30.375791,Delivery Area,Delivery Area,11001,Armidale,110,New England and North West,R3,Updated 6-Feb-2020
1947,2440,YARRAVEL,NSW,153.019648,-30.375791,Delivery Area,Delivery Area,11001,Armidale,110,New England and North West,R3,Updated 6-Feb-2020
1948,2440,YESSABAH,NSW,153.019648,-30.375791,Delivery Area,Delivery Area,11001,Armidale,110,New England and North West,R3,Updated 6-Feb-2020
20354,2441,ALLGOMERA,NSW,152.7955009,-30.81816175,Delivery Area,Delivery Area,10804,Port Macquarie,108,Mid North Coast,R3,Updated 6-Feb-2020
1949,2441,ALLGOMERA CREEK,NSW,152.831369,-30.816097,,,10804,Port Macquarie,108,Mid North Coast,R3,Updated 6-Feb-2020
1950,2441,BALLENGARRA,NSW,152.831369,-30.816097,Delivery Area,Delivery Area,10804,Port Macquarie,108,Mid North Coast,R3,Updated 6-Feb-2020
1951,2441,BARRAGANYATTI,NSW,152.831369,-30.816097,Delivery Area,Delivery Area,10804,Port Macquarie,108,Mid North Coast,R3,Updated 6-Feb-2020
1952,2441,BONVILLE,NSW,152.831369,-30.816097,Delivery Area,Delivery Area,10804,Port Macquarie,108,Mid North Coast,R3,Updated 6-Feb-2020
1953,2441,BRIL BRIL,NSW,152.831369,-30.816097,Delivery Area,Delivery Area,10804,Port Macquarie,108,Mid North Coast,R3,Updated 6-Feb-2020
1954,2441,BRINERVILLE,NSW,152.831369,-30.816097,Delivery Area,Delivery Area,10804,Port Macquarie,108,Mid North Coast,R3,Updated 6-Feb-2020
1955,2441,BROWNS CROSSING,NSW,152.831369,-30.816097,,,10804,Port Macquarie,108,Mid North Coast,R3,Updated 6-Feb-2020
1956,2441,COOPERABUNG,NSW,152.831369,-30.816097,Delivery Area,Delivery Area,10804,Port Macquarie,108,Mid North Coast,R3,Updated 6-Feb-2020
1957,2441,CROSSMAGLEN,NSW,152.831369,-30.816097,,,10804,Port Macquarie,108,Mid North Coast,R3,Updated 6-Feb-2020
1958,2441,EUNGAI CREEK,NSW,152.831369,-30.816097,Delivery Area,Delivery Area,10804,Port Macquarie,108,Mid North Coast,R3,Updated 6-Feb-2020
1959,2441,EUNGAI RAIL,NSW,152.831369,-30.816097,Delivery Area,Delivery Area,10804,Port Macquarie,108,Mid North Coast,R3,Updated 6-Feb-2020
1960,2441,FISHERMANS REACH,NSW,152.831369,-30.816097,Delivery Area,Delivery Area,10804,Port Macquarie,108,Mid North Coast,R3,Updated 6-Feb-2020
20355,2441,GEARYS FLAT,NSW,152.5761086,-31.17140281,Delivery Area,Delivery Area,10804,Port Macquarie,108,Mid North Coast,R3,Updated 6-Feb-2020
1961,2441,GRASSY HEAD,NSW,152.831369,-30.816097,Delivery Area,Delivery Area,10804,Port Macquarie,108,Mid North Coast,R3,Updated 6-Feb-2020
1962,2441,GUM SCRUB,NSW,152.831369,-30.816097,Delivery Area,Delivery Area,10804,Port Macquarie,108,Mid North Coast,R3,Updated 6-Feb-2020
1963,2441,HACKS FERRY,NSW,152.831369,-30.816097,Delivery Area,Delivery Area,10804,Port Macquarie,108,Mid North Coast,R3,Updated 6-Feb-2020
20356,2441,KIPPARA,NSW,152.5216493,-31.23432458,Delivery Area,Delivery Area,10804,Port Macquarie,108,Mid North Coast,R3,Updated 6-Feb-2020
1964,2441,KUNDABUNG,NSW,152.831369,-30.816097,Delivery Area,Delivery Area,10804,Port Macquarie,108,Mid North Coast,R3,Updated 6-Feb-2020
20357,2441,MARLO MERRICAN,NSW,152.679974,-31.18951315,Delivery Area,Delivery Area,10804,Port Macquarie,108,Mid North Coast,R3,Updated 6-Feb-2020
1965,2441,ROLLANDS PLAINS,NSW,152.831369,-30.816097,Delivery Area,Delivery Area,10804,Port Macquarie,108,Mid North Coast,R3,Updated 6-Feb-2020
1966,2441,STUARTS POINT,NSW,152.831369,-30.816097,Delivery Area,Delivery Area,10804,Port Macquarie,108,Mid North Coast,R3,Updated 6-Feb-2020
1967,2441,TAMBAN,NSW,152.831369,-30.816097,Delivery Area,Delivery Area,10804,Port Macquarie,108,Mid North Coast,R3,Updated 6-Feb-2020
1968,2441,TELEGRAPH POINT,NSW,152.831369,-30.816097,Delivery Area,Delivery Area,10804,Port Macquarie,108,Mid North Coast,R3,Updated 6-Feb-2020
1969,2441,UPPER ROLLANDS PLAINS,NSW,152.831369,-30.816097,Delivery Area,Delivery Area,10804,Port Macquarie,108,Mid North Coast,R3,Updated 6-Feb-2020
1970,2441,YARRAHAPINNI,NSW,152.831369,-30.816097,Delivery Area,Delivery Area,10804,Port Macquarie,108,Mid North Coast,R3,Updated 6-Feb-2020
1971,2442,KEMPSEY MSC,NSW,,,,,,,,,R3,
1972,2442,MID NORTH COAST MSC,NSW,,,,,,,,,R3,
1973,2443,BOBS CREEK,NSW,152.747152,-31.725436,Delivery Area,Delivery Area,10805,Taree - Gloucester,108,Mid North Coast,R3,Updated 6-Feb-2020
1974,2443,CAMDEN HEAD,NSW,152.747152,-31.725436,Delivery Area,Delivery Area,10805,Taree - Gloucester,108,Mid North Coast,R3,Updated 6-Feb-2020
1975,2443,CORALVILLE,NSW,152.747152,-31.725436,Delivery Area,Delivery Area,10805,Taree - Gloucester,108,Mid North Coast,R3,Updated 6-Feb-2020
1976,2443,DEAUVILLE,NSW,152.747152,-31.725436,Delivery Area,Delivery Area,10805,Taree - Gloucester,108,Mid North Coast,R3,Updated 6-Feb-2020
1977,2443,DIAMOND HEAD,NSW,152.747152,-31.725436,Delivery Area,Delivery Area,10805,Taree - Gloucester,108,Mid North Coast,R3,Updated 6-Feb-2020
1978,2443,DICKS HILL,NSW,152.747152,-31.725436,,,10805,Taree - Gloucester,108,Mid North Coast,R3,Updated 6-Feb-2020
1979,2443,DUNBOGAN,NSW,152.747152,-31.725436,Delivery Area,Delivery Area,10805,Taree - Gloucester,108,Mid North Coast,R3,Updated 6-Feb-2020
1980,2443,HANNAM VALE,NSW,152.747152,-31.725436,Delivery Area,Delivery Area,10805,Taree - Gloucester,108,Mid North Coast,R3,Updated 6-Feb-2020
1981,2443,HERONS CREEK,NSW,152.747152,-31.725436,Delivery Area,Delivery Area,10805,Taree - Gloucester,108,Mid North Coast,R3,Updated 6-Feb-2020
1982,2443,JOHNS RIVER,NSW,152.747152,-31.725436,Delivery Area,Delivery Area,10805,Taree - Gloucester,108,Mid North Coast,R3,Updated 6-Feb-2020
1983,2443,LAKEWOOD,NSW,152.747152,-31.725436,Delivery Area,Delivery Area,10805,Taree - Gloucester,108,Mid North Coast,R3,Updated 6-Feb-2020
1984,2443,LAURIETON,NSW,152.747152,-31.725436,Delivery Area,Delivery Area,10805,Taree - Gloucester,108,Mid North Coast,R3,Updated 6-Feb-2020
1985,2443,MIDDLE BROTHER,NSW,152.747152,-31.725436,Delivery Area,Delivery Area,10805,Taree - Gloucester,108,Mid North Coast,R3,Updated 6-Feb-2020
1986,2443,MOORLAND,NSW,152.747152,-31.725436,Delivery Area,Delivery Area,10805,Taree - Gloucester,108,Mid North Coast,R3,Updated 6-Feb-2020
1987,2443,NORTH BROTHER,NSW,152.747152,-31.725436,Delivery Area,Delivery Area,10805,Taree - Gloucester,108,Mid North Coast,R3,Updated 6-Feb-2020
1988,2443,NORTH HAVEN,NSW,152.747152,-31.725436,Delivery Area,Delivery Area,10805,Taree - Gloucester,108,Mid North Coast,R3,Updated 6-Feb-2020
1989,2443,STEWARTS RIVER,NSW,152.747152,-31.725436,Delivery Area,Delivery Area,10805,Taree - Gloucester,108,Mid North Coast,R3,Updated 6-Feb-2020
1990,2443,WAITUI,NSW,152.747152,-31.725436,Delivery Area,Delivery Area,10805,Taree - Gloucester,108,Mid North Coast,R3,Updated 6-Feb-2020
1991,2443,WEST HAVEN,NSW,152.747152,-31.725436,Delivery Area,Delivery Area,10805,Taree - Gloucester,108,Mid North Coast,R3,Updated 6-Feb-2020
1992,2444,BLACKMANS POINT,NSW,152.87253,-31.439614,Delivery Area,Delivery Area,10804,Port Macquarie,108,Mid North Coast,R3,Updated 6-Feb-2020
1993,2444,FERNBANK CREEK,NSW,152.87253,-31.439614,Delivery Area,Delivery Area,10804,Port Macquarie,108,Mid North Coast,R3,Updated 6-Feb-2020
1994,2444,FLYNNS BEACH,NSW,152.87253,-31.439614,Delivery Area,Delivery Area,10804,Port Macquarie,108,Mid North Coast,R3,Updated 6-Feb-2020
1995,2444,LIGHTHOUSE BEACH,NSW,152.87253,-31.439614,Delivery Area,Delivery Area,10804,Port Macquarie,108,Mid North Coast,R3,Updated 6-Feb-2020
1996,2444,LIMEBURNERS CREEK,NSW,152.87253,-31.439614,Delivery Area,Delivery Area,10804,Port Macquarie,108,Mid North Coast,R3,Updated 6-Feb-2020
1997,2444,NORTH SHORE,NSW,152.87253,-31.439614,Delivery Area,Delivery Area,10804,Port Macquarie,108,Mid North Coast,R3,Updated 6-Feb-2020
1998,2444,PORT MACQUARIE,NSW,152.87253,-31.439614,Delivery Area,Delivery Area,10804,Port Macquarie,108,Mid North Coast,R3,Updated 6-Feb-2020
1999,2444,PORT MACQUARIE BC,NSW,152.87253,-31.439614,,,10804,Port Macquarie,108,Mid North Coast,R3,Updated 6-Feb-2020
2000,2444,RIVERSIDE,NSW,152.87253,-31.439614,Delivery Area,Delivery Area,10804,Port Macquarie,108,Mid North Coast,R3,Updated 6-Feb-2020
2001,2444,SETTLEMENT CITY,NSW,152.87253,-31.439614,Delivery Area,Delivery Area,10804,Port Macquarie,108,Mid North Coast,R3,Updated 6-Feb-2020
2002,2444,THE HATCH,NSW,152.87253,-31.439614,Delivery Area,Delivery Area,10804,Port Macquarie,108,Mid North Coast,R3,Updated 6-Feb-2020
2003,2444,THRUMSTER,NSW,152.87253,-31.439614,Delivery Area,Delivery Area,10804,Port Macquarie,108,Mid North Coast,R3,Updated 6-Feb-2020
2004,2445,BONNY HILLS,NSW,152.820899,-31.583037,Delivery Area,Delivery Area,10804,Port Macquarie,108,Mid North Coast,R3,Updated 6-Feb-2020
2005,2445,GRANTS BEACH,NSW,152.820899,-31.583037,Delivery Area,Delivery Area,10804,Port Macquarie,108,Mid North Coast,R3,Updated 6-Feb-2020
20358,2445,JOLLY NOSE,NSW,152.7845573,-31.59057995,Delivery Area,Delivery Area,10804,Port Macquarie,108,Mid North Coast,R3,Updated 6-Feb-2020
2006,2445,LAKE CATHIE,NSW,152.820899,-31.583037,Delivery Area,Delivery Area,10804,Port Macquarie,108,Mid North Coast,R3,Updated 6-Feb-2020
2007,2446,BAGNOO,NSW,152.466916,-31.387394,Delivery Area,Delivery Area,10804,Port Macquarie,108,Mid North Coast,R3,Updated 6-Feb-2020
20359,2446,BAGO,NSW,152.6671555,-31.51174447,Delivery Area,Delivery Area,10804,Port Macquarie,108,Mid North Coast,R3,Updated 6-Feb-2020
20360,2446,BANDA BANDA,NSW,152.4528856,-31.19475731,Delivery Area,Delivery Area,10804,Port Macquarie,108,Mid North Coast,R3,Updated 6-Feb-2020
2008,2446,BEECHWOOD,NSW,152.466916,-31.387394,Delivery Area,Delivery Area,10804,Port Macquarie,108,Mid North Coast,R3,Updated 6-Feb-2020
2009,2446,BELLANGRY,NSW,152.466916,-31.387394,Delivery Area,Delivery Area,10804,Port Macquarie,108,Mid North Coast,R3,Updated 6-Feb-2020
2010,2446,BIRDWOOD,NSW,152.466916,-31.387394,Delivery Area,Delivery Area,10804,Port Macquarie,108,Mid North Coast,R3,Updated 6-Feb-2020
2011,2446,BROMBIN,NSW,152.466916,-31.387394,Delivery Area,Delivery Area,10804,Port Macquarie,108,Mid North Coast,R3,Updated 6-Feb-2020
2012,2446,BYABARRA,NSW,152.466916,-31.387394,Delivery Area,Delivery Area,10804,Port Macquarie,108,Mid North Coast,R3,Updated 6-Feb-2020
2013,2446,CAIRNCROSS,NSW,152.466916,-31.387394,Delivery Area,Delivery Area,10804,Port Macquarie,108,Mid North Coast,R3,Updated 6-Feb-2020
2014,2446,CROSSLANDS,NSW,152.466916,-31.387394,Delivery Area,Delivery Area,10804,Port Macquarie,108,Mid North Coast,R3,Updated 6-Feb-2020
20361,2446,DEBENHAM,NSW,152.2477197,-31.4588198,Delivery Area,Delivery Area,10804,Port Macquarie,108,Mid North Coast,R3,Updated 6-Feb-2020
2015,2446,DOYLES RIVER,NSW,152.466916,-31.387394,Delivery Area,Delivery Area,10804,Port Macquarie,108,Mid North Coast,R3,Updated 6-Feb-2020
2016,2446,ELLENBOROUGH,NSW,152.466916,-31.387394,Delivery Area,Delivery Area,10804,Port Macquarie,108,Mid North Coast,R3,Updated 6-Feb-2020
2017,2446,FORBES RIVER,NSW,152.466916,-31.387394,Delivery Area,Delivery Area,10804,Port Macquarie,108,Mid North Coast,R3,Updated 6-Feb-2020
2018,2446,FRAZERS CREEK,NSW,152.466916,-31.387394,Delivery Area,Delivery Area,10804,Port Macquarie,108,Mid North Coast,R3,Updated 6-Feb-2020
2019,2446,GEARYS FLAT,NSW,152.466916,-31.387394,Delivery Area,Delivery Area,10804,Port Macquarie,108,Mid North Coast,R3,Updated 6-Feb-2020
2020,2446,HARTYS PLAINS,NSW,152.466916,-31.387394,Delivery Area,Delivery Area,10804,Port Macquarie,108,Mid North Coast,R3,Updated 6-Feb-2020
2021,2446,HOLLISDALE,NSW,152.466916,-31.387394,Delivery Area,Delivery Area,10804,Port Macquarie,108,Mid North Coast,R3,Updated 6-Feb-2020
2022,2446,HUNTINGDON,NSW,152.466916,-31.387394,Delivery Area,Delivery Area,10804,Port Macquarie,108,Mid North Coast,R3,Updated 6-Feb-2020
2023,2446,HYNDMANS CREEK,NSW,152.466916,-31.387394,Delivery Area,Delivery Area,10804,Port Macquarie,108,Mid North Coast,R3,Updated 6-Feb-2020
2024,2446,KINDEE,NSW,152.466916,-31.387394,Delivery Area,Delivery Area,10804,Port Macquarie,108,Mid North Coast,R3,Updated 6-Feb-2020
20362,2446,KING CREEK,NSW,152.756541,-31.49239677,Delivery Area,Delivery Area,10804,Port Macquarie,108,Mid North Coast,R3,Updated 6-Feb-2020
2025,2446,LAKE INNES,NSW,152.466916,-31.387394,Delivery Area,Delivery Area,10804,Port Macquarie,108,Mid North Coast,R3,Updated 6-Feb-2020
2026,2446,LONG FLAT,NSW,152.466916,-31.387394,Delivery Area,Delivery Area,10804,Port Macquarie,108,Mid North Coast,R3,Updated 6-Feb-2020
2027,2446,LOWER PAPPINBARRA,NSW,152.466916,-31.387394,Delivery Area,Delivery Area,10804,Port Macquarie,108,Mid North Coast,R3,Updated 6-Feb-2020
2028,2446,MARLO MERRICAN,NSW,152.466916,-31.387394,Delivery Area,Delivery Area,10804,Port Macquarie,108,Mid North Coast,R3,Updated 6-Feb-2020
2029,2446,MORTONS CREEK,NSW,152.466916,-31.387394,Delivery Area,Delivery Area,10804,Port Macquarie,108,Mid North Coast,R3,Updated 6-Feb-2020
20363,2446,MOUNT SEAVIEW,NSW,152.1980539,-31.36589017,Delivery Area,Delivery Area,10804,Port Macquarie,108,Mid North Coast,R3,Updated 6-Feb-2020
2030,2446,PAPPINBARRA,NSW,152.466916,-31.387394,Delivery Area,Delivery Area,10804,Port Macquarie,108,Mid North Coast,R3,Updated 6-Feb-2020
2031,2446,PEMBROOKE,NSW,152.466916,-31.387394,Delivery Area,Delivery Area,10804,Port Macquarie,108,Mid North Coast,R3,Updated 6-Feb-2020
2032,2446,PIPECLAY,NSW,152.466916,-31.387394,Delivery Area,Delivery Area,10804,Port Macquarie,108,Mid North Coast,R3,Updated 6-Feb-2020
2033,2446,RAWDON ISLAND,NSW,152.466916,-31.387394,Delivery Area,Delivery Area,10804,Port Macquarie,108,Mid North Coast,R3,Updated 6-Feb-2020
2034,2446,REDBANK,NSW,152.466916,-31.387394,Delivery Area,Delivery Area,10804,Port Macquarie,108,Mid North Coast,R3,Updated 6-Feb-2020
2035,2446,ROSEWOOD,NSW,152.466916,-31.387394,Delivery Area,Delivery Area,10804,Port Macquarie,108,Mid North Coast,R3,Updated 6-Feb-2020
2036,2446,SANCROX,NSW,152.466916,-31.387394,Delivery Area,Delivery Area,10804,Port Macquarie,108,Mid North Coast,R3,Updated 6-Feb-2020
2037,2446,TOMS CREEK,NSW,152.466916,-31.387394,Delivery Area,Delivery Area,10804,Port Macquarie,108,Mid North Coast,R3,Updated 6-Feb-2020
2038,2446,UPPER PAPPINBARRA,NSW,152.466916,-31.387394,Delivery Area,Delivery Area,10804,Port Macquarie,108,Mid North Coast,R3,Updated 6-Feb-2020
2039,2446,WAUCHOPE,NSW,152.466916,-31.387394,Delivery Area,Delivery Area,10804,Port Macquarie,108,Mid North Coast,R3,Updated 6-Feb-2020
20364,2446,WERRIKIMBE,NSW,152.2114518,-31.25014561,Delivery Area,Delivery Area,10804,Port Macquarie,108,Mid North Coast,R3,Updated 6-Feb-2020
2040,2446,YARRAS,NSW,152.466916,-31.387394,Delivery Area,Delivery Area,10804,Port Macquarie,108,Mid North Coast,R3,Updated 6-Feb-2020
2041,2446,YIPPIN CREEK,NSW,152.466916,-31.387394,Delivery Area,Delivery Area,10804,Port Macquarie,108,Mid North Coast,R3,Updated 6-Feb-2020
20365,2447,BAKERS CREEK,NSW,152.7145508,-30.82662169,Delivery Area,Delivery Area,10802,Kempsey - Nambucca,108,Mid North Coast,R3,Updated 6-Feb-2020
2042,2447,BURRAPINE,NSW,152.751629,-30.77067,Delivery Area,Delivery Area,10802,Kempsey - Nambucca,108,Mid North Coast,R3,Updated 6-Feb-2020
2043,2447,CONGARINNI,NSW,152.751629,-30.77067,Delivery Area,Delivery Area,10802,Kempsey - Nambucca,108,Mid North Coast,R3,Updated 6-Feb-2020
20366,2447,CONGARINNI NORTH,NSW,152.8841903,-30.68211559,Delivery Area,Delivery Area,10802,Kempsey - Nambucca,108,Mid North Coast,R3,Updated 6-Feb-2020
2044,2447,DONNELLYVILLE,NSW,152.751629,-30.77067,Delivery Area,Delivery Area,10802,Kempsey - Nambucca,108,Mid North Coast,R3,Updated 6-Feb-2020
2045,2447,GUMMA,NSW,152.751629,-30.77067,Delivery Area,Delivery Area,10802,Kempsey - Nambucca,108,Mid North Coast,R3,Updated 6-Feb-2020
2046,2447,MACKSVILLE,NSW,152.751629,-30.77067,Delivery Area,Delivery Area,10802,Kempsey - Nambucca,108,Mid North Coast,R3,Updated 6-Feb-2020
2047,2447,NEWEE CREEK,NSW,152.751629,-30.77067,Delivery Area,Delivery Area,10802,Kempsey - Nambucca,108,Mid North Coast,R3,Updated 6-Feb-2020
20367,2447,NORTH MACKSVILLE,NSW,152.9436257,-30.6895366,Delivery Area,Delivery Area,10802,Kempsey - Nambucca,108,Mid North Coast,R3,Updated 6-Feb-2020
2048,2447,SCOTTS HEAD,NSW,152.751629,-30.77067,Delivery Area,Delivery Area,10802,Kempsey - Nambucca,108,Mid North Coast,R3,Updated 6-Feb-2020
2049,2447,TALARM,NSW,152.751629,-30.77067,Delivery Area,Delivery Area,10802,Kempsey - Nambucca,108,Mid North Coast,R3,Updated 6-Feb-2020
2050,2447,TAYLORS ARM,NSW,152.751629,-30.77067,Delivery Area,Delivery Area,10802,Kempsey - Nambucca,108,Mid North Coast,R3,Updated 6-Feb-2020
2051,2447,THUMB CREEK,NSW,152.751629,-30.77067,Delivery Area,Delivery Area,10802,Kempsey - Nambucca,108,Mid North Coast,R3,Updated 6-Feb-2020
2052,2447,UPPER TAYLORS ARM,NSW,152.751629,-30.77067,Delivery Area,Delivery Area,10802,Kempsey - Nambucca,108,Mid North Coast,R3,Updated 6-Feb-2020
2053,2447,UTUNGUN,NSW,152.751629,-30.77067,Delivery Area,Delivery Area,10802,Kempsey - Nambucca,108,Mid North Coast,R3,Updated 6-Feb-2020
2054,2447,WARRELL CREEK,NSW,152.751629,-30.77067,Delivery Area,Delivery Area,10802,Kempsey - Nambucca,108,Mid North Coast,R3,Updated 6-Feb-2020
2055,2447,WAY WAY,NSW,152.751629,-30.77067,Delivery Area,Delivery Area,10802,Kempsey - Nambucca,108,Mid North Coast,R3,Updated 6-Feb-2020
2056,2447,WIRRIMBI,NSW,152.751629,-30.77067,Delivery Area,Delivery Area,10802,Kempsey - Nambucca,108,Mid North Coast,R3,Updated 6-Feb-2020
2057,2447,YARRANBELLA,NSW,152.751629,-30.77067,Delivery Area,Delivery Area,10802,Kempsey - Nambucca,108,Mid North Coast,R3,Updated 6-Feb-2020
2058,2448,HYLAND PARK,NSW,152.956681,-30.604667,Delivery Area,Delivery Area,10802,Kempsey - Nambucca,108,Mid North Coast,R3,Updated 6-Feb-2020
2059,2448,NAMBUCCA HEADS,NSW,152.956681,-30.604667,Delivery Area,Delivery Area,10802,Kempsey - Nambucca,108,Mid North Coast,R3,Updated 6-Feb-2020
2060,2448,VALLA,NSW,152.956681,-30.604667,Delivery Area,Delivery Area,10802,Kempsey - Nambucca,108,Mid North Coast,R3,Updated 6-Feb-2020
2061,2448,VALLA BEACH,NSW,152.956681,-30.604667,Delivery Area,Delivery Area,10802,Kempsey - Nambucca,108,Mid North Coast,R3,Updated 6-Feb-2020
2062,2448,VIEWMONT,NSW,152.956681,-30.604667,,,10802,Kempsey - Nambucca,108,Mid North Coast,R3,Updated 6-Feb-2020
2063,2449,ARGENTS HILL,NSW,152.737629,-30.62816,Delivery Area,Delivery Area,10802,Kempsey - Nambucca,108,Mid North Coast,R3,Updated 6-Feb-2020
2064,2449,BOWRAVILLE,NSW,152.737629,-30.62816,Delivery Area,Delivery Area,10802,Kempsey - Nambucca,108,Mid North Coast,R3,Updated 6-Feb-2020
20368,2449,BUCKRA BENDINNI,NSW,152.6981682,-30.65151528,Delivery Area,Delivery Area,10802,Kempsey - Nambucca,108,Mid North Coast,R3,Updated 6-Feb-2020
2065,2449,GIRRALONG,NSW,152.737629,-30.62816,Delivery Area,Delivery Area,10802,Kempsey - Nambucca,108,Mid North Coast,R3,Updated 6-Feb-2020
2066,2449,KENNAICLE CREEK,NSW,152.737629,-30.62816,Delivery Area,Delivery Area,10802,Kempsey - Nambucca,108,Mid North Coast,R3,Updated 6-Feb-2020
20369,2449,KILLIEKRANKIE,NSW,152.526823,-30.55291965,Delivery Area,Delivery Area,10802,Kempsey - Nambucca,108,Mid North Coast,R3,Updated 6-Feb-2020
2067,2449,MISSABOTTI,NSW,152.737629,-30.62816,Delivery Area,Delivery Area,10802,Kempsey - Nambucca,108,Mid North Coast,R3,Updated 6-Feb-2020
2068,2449,SOUTH ARM,NSW,152.737629,-30.62816,Delivery Area,Delivery Area,10802,Kempsey - Nambucca,108,Mid North Coast,R3,Updated 6-Feb-2020
2069,2449,TEWINGA,NSW,152.737629,-30.62816,Delivery Area,Delivery Area,10802,Kempsey - Nambucca,108,Mid North Coast,R3,Updated 6-Feb-2020
2070,2450,BOAMBEE,NSW,152.658268,-30.097726,Delivery Area,Delivery Area,10402,Coffs Harbour,104,Coffs Harbour - Grafton,R3,Updated 6-Feb-2020
20370,2450,BONVILLE,NSW,153.0171326,-30.37491129,Delivery Area,Delivery Area,10402,Coffs Harbour,104,Coffs Harbour - Grafton,R3,Updated 6-Feb-2020
1793,2450,BROOKLANA,NSW,152.658268,-30.097726,Delivery Area,Delivery Area,10402,Coffs Harbour,104,Coffs Harbour - Grafton,R3,Updated 6-Feb-2020
1794,2450,BUCCA,NSW,152.658268,-30.097726,Delivery Area,Delivery Area,10402,Coffs Harbour,104,Coffs Harbour - Grafton,R3,Updated 6-Feb-2020
1795,2450,COFFS HARBOUR,NSW,152.658268,-30.097726,Delivery Area,Delivery Area,10402,Coffs Harbour,104,Coffs Harbour - Grafton,R3,Updated 6-Feb-2020
22832,2450,COFFS HARBOUR DC,NSW,0,0,,,,,,,R3,Added 25-Mar-2020
1796,2450,COFFS HARBOUR JETTY,NSW,152.658268,-30.097726,Delivery Area,Delivery Area,10402,Coffs Harbour,104,Coffs Harbour - Grafton,R3,Updated 6-Feb-2020
1797,2450,COFFS HARBOUR PLAZA,NSW,152.658268,-30.097726,Delivery Area,Delivery Area,10402,Coffs Harbour,104,Coffs Harbour - Grafton,R3,Updated 6-Feb-2020
1798,2450,CORAMBA,NSW,152.658268,-30.097726,Delivery Area,Delivery Area,10402,Coffs Harbour,104,Coffs Harbour - Grafton,R3,Updated 6-Feb-2020
1799,2450,DAIRYVILLE,NSW,152.658268,-30.097726,,,10402,Coffs Harbour,104,Coffs Harbour - Grafton,R3,Updated 6-Feb-2020
1800,2450,GLENREAGH,NSW,152.658268,-30.097726,Delivery Area,Delivery Area,10402,Coffs Harbour,104,Coffs Harbour - Grafton,R3,Updated 6-Feb-2020
1801,2450,KARANGI,NSW,152.658268,-30.097726,Delivery Area,Delivery Area,10402,Coffs Harbour,104,Coffs Harbour - Grafton,R3,Updated 6-Feb-2020
1802,2450,KORORA,NSW,152.658268,-30.097726,Delivery Area,Delivery Area,10402,Coffs Harbour,104,Coffs Harbour - Grafton,R3,Updated 6-Feb-2020
1803,2450,LOWANNA,NSW,152.658268,-30.097726,Delivery Area,Delivery Area,10402,Coffs Harbour,104,Coffs Harbour - Grafton,R3,Updated 6-Feb-2020
1804,2450,LOWER BUCCA,NSW,152.658268,-30.097726,,,10402,Coffs Harbour,104,Coffs Harbour - Grafton,R3,Updated 6-Feb-2020
1805,2450,MOONEE BEACH,NSW,152.658268,-30.097726,Delivery Area,Delivery Area,10402,Coffs Harbour,104,Coffs Harbour - Grafton,R3,Updated 6-Feb-2020
1806,2450,NANA GLEN,NSW,152.658268,-30.097726,Delivery Area,Delivery Area,10402,Coffs Harbour,104,Coffs Harbour - Grafton,R3,Updated 6-Feb-2020
1807,2450,NORTH BOAMBEE VALLEY,NSW,152.658268,-30.097726,Delivery Area,Delivery Area,10402,Coffs Harbour,104,Coffs Harbour - Grafton,R3,Updated 6-Feb-2020
1808,2450,SAPPHIRE BEACH,NSW,152.658268,-30.097726,Delivery Area,Delivery Area,10402,Coffs Harbour,104,Coffs Harbour - Grafton,R3,Updated 6-Feb-2020
20371,2450,SHERWOOD,NSW,153.0454187,-30.03087806,Delivery Area,Delivery Area,10402,Coffs Harbour,104,Coffs Harbour - Grafton,R3,Updated 6-Feb-2020
1809,2450,ULONG,NSW,152.658268,-30.097726,Delivery Area,Delivery Area,10402,Coffs Harbour,104,Coffs Harbour - Grafton,R3,Updated 6-Feb-2020
1810,2450,UPPER ORARA,NSW,152.658268,-30.097726,Delivery Area,Delivery Area,10402,Coffs Harbour,104,Coffs Harbour - Grafton,R3,Updated 6-Feb-2020
1811,2452,BAYLDON,NSW,153.08188,-30.357168,,,10402,Coffs Harbour,104,Coffs Harbour - Grafton,R3,Updated 6-Feb-2020
1812,2452,BOAMBEE EAST,NSW,153.08188,-30.357168,Delivery Area,Delivery Area,10402,Coffs Harbour,104,Coffs Harbour - Grafton,R3,Updated 6-Feb-2020
1813,2452,SAWTELL,NSW,153.08188,-30.357168,Delivery Area,Delivery Area,10402,Coffs Harbour,104,Coffs Harbour - Grafton,R3,Updated 6-Feb-2020
1814,2452,TOORMINA,NSW,153.08188,-30.357168,Delivery Area,Delivery Area,10402,Coffs Harbour,104,Coffs Harbour - Grafton,R3,Updated 6-Feb-2020
20372,2453,BIELSDOWN HILLS,NSW,152.6703126,-30.36840993,Delivery Area,Delivery Area,11001,Armidale,110,New England and North West,R3,Updated 6-Feb-2020
1815,2453,BILLYS CREEK,NSW,152.621062,-30.329085,Delivery Area,Delivery Area,11001,Armidale,110,New England and North West,R3,Updated 6-Feb-2020
1816,2453,BOSTOBRICK,NSW,152.621062,-30.329085,Delivery Area,Delivery Area,11001,Armidale,110,New England and North West,R3,Updated 6-Feb-2020
1817,2453,BRIGGSVALE,NSW,152.621062,-30.329085,,,11001,Armidale,110,New England and North West,R3,Updated 6-Feb-2020
20373,2453,CASCADE,NSW,152.7837915,-30.22840035,Delivery Area,Delivery Area,11001,Armidale,110,New England and North West,R3,Updated 6-Feb-2020
1818,2453,CLOUDS CREEK,NSW,152.621062,-30.329085,Delivery Area,Delivery Area,11001,Armidale,110,New England and North West,R3,Updated 6-Feb-2020
1819,2453,DEER VALE,NSW,152.621062,-30.329085,Delivery Area,Delivery Area,11001,Armidale,110,New England and North West,R3,Updated 6-Feb-2020
1820,2453,DORRIGO,NSW,152.621062,-30.329085,Delivery Area,Delivery Area,11001,Armidale,110,New England and North West,R3,Updated 6-Feb-2020
20374,2453,DORRIGO MOUNTAIN,NSW,152.7309701,-30.37553037,Delivery Area,Delivery Area,11001,Armidale,110,New England and North West,R3,Updated 6-Feb-2020
1821,2453,DORRIGO NORTH,NSW,152.621062,-30.329085,,,11001,Armidale,110,New England and North West,R3,Updated 6-Feb-2020
1822,2453,DUNDURRABIN,NSW,152.621062,-30.329085,Delivery Area,Delivery Area,11001,Armidale,110,New England and North West,R3,Updated 6-Feb-2020
1823,2453,EBOR,NSW,152.621062,-30.329085,Delivery Area,Delivery Area,11001,Armidale,110,New England and North West,R3,Updated 6-Feb-2020
1824,2453,FERNBROOK,NSW,152.621062,-30.329085,Delivery Area,Delivery Area,11001,Armidale,110,New England and North West,R3,Updated 6-Feb-2020
1825,2453,GANGARA,NSW,152.621062,-30.329085,,,11001,Armidale,110,New England and North West,R3,Updated 6-Feb-2020
1826,2453,GLEN FERNAIGH,NSW,152.621062,-30.329085,,,11001,Armidale,110,New England and North West,R3,Updated 6-Feb-2020
1827,2453,HERNANI,NSW,152.621062,-30.329085,Delivery Area,Delivery Area,11001,Armidale,110,New England and North West,R3,Updated 6-Feb-2020
1828,2453,LEIGH,NSW,152.621062,-30.329085,,,11001,Armidale,110,New England and North West,R3,Updated 6-Feb-2020
20375,2453,MARENGO,NSW,152.4164012,-30.14016881,Delivery Area,Delivery Area,11001,Armidale,110,New England and North West,R3,Updated 6-Feb-2020
1829,2453,MAYNARDS PLAINS,NSW,152.621062,-30.329085,,,11001,Armidale,110,New England and North West,R3,Updated 6-Feb-2020
1830,2453,MEGAN,NSW,152.621062,-30.329085,Delivery Area,Delivery Area,11001,Armidale,110,New England and North West,R3,Updated 6-Feb-2020
20376,2453,MOONPAR,NSW,152.6416587,-30.22185073,Delivery Area,Delivery Area,11001,Armidale,110,New England and North West,R3,Updated 6-Feb-2020
1831,2453,MULDIVA,NSW,152.621062,-30.329085,,,11001,Armidale,110,New England and North West,R3,Updated 6-Feb-2020
20377,2453,NEVER NEVER,NSW,152.8193932,-30.35583078,Delivery Area,Delivery Area,11001,Armidale,110,New England and North West,R3,Updated 6-Feb-2020
20378,2453,NORTH DORRIGO,NSW,152.6807697,-30.26706706,Delivery Area,Delivery Area,11001,Armidale,110,New England and North West,R3,Updated 6-Feb-2020
20379,2453,TALLOWWOOD RIDGE,NSW,152.7239732,-30.261156,Delivery Area,Delivery Area,11001,Armidale,110,New England and North West,R3,Updated 6-Feb-2020
1832,2453,TYRINGHAM,NSW,152.621062,-30.329085,Delivery Area,Delivery Area,11001,Armidale,110,New England and North West,R3,Updated 6-Feb-2020
20380,2453,WILD CATTLE CREEK,NSW,152.7468709,-30.14637427,Delivery Area,Delivery Area,11001,Armidale,110,New England and North West,R3,Updated 6-Feb-2020
1833,2454,BELLINGEN,NSW,152.840266,-30.459807,Delivery Area,Delivery Area,10402,Coffs Harbour,104,Coffs Harbour - Grafton,R3,Updated 6-Feb-2020
1834,2454,BRIERFIELD,NSW,152.840266,-30.459807,Delivery Area,Delivery Area,10402,Coffs Harbour,104,Coffs Harbour - Grafton,R3,Updated 6-Feb-2020
20381,2454,BRINERVILLE,NSW,152.4954151,-30.46794079,Delivery Area,Delivery Area,10402,Coffs Harbour,104,Coffs Harbour - Grafton,R3,Updated 6-Feb-2020
1835,2454,BUNDAGEN,NSW,152.840266,-30.459807,Delivery Area,Delivery Area,10402,Coffs Harbour,104,Coffs Harbour - Grafton,R3,Updated 6-Feb-2020
1836,2454,DARKWOOD,NSW,152.840266,-30.459807,Delivery Area,Delivery Area,10402,Coffs Harbour,104,Coffs Harbour - Grafton,R3,Updated 6-Feb-2020
1837,2454,FERNMOUNT,NSW,152.840266,-30.459807,Delivery Area,Delivery Area,10402,Coffs Harbour,104,Coffs Harbour - Grafton,R3,Updated 6-Feb-2020
1838,2454,GLENIFFER,NSW,152.840266,-30.459807,Delivery Area,Delivery Area,10402,Coffs Harbour,104,Coffs Harbour - Grafton,R3,Updated 6-Feb-2020
1839,2454,GORDONVILLE,NSW,152.840266,-30.459807,,,10402,Coffs Harbour,104,Coffs Harbour - Grafton,R3,Updated 6-Feb-2020
1840,2454,HYDES CREEK,NSW,152.840266,-30.459807,,,10402,Coffs Harbour,104,Coffs Harbour - Grafton,R3,Updated 6-Feb-2020
1841,2454,KALANG,NSW,152.840266,-30.459807,Delivery Area,Delivery Area,10402,Coffs Harbour,104,Coffs Harbour - Grafton,R3,Updated 6-Feb-2020
1842,2454,KOOROOWI,NSW,152.840266,-30.459807,Delivery Area,Delivery Area,10402,Coffs Harbour,104,Coffs Harbour - Grafton,R3,Updated 6-Feb-2020
1843,2454,MYLESTOM,NSW,152.840266,-30.459807,Delivery Area,Delivery Area,10402,Coffs Harbour,104,Coffs Harbour - Grafton,R3,Updated 6-Feb-2020
1844,2454,ORAMA,NSW,152.840266,-30.459807,,,10402,Coffs Harbour,104,Coffs Harbour - Grafton,R3,Updated 6-Feb-2020
1845,2454,RALEIGH,NSW,152.840266,-30.459807,Delivery Area,Delivery Area,10402,Coffs Harbour,104,Coffs Harbour - Grafton,R3,Updated 6-Feb-2020
1846,2454,REPTON,NSW,152.840266,-30.459807,Delivery Area,Delivery Area,10402,Coffs Harbour,104,Coffs Harbour - Grafton,R3,Updated 6-Feb-2020
1847,2454,SCOTCHMAN,NSW,152.840266,-30.459807,Delivery Area,Delivery Area,10402,Coffs Harbour,104,Coffs Harbour - Grafton,R3,Updated 6-Feb-2020
20382,2454,SPICKETTS CREEK,NSW,152.8626791,-30.52546537,Delivery Area,Delivery Area,10402,Coffs Harbour,104,Coffs Harbour - Grafton,R3,Updated 6-Feb-2020
1848,2454,SUNNY CORNER,NSW,152.840266,-30.459807,,,10402,Coffs Harbour,104,Coffs Harbour - Grafton,R3,Updated 6-Feb-2020
1849,2454,THORA,NSW,152.840266,-30.459807,Delivery Area,Delivery Area,10402,Coffs Harbour,104,Coffs Harbour - Grafton,R3,Updated 6-Feb-2020
1850,2454,UPPER THORA,NSW,152.840266,-30.459807,,,10402,Coffs Harbour,104,Coffs Harbour - Grafton,R3,Updated 6-Feb-2020
1851,2454,VALERY,NSW,152.840266,-30.459807,Delivery Area,Delivery Area,10402,Coffs Harbour,104,Coffs Harbour - Grafton,R3,Updated 6-Feb-2020
1852,2455,TARKEETH,NSW,152.96348,-30.529366,,,10402,Coffs Harbour,104,Coffs Harbour - Grafton,R3,Updated 6-Feb-2020
1853,2455,URUNGA,NSW,152.96348,-30.529366,Delivery Area,Delivery Area,10402,Coffs Harbour,104,Coffs Harbour - Grafton,R3,Updated 6-Feb-2020
1854,2456,ARRAWARRA,NSW,153.143409,-30.073663,Delivery Area,Delivery Area,10402,Coffs Harbour,104,Coffs Harbour - Grafton,R3,Updated 6-Feb-2020
1855,2456,ARRAWARRA HEADLAND,NSW,153.143409,-30.073663,Delivery Area,Delivery Area,10402,Coffs Harbour,104,Coffs Harbour - Grafton,R3,Updated 6-Feb-2020
1856,2456,CORINDI BEACH,NSW,153.143409,-30.073663,Delivery Area,Delivery Area,10402,Coffs Harbour,104,Coffs Harbour - Grafton,R3,Updated 6-Feb-2020
20383,2456,DIRTY CREEK,NSW,153.1435857,-29.98905156,Delivery Area,Delivery Area,10402,Coffs Harbour,104,Coffs Harbour - Grafton,R3,Updated 6-Feb-2020
1857,2456,EMERALD BEACH,NSW,153.143409,-30.073663,Delivery Area,Delivery Area,10402,Coffs Harbour,104,Coffs Harbour - Grafton,R3,Updated 6-Feb-2020
1858,2456,MULLAWAY,NSW,153.143409,-30.073663,Delivery Area,Delivery Area,10402,Coffs Harbour,104,Coffs Harbour - Grafton,R3,Updated 6-Feb-2020
1859,2456,RED ROCK,NSW,153.143409,-30.073663,Delivery Area,Delivery Area,10402,Coffs Harbour,104,Coffs Harbour - Grafton,R3,Updated 6-Feb-2020
1860,2456,SAFETY BEACH,NSW,153.143409,-30.073663,Delivery Area,Delivery Area,10402,Coffs Harbour,104,Coffs Harbour - Grafton,R3,Updated 6-Feb-2020
1861,2456,SANDY BEACH,NSW,153.143409,-30.073663,Delivery Area,Delivery Area,10402,Coffs Harbour,104,Coffs Harbour - Grafton,R3,Updated 6-Feb-2020
1862,2456,UPPER CORINDI,NSW,153.143409,-30.073663,Delivery Area,Delivery Area,10402,Coffs Harbour,104,Coffs Harbour - Grafton,R3,Updated 6-Feb-2020
1863,2456,WOOLGOOLGA,NSW,153.143409,-30.073663,Delivery Area,Delivery Area,10402,Coffs Harbour,104,Coffs Harbour - Grafton,R3,Updated 6-Feb-2020
1864,2460,ALUMY CREEK,NSW,153.271074,-29.320772,Delivery Area,Delivery Area,11002,Inverell - Tenterfield,110,New England and North West,R3,Updated 6-Feb-2020
20384,2460,BANYABBA,NSW,152.9337745,-29.37235419,Delivery Area,Delivery Area,11002,Inverell - Tenterfield,110,New England and North West,R3,Updated 6-Feb-2020
1865,2460,BARCOONGERE,NSW,153.271074,-29.320772,Delivery Area,Delivery Area,11002,Inverell - Tenterfield,110,New England and North West,R3,Updated 6-Feb-2020
1866,2460,BARRETTS CREEK,NSW,153.271074,-29.320772,Delivery Area,Delivery Area,11002,Inverell - Tenterfield,110,New England and North West,R3,Updated 6-Feb-2020
1867,2460,BARYULGIL,NSW,153.271074,-29.320772,Delivery Area,Delivery Area,11002,Inverell - Tenterfield,110,New England and North West,R3,Updated 6-Feb-2020
1868,2460,BLAXLANDS CREEK,NSW,153.271074,-29.320772,Delivery Area,Delivery Area,11002,Inverell - Tenterfield,110,New England and North West,R3,Updated 6-Feb-2020
1869,2460,BLAXLANDS FLAT,NSW,153.271074,-29.320772,,,11002,Inverell - Tenterfield,110,New England and North West,R3,Updated 6-Feb-2020
1870,2460,BOM BOM,NSW,153.271074,-29.320772,Delivery Area,Delivery Area,11002,Inverell - Tenterfield,110,New England and North West,R3,Updated 6-Feb-2020
1871,2460,BOOKRAM,NSW,153.271074,-29.320772,Delivery Area,Delivery Area,11002,Inverell - Tenterfield,110,New England and North West,R3,Updated 6-Feb-2020
1872,2460,BRAUNSTONE,NSW,153.271074,-29.320772,Delivery Area,Delivery Area,11002,Inverell - Tenterfield,110,New England and North West,R3,Updated 6-Feb-2020
1873,2460,BRUSHGROVE,NSW,153.271074,-29.320772,Delivery Area,Delivery Area,11002,Inverell - Tenterfield,110,New England and North West,R3,Updated 6-Feb-2020
1874,2460,BUCCARUMBI,NSW,153.271074,-29.320772,Delivery Area,Delivery Area,11002,Inverell - Tenterfield,110,New England and North West,R3,Updated 6-Feb-2020
1875,2460,CALAMIA,NSW,153.271074,-29.320772,Delivery Area,Delivery Area,11002,Inverell - Tenterfield,110,New England and North West,R3,Updated 6-Feb-2020
1876,2460,CANGAI,NSW,153.271074,-29.320772,Delivery Area,Delivery Area,11002,Inverell - Tenterfield,110,New England and North West,R3,Updated 6-Feb-2020
1877,2460,CARNHAM,NSW,153.271074,-29.320772,Delivery Area,Delivery Area,11002,Inverell - Tenterfield,110,New England and North West,R3,Updated 6-Feb-2020
1878,2460,CARRS CREEK,NSW,153.271074,-29.320772,Delivery Area,Delivery Area,11002,Inverell - Tenterfield,110,New England and North West,R3,Updated 6-Feb-2020
1879,2460,CARRS ISLAND,NSW,153.271074,-29.320772,Delivery Area,Delivery Area,11002,Inverell - Tenterfield,110,New England and North West,R3,Updated 6-Feb-2020
1880,2460,CARRS PENINSULAR,NSW,153.271074,-29.320772,Delivery Area,Delivery Area,11002,Inverell - Tenterfield,110,New England and North West,R3,Updated 6-Feb-2020
20385,2460,CHAELUNDI,NSW,152.4286001,-29.97432556,Delivery Area,Delivery Area,11002,Inverell - Tenterfield,110,New England and North West,R3,Updated 6-Feb-2020
1881,2460,CHAMBIGNE,NSW,153.271074,-29.320772,Delivery Area,Delivery Area,11002,Inverell - Tenterfield,110,New England and North West,R3,Updated 6-Feb-2020
1882,2460,CLARENZA,NSW,153.271074,-29.320772,Delivery Area,Delivery Area,11002,Inverell - Tenterfield,110,New England and North West,R3,Updated 6-Feb-2020
1883,2460,CLIFDEN,NSW,153.271074,-29.320772,Delivery Area,Delivery Area,11002,Inverell - Tenterfield,110,New England and North West,R3,Updated 6-Feb-2020
1884,2460,COALDALE,NSW,153.271074,-29.320772,Delivery Area,Delivery Area,11002,Inverell - Tenterfield,110,New England and North West,R3,Updated 6-Feb-2020
1885,2460,COLLUM COLLUM,NSW,153.271074,-29.320772,Delivery Area,Delivery Area,11002,Inverell - Tenterfield,110,New England and North West,R3,Updated 6-Feb-2020
1886,2460,COOMBADJHA,NSW,153.271074,-29.320772,Delivery Area,Delivery Area,11002,Inverell - Tenterfield,110,New England and North West,R3,Updated 6-Feb-2020
1887,2460,COPMANHURST,NSW,153.271074,-29.320772,Delivery Area,Delivery Area,11002,Inverell - Tenterfield,110,New England and North West,R3,Updated 6-Feb-2020
1888,2460,COUTTS CROSSING,NSW,153.271074,-29.320772,Delivery Area,Delivery Area,11002,Inverell - Tenterfield,110,New England and North West,R3,Updated 6-Feb-2020
1889,2460,COWPER,NSW,153.271074,-29.320772,Delivery Area,Delivery Area,11002,Inverell - Tenterfield,110,New England and North West,R3,Updated 6-Feb-2020
1890,2460,CROWTHER ISLAND,NSW,153.271074,-29.320772,Delivery Area,Delivery Area,11002,Inverell - Tenterfield,110,New England and North West,R3,Updated 6-Feb-2020
1891,2460,DALMORTON,NSW,153.271074,-29.320772,Delivery Area,Delivery Area,11002,Inverell - Tenterfield,110,New England and North West,R3,Updated 6-Feb-2020
20386,2460,DEEP CREEK,NSW,152.6683015,-29.16162008,Delivery Area,Delivery Area,11002,Inverell - Tenterfield,110,New England and North West,R3,Updated 6-Feb-2020
1892,2460,DILKOON,NSW,153.271074,-29.320772,Delivery Area,Delivery Area,11002,Inverell - Tenterfield,110,New England and North West,R3,Updated 6-Feb-2020
1893,2460,DIRTY CREEK,NSW,153.271074,-29.320772,Delivery Area,Delivery Area,11002,Inverell - Tenterfield,110,New England and North West,R3,Updated 6-Feb-2020
1894,2460,DUMBUDGERY,NSW,153.271074,-29.320772,Delivery Area,Delivery Area,11002,Inverell - Tenterfield,110,New England and North West,R3,Updated 6-Feb-2020
1895,2460,EATONSVILLE,NSW,153.271074,-29.320772,Delivery Area,Delivery Area,11002,Inverell - Tenterfield,110,New England and North West,R3,Updated 6-Feb-2020
1896,2460,EIGHTEEN MILE,NSW,153.271074,-29.320772,Delivery Area,Delivery Area,11002,Inverell - Tenterfield,110,New England and North West,R3,Updated 6-Feb-2020
1897,2460,ELLAND,NSW,153.271074,-29.320772,Delivery Area,Delivery Area,11002,Inverell - Tenterfield,110,New England and North West,R3,Updated 6-Feb-2020
1898,2460,FINE FLOWER,NSW,153.271074,-29.320772,Delivery Area,Delivery Area,11002,Inverell - Tenterfield,110,New England and North West,R3,Updated 6-Feb-2020
1899,2460,FORTIS CREEK,NSW,153.271074,-29.320772,Delivery Area,Delivery Area,11002,Inverell - Tenterfield,110,New England and North West,R3,Updated 6-Feb-2020
1900,2460,GLENUGIE,NSW,153.271074,-29.320772,Delivery Area,Delivery Area,11002,Inverell - Tenterfield,110,New England and North West,R3,Updated 6-Feb-2020
1901,2460,GRAFTON,NSW,153.271074,-29.320772,Delivery Area,Delivery Area,11002,Inverell - Tenterfield,110,New England and North West,R3,Updated 6-Feb-2020
1902,2460,GRAFTON WEST,NSW,153.271074,-29.320772,Delivery Area,Delivery Area,11002,Inverell - Tenterfield,110,New England and North West,R3,Updated 6-Feb-2020
1903,2460,GREAT MARLOW,NSW,153.271074,-29.320772,Delivery Area,Delivery Area,11002,Inverell - Tenterfield,110,New England and North West,R3,Updated 6-Feb-2020
1904,2460,GURRANANG,NSW,153.271074,-29.320772,Delivery Area,Delivery Area,11002,Inverell - Tenterfield,110,New England and North West,R3,Updated 6-Feb-2020
1905,2460,HALFWAY CREEK,NSW,153.271074,-29.320772,Delivery Area,Delivery Area,11002,Inverell - Tenterfield,110,New England and North West,R3,Updated 6-Feb-2020
1906,2460,HEIFER STATION,NSW,153.271074,-29.320772,Delivery Area,Delivery Area,11002,Inverell - Tenterfield,110,New England and North West,R3,Updated 6-Feb-2020
1907,2460,JACKADGERY,NSW,153.271074,-29.320772,Delivery Area,Delivery Area,11002,Inverell - Tenterfield,110,New England and North West,R3,Updated 6-Feb-2020
1908,2460,JUNCTION HILL,NSW,153.271074,-29.320772,Delivery Area,Delivery Area,11002,Inverell - Tenterfield,110,New England and North West,R3,Updated 6-Feb-2020
1909,2460,KANGAROO CREEK,NSW,153.271074,-29.320772,Delivery Area,Delivery Area,11002,Inverell - Tenterfield,110,New England and North West,R3,Updated 6-Feb-2020
1910,2460,KEYBARBIN,NSW,153.271074,-29.320772,Delivery Area,Delivery Area,11002,Inverell - Tenterfield,110,New England and North West,R3,Updated 6-Feb-2020
1911,2460,KOOLKHAN,NSW,153.271074,-29.320772,Delivery Area,Delivery Area,11002,Inverell - Tenterfield,110,New England and North West,R3,Updated 6-Feb-2020
1912,2460,KREMNOS,NSW,153.271074,-29.320772,Delivery Area,Delivery Area,11002,Inverell - Tenterfield,110,New England and North West,R3,Updated 6-Feb-2020
1913,2460,KUNGALA,NSW,153.271074,-29.320772,Delivery Area,Delivery Area,11002,Inverell - Tenterfield,110,New England and North West,R3,Updated 6-Feb-2020
20387,2460,KYARRAN,NSW,152.9719541,-29.59259196,Delivery Area,Delivery Area,11002,Inverell - Tenterfield,110,New England and North West,R3,Updated 6-Feb-2020
1914,2460,LANITZA,NSW,153.271074,-29.320772,Delivery Area,Delivery Area,11002,Inverell - Tenterfield,110,New England and North West,R3,Updated 6-Feb-2020
1915,2460,LAWRENCE,NSW,153.271074,-29.320772,Delivery Area,Delivery Area,11002,Inverell - Tenterfield,110,New England and North West,R3,Updated 6-Feb-2020
1916,2460,LEVENSTRATH,NSW,153.271074,-29.320772,Delivery Area,Delivery Area,11002,Inverell - Tenterfield,110,New England and North West,R3,Updated 6-Feb-2020
1917,2460,LILYDALE,NSW,153.271074,-29.320772,Delivery Area,Delivery Area,11002,Inverell - Tenterfield,110,New England and North West,R3,Updated 6-Feb-2020
1918,2460,LIONSVILLE,NSW,153.271074,-29.320772,Delivery Area,Delivery Area,11002,Inverell - Tenterfield,110,New England and North West,R3,Updated 6-Feb-2020
1919,2460,LOWER COLDSTREAM,NSW,153.271074,-29.320772,,,11002,Inverell - Tenterfield,110,New England and North West,R3,Updated 6-Feb-2020
1920,2460,LOWER SOUTHGATE,NSW,153.271074,-29.320772,Delivery Area,Delivery Area,11002,Inverell - Tenterfield,110,New England and North West,R3,Updated 6-Feb-2020
1921,2460,MALABUGILMAH,NSW,153.271074,-29.320772,Delivery Area,Delivery Area,11002,Inverell - Tenterfield,110,New England and North West,R3,Updated 6-Feb-2020
1922,2460,MCPHERSONS CROSSING,NSW,153.271074,-29.320772,,,11002,Inverell - Tenterfield,110,New England and North West,R3,Updated 6-Feb-2020
1923,2460,MOLEVILLE CREEK,NSW,153.271074,-29.320772,Delivery Area,Delivery Area,11002,Inverell - Tenterfield,110,New England and North West,R3,Updated 6-Feb-2020
1924,2460,MOUNTAIN VIEW,NSW,153.271074,-29.320772,Delivery Area,Delivery Area,11002,Inverell - Tenterfield,110,New England and North West,R3,Updated 6-Feb-2020
1925,2460,MYLNEFORD,NSW,153.271074,-29.320772,Delivery Area,Delivery Area,11002,Inverell - Tenterfield,110,New England and North West,R3,Updated 6-Feb-2020
1926,2460,NEWBOLD,NSW,153.271074,-29.320772,Delivery Area,Delivery Area,11002,Inverell - Tenterfield,110,New England and North West,R3,Updated 6-Feb-2020
1927,2460,NYMBOIDA,NSW,153.271074,-29.320772,Delivery Area,Delivery Area,11002,Inverell - Tenterfield,110,New England and North West,R3,Updated 6-Feb-2020
1928,2460,PULGANBAR,NSW,153.271074,-29.320772,Delivery Area,Delivery Area,11002,Inverell - Tenterfield,110,New England and North West,R3,Updated 6-Feb-2020
1929,2460,PUNCHBOWL,NSW,153.271074,-29.320772,Delivery Area,Delivery Area,11002,Inverell - Tenterfield,110,New England and North West,R3,Updated 6-Feb-2020
1930,2460,RAMORNIE,NSW,153.271074,-29.320772,Delivery Area,Delivery Area,11002,Inverell - Tenterfield,110,New England and North West,R3,Updated 6-Feb-2020
1931,2460,RUSHFORTH,NSW,153.271074,-29.320772,Delivery Area,Delivery Area,11002,Inverell - Tenterfield,110,New England and North West,R3,Updated 6-Feb-2020
1932,2460,SANDY CROSSING,NSW,153.271074,-29.320772,Delivery Area,Delivery Area,11002,Inverell - Tenterfield,110,New England and North West,R3,Updated 6-Feb-2020
1653,2460,SEELANDS,NSW,153.271074,-29.320772,Delivery Area,Delivery Area,11002,Inverell - Tenterfield,110,New England and North West,R3,Updated 6-Feb-2020
1654,2460,SHANNONDALE,NSW,153.271074,-29.320772,Delivery Area,Delivery Area,11002,Inverell - Tenterfield,110,New England and North West,R3,Updated 6-Feb-2020
20388,2460,SMITHS CREEK,NSW,152.7265162,-29.50466146,Delivery Area,Delivery Area,11002,Inverell - Tenterfield,110,New England and North West,R3,Updated 6-Feb-2020
1655,2460,SOUTH ARM,NSW,153.271074,-29.320772,Delivery Area,Delivery Area,11002,Inverell - Tenterfield,110,New England and North West,R3,Updated 6-Feb-2020
1656,2460,SOUTH GRAFTON,NSW,153.271074,-29.320772,Delivery Area,Delivery Area,11002,Inverell - Tenterfield,110,New England and North West,R3,Updated 6-Feb-2020
20389,2460,SOUTHAMPTON,NSW,152.8987118,-29.71470149,Delivery Area,Delivery Area,11002,Inverell - Tenterfield,110,New England and North West,R3,Updated 6-Feb-2020
1657,2460,SOUTHGATE,NSW,153.271074,-29.320772,Delivery Area,Delivery Area,11002,Inverell - Tenterfield,110,New England and North West,R3,Updated 6-Feb-2020
1658,2460,STOCKYARD CREEK,NSW,153.271074,-29.320772,Delivery Area,Delivery Area,11002,Inverell - Tenterfield,110,New England and North West,R3,Updated 6-Feb-2020
1659,2460,THE PINNACLES,NSW,153.271074,-29.320772,Delivery Area,Delivery Area,11002,Inverell - Tenterfield,110,New England and North West,R3,Updated 6-Feb-2020
1660,2460,THE WHITEMAN,NSW,153.271074,-29.320772,Delivery Area,Delivery Area,11002,Inverell - Tenterfield,110,New England and North West,R3,Updated 6-Feb-2020
1661,2460,TOWALLUM,NSW,153.271074,-29.320772,Delivery Area,Delivery Area,11002,Inverell - Tenterfield,110,New England and North West,R3,Updated 6-Feb-2020
1662,2460,TRENAYR,NSW,153.271074,-29.320772,Delivery Area,Delivery Area,11002,Inverell - Tenterfield,110,New England and North West,R3,Updated 6-Feb-2020
1663,2460,TYNDALE,NSW,153.271074,-29.320772,Delivery Area,Delivery Area,11002,Inverell - Tenterfield,110,New England and North West,R3,Updated 6-Feb-2020
1664,2460,UPPER COPMANHURST,NSW,153.271074,-29.320772,Delivery Area,Delivery Area,11002,Inverell - Tenterfield,110,New England and North West,R3,Updated 6-Feb-2020
1665,2460,UPPER FINE FLOWER,NSW,153.271074,-29.320772,Delivery Area,Delivery Area,11002,Inverell - Tenterfield,110,New England and North West,R3,Updated 6-Feb-2020
1666,2460,WARRAGAI CREEK,NSW,153.271074,-29.320772,Delivery Area,Delivery Area,11002,Inverell - Tenterfield,110,New England and North West,R3,Updated 6-Feb-2020
20390,2460,WASHPOOL,NSW,152.3812776,-29.29582566,Delivery Area,Delivery Area,11002,Inverell - Tenterfield,110,New England and North West,R3,Updated 6-Feb-2020
1667,2460,WATERVIEW,NSW,153.271074,-29.320772,Delivery Area,Delivery Area,11002,Inverell - Tenterfield,110,New England and North West,R3,Updated 6-Feb-2020
1668,2460,WATERVIEW HEIGHTS,NSW,153.271074,-29.320772,Delivery Area,Delivery Area,11002,Inverell - Tenterfield,110,New England and North West,R3,Updated 6-Feb-2020
1669,2460,WELLS CROSSING,NSW,153.271074,-29.320772,Delivery Area,Delivery Area,11002,Inverell - Tenterfield,110,New England and North West,R3,Updated 6-Feb-2020
1670,2460,WHITEMAN CREEK,NSW,153.271074,-29.320772,Delivery Area,Delivery Area,11002,Inverell - Tenterfield,110,New England and North West,R3,Updated 6-Feb-2020
1671,2460,WINEGROVE,NSW,153.271074,-29.320772,Delivery Area,Delivery Area,11002,Inverell - Tenterfield,110,New England and North West,R3,Updated 6-Feb-2020
1672,2460,WOMBAT CREEK,NSW,153.271074,-29.320772,Delivery Area,Delivery Area,11002,Inverell - Tenterfield,110,New England and North West,R3,Updated 6-Feb-2020
1673,2462,CALLIOPE,NSW,153.187047,-29.829194,Delivery Area,Delivery Area,10401,Clarence Valley,104,Coffs Harbour - Grafton,R3,Updated 6-Feb-2020
1674,2462,COLDSTREAM,NSW,153.187047,-29.829194,Delivery Area,Delivery Area,10401,Clarence Valley,104,Coffs Harbour - Grafton,R3,Updated 6-Feb-2020
1675,2462,DIGGERS CAMP,NSW,153.187047,-29.829194,Delivery Area,Delivery Area,10401,Clarence Valley,104,Coffs Harbour - Grafton,R3,Updated 6-Feb-2020
1676,2462,GILLETTS RIDGE,NSW,153.187047,-29.829194,Delivery Area,Delivery Area,10401,Clarence Valley,104,Coffs Harbour - Grafton,R3,Updated 6-Feb-2020
1677,2462,LAKE HIAWATHA,NSW,153.187047,-29.829194,Delivery Area,Delivery Area,10401,Clarence Valley,104,Coffs Harbour - Grafton,R3,Updated 6-Feb-2020
1678,2462,LAVADIA,NSW,153.187047,-29.829194,Delivery Area,Delivery Area,10401,Clarence Valley,104,Coffs Harbour - Grafton,R3,Updated 6-Feb-2020
1679,2462,MINNIE WATER,NSW,153.187047,-29.829194,Delivery Area,Delivery Area,10401,Clarence Valley,104,Coffs Harbour - Grafton,R3,Updated 6-Feb-2020
1680,2462,PILLAR VALLEY,NSW,153.187047,-29.829194,Delivery Area,Delivery Area,10401,Clarence Valley,104,Coffs Harbour - Grafton,R3,Updated 6-Feb-2020
1681,2462,SWAN CREEK,NSW,153.187047,-29.829194,Delivery Area,Delivery Area,10401,Clarence Valley,104,Coffs Harbour - Grafton,R3,Updated 6-Feb-2020
1682,2462,TUCABIA,NSW,153.187047,-29.829194,Delivery Area,Delivery Area,10401,Clarence Valley,104,Coffs Harbour - Grafton,R3,Updated 6-Feb-2020
1683,2462,ULMARRA,NSW,153.187047,-29.829194,Delivery Area,Delivery Area,10401,Clarence Valley,104,Coffs Harbour - Grafton,R3,Updated 6-Feb-2020
1684,2462,WOOLI,NSW,153.187047,-29.829194,Delivery Area,Delivery Area,10401,Clarence Valley,104,Coffs Harbour - Grafton,R3,Updated 6-Feb-2020
1685,2463,ASHBY,NSW,153.104789,-29.36691,Delivery Area,Delivery Area,10401,Clarence Valley,104,Coffs Harbour - Grafton,R3,Updated 6-Feb-2020
1686,2463,ASHBY HEIGHTS,NSW,153.104789,-29.36691,Delivery Area,Delivery Area,10401,Clarence Valley,104,Coffs Harbour - Grafton,R3,Updated 6-Feb-2020
20391,2463,ASHBY ISLAND,NSW,153.2036054,-29.42423996,Delivery Area,Delivery Area,10401,Clarence Valley,104,Coffs Harbour - Grafton,R3,Updated 6-Feb-2020
1687,2463,BROOMS HEAD,NSW,153.104789,-29.36691,Delivery Area,Delivery Area,10401,Clarence Valley,104,Coffs Harbour - Grafton,R3,Updated 6-Feb-2020
1688,2463,GULMARRAD,NSW,153.104789,-29.36691,Delivery Area,Delivery Area,10401,Clarence Valley,104,Coffs Harbour - Grafton,R3,Updated 6-Feb-2020
1689,2463,ILARWILL,NSW,153.104789,-29.36691,Delivery Area,Delivery Area,10401,Clarence Valley,104,Coffs Harbour - Grafton,R3,Updated 6-Feb-2020
1690,2463,JACKY BULBIN FLAT,NSW,153.104789,-29.36691,Delivery Area,Delivery Area,10401,Clarence Valley,104,Coffs Harbour - Grafton,R3,Updated 6-Feb-2020
1691,2463,JAMES CREEK,NSW,153.104789,-29.36691,Delivery Area,Delivery Area,10401,Clarence Valley,104,Coffs Harbour - Grafton,R3,Updated 6-Feb-2020
1692,2463,MACLEAN,NSW,153.104789,-29.36691,Delivery Area,Delivery Area,10401,Clarence Valley,104,Coffs Harbour - Grafton,R3,Updated 6-Feb-2020
1693,2463,PALMERS CHANNEL,NSW,153.104789,-29.36691,Delivery Area,Delivery Area,10401,Clarence Valley,104,Coffs Harbour - Grafton,R3,Updated 6-Feb-2020
1694,2463,PALMERS ISLAND,NSW,153.104789,-29.36691,Delivery Area,Delivery Area,10401,Clarence Valley,104,Coffs Harbour - Grafton,R3,Updated 6-Feb-2020
1695,2463,SANDON,NSW,153.104789,-29.36691,Delivery Area,Delivery Area,10401,Clarence Valley,104,Coffs Harbour - Grafton,R3,Updated 6-Feb-2020
1696,2463,SHARK CREEK,NSW,153.104789,-29.36691,Delivery Area,Delivery Area,10401,Clarence Valley,104,Coffs Harbour - Grafton,R3,Updated 6-Feb-2020
1697,2463,TALOUMBI,NSW,153.104789,-29.36691,Delivery Area,Delivery Area,10401,Clarence Valley,104,Coffs Harbour - Grafton,R3,Updated 6-Feb-2020
1698,2463,THE SANDON,NSW,153.104789,-29.36691,Delivery Area,Delivery Area,10401,Clarence Valley,104,Coffs Harbour - Grafton,R3,Updated 6-Feb-2020
1699,2463,TOWNSEND,NSW,153.104789,-29.36691,Delivery Area,Delivery Area,10401,Clarence Valley,104,Coffs Harbour - Grafton,R3,Updated 6-Feb-2020
1700,2463,TULLYMORGAN,NSW,153.104789,-29.36691,Delivery Area,Delivery Area,10401,Clarence Valley,104,Coffs Harbour - Grafton,R3,Updated 6-Feb-2020
1701,2463,WOODFORD,NSW,153.104789,-29.36691,Delivery Area,Delivery Area,10401,Clarence Valley,104,Coffs Harbour - Grafton,R3,Updated 6-Feb-2020
20392,2463,WOODFORD ISLAND,NSW,153.1344664,-29.5139517,Delivery Area,Delivery Area,10401,Clarence Valley,104,Coffs Harbour - Grafton,R3,Updated 6-Feb-2020
1702,2464,ANGOURIE,NSW,153.334228,-29.484556,Delivery Area,Delivery Area,10401,Clarence Valley,104,Coffs Harbour - Grafton,R3,Updated 6-Feb-2020
20393,2464,FREEBURN ISLAND,NSW,153.3330886,-29.40271936,Delivery Area,Delivery Area,10401,Clarence Valley,104,Coffs Harbour - Grafton,R3,Updated 6-Feb-2020
1703,2464,MICALO ISLAND,NSW,153.334228,-29.484556,Delivery Area,Delivery Area,10401,Clarence Valley,104,Coffs Harbour - Grafton,R3,Updated 6-Feb-2020
1704,2464,WOOLOWEYAH,NSW,153.334228,-29.484556,Delivery Area,Delivery Area,10401,Clarence Valley,104,Coffs Harbour - Grafton,R3,Updated 6-Feb-2020
1705,2464,YAMBA,NSW,153.334228,-29.484556,Delivery Area,Delivery Area,10401,Clarence Valley,104,Coffs Harbour - Grafton,R3,Updated 6-Feb-2020
20394,2464,YURAYGIR,NSW,153.3317549,-29.53085664,Delivery Area,Delivery Area,10401,Clarence Valley,104,Coffs Harbour - Grafton,R3,Updated 6-Feb-2020
1706,2465,HARWOOD,NSW,153.243897,-29.412622,Delivery Area,Delivery Area,10401,Clarence Valley,104,Coffs Harbour - Grafton,R3,Updated 6-Feb-2020
1707,2466,ILUKA,NSW,153.350886,-29.407475,Delivery Area,Delivery Area,10401,Clarence Valley,104,Coffs Harbour - Grafton,R3,Updated 6-Feb-2020
1708,2466,THE FRESHWATER,NSW,153.350886,-29.407475,Delivery Area,Delivery Area,10401,Clarence Valley,104,Coffs Harbour - Grafton,R3,Updated 6-Feb-2020
1709,2466,WOODY HEAD,NSW,153.350886,-29.407475,Delivery Area,Delivery Area,10401,Clarence Valley,104,Coffs Harbour - Grafton,R3,Updated 6-Feb-2020
20395,2469,ALICE,NSW,152.5892786,-29.05366265,Delivery Area,Delivery Area,11202,Richmond Valley - Hinterland,112,Richmond - Tweed,R3,Updated 6-Feb-2020
1710,2469,BANYABBA,NSW,153.002402,-29.338403,Delivery Area,Delivery Area,11202,Richmond Valley - Hinterland,112,Richmond - Tweed,R3,Updated 6-Feb-2020
1711,2469,BEAN CREEK,NSW,153.002402,-29.338403,Delivery Area,Delivery Area,11202,Richmond Valley - Hinterland,112,Richmond - Tweed,R3,Updated 6-Feb-2020
1712,2469,BINGEEBEEBRA,NSW,153.002402,-29.338403,Delivery Area,Delivery Area,11202,Richmond Valley - Hinterland,112,Richmond - Tweed,R3,Updated 6-Feb-2020
20396,2469,BINGEEBEEBRA CREEK,NSW,152.7783733,-28.80763607,Delivery Area,Delivery Area,11202,Richmond Valley - Hinterland,112,Richmond - Tweed,R3,Updated 6-Feb-2020
1713,2469,BONALBO,NSW,153.002402,-29.338403,Delivery Area,Delivery Area,11202,Richmond Valley - Hinterland,112,Richmond - Tweed,R3,Updated 6-Feb-2020
1714,2469,BOOMOODEERIE,NSW,153.002402,-29.338403,Delivery Area,Delivery Area,11202,Richmond Valley - Hinterland,112,Richmond - Tweed,R3,Updated 6-Feb-2020
1715,2469,BOTTLE CREEK,NSW,153.002402,-29.338403,Delivery Area,Delivery Area,11202,Richmond Valley - Hinterland,112,Richmond - Tweed,R3,Updated 6-Feb-2020
1716,2469,BULLDOG,NSW,153.002402,-29.338403,Delivery Area,Delivery Area,11202,Richmond Valley - Hinterland,112,Richmond - Tweed,R3,Updated 6-Feb-2020
1717,2469,BUNGAWALBIN,NSW,153.002402,-29.338403,Delivery Area,Delivery Area,11202,Richmond Valley - Hinterland,112,Richmond - Tweed,R3,Updated 6-Feb-2020
1718,2469,BUSBYS FLAT,NSW,153.002402,-29.338403,Delivery Area,Delivery Area,11202,Richmond Valley - Hinterland,112,Richmond - Tweed,R3,Updated 6-Feb-2020
20397,2469,CAMBRIDGE PLATEAU,NSW,152.7317271,-28.8039601,Delivery Area,Delivery Area,11202,Richmond Valley - Hinterland,112,Richmond - Tweed,R3,Updated 6-Feb-2020
1719,2469,CAMIRA,NSW,153.002402,-29.338403,Delivery Area,Delivery Area,11202,Richmond Valley - Hinterland,112,Richmond - Tweed,R3,Updated 6-Feb-2020
1720,2469,CAMIRA CREEK,NSW,153.002402,-29.338403,,,11202,Richmond Valley - Hinterland,112,Richmond - Tweed,R3,Updated 6-Feb-2020
1721,2469,CAPEEN,NSW,153.002402,-29.338403,Delivery Area,Delivery Area,11202,Richmond Valley - Hinterland,112,Richmond - Tweed,R3,Updated 6-Feb-2020
20398,2469,CAPEEN CREEK,NSW,152.6513147,-28.54902952,Delivery Area,Delivery Area,11202,Richmond Valley - Hinterland,112,Richmond - Tweed,R3,Updated 6-Feb-2020
1722,2469,CHATSWORTH,NSW,153.002402,-29.338403,Delivery Area,Delivery Area,11202,Richmond Valley - Hinterland,112,Richmond - Tweed,R3,Updated 6-Feb-2020
1723,2469,CLEARFIELD,NSW,153.002402,-29.338403,Delivery Area,Delivery Area,11202,Richmond Valley - Hinterland,112,Richmond - Tweed,R3,Updated 6-Feb-2020
1724,2469,CLOVER PARK,NSW,153.002402,-29.338403,,,11202,Richmond Valley - Hinterland,112,Richmond - Tweed,R3,Updated 6-Feb-2020
1725,2469,COONGBAR,NSW,153.002402,-29.338403,Delivery Area,Delivery Area,11202,Richmond Valley - Hinterland,112,Richmond - Tweed,R3,Updated 6-Feb-2020
1726,2469,CULMARAN CREEK,NSW,153.002402,-29.338403,Delivery Area,Delivery Area,11202,Richmond Valley - Hinterland,112,Richmond - Tweed,R3,Updated 6-Feb-2020
1727,2469,DEEP CREEK,NSW,153.002402,-29.338403,Delivery Area,Delivery Area,11202,Richmond Valley - Hinterland,112,Richmond - Tweed,R3,Updated 6-Feb-2020
1728,2469,DRAKE,NSW,153.002402,-29.338403,Delivery Area,Delivery Area,11202,Richmond Valley - Hinterland,112,Richmond - Tweed,R3,Updated 6-Feb-2020
20399,2469,DRAKE VILLAGE,NSW,152.3735624,-28.92695902,Delivery Area,Delivery Area,11202,Richmond Valley - Hinterland,112,Richmond - Tweed,R3,Updated 6-Feb-2020
1729,2469,DUCK CREEK,NSW,153.002402,-29.338403,Delivery Area,Delivery Area,11202,Richmond Valley - Hinterland,112,Richmond - Tweed,R3,Updated 6-Feb-2020
1730,2469,EWINGAR,NSW,153.002402,-29.338403,Delivery Area,Delivery Area,11202,Richmond Valley - Hinterland,112,Richmond - Tweed,R3,Updated 6-Feb-2020
1731,2469,GIBBERAGEE,NSW,153.002402,-29.338403,Delivery Area,Delivery Area,11202,Richmond Valley - Hinterland,112,Richmond - Tweed,R3,Updated 6-Feb-2020
1732,2469,GOODWOOD ISLAND,NSW,153.002402,-29.338403,Delivery Area,Delivery Area,11202,Richmond Valley - Hinterland,112,Richmond - Tweed,R3,Updated 6-Feb-2020
20400,2469,GORGE CREEK,NSW,152.7107833,-28.74667521,Delivery Area,Delivery Area,11202,Richmond Valley - Hinterland,112,Richmond - Tweed,R3,Updated 6-Feb-2020
20401,2469,HAYSTACK,NSW,152.5424591,-28.66001977,Delivery Area,Delivery Area,11202,Richmond Valley - Hinterland,112,Richmond - Tweed,R3,Updated 6-Feb-2020
1733,2469,HOGARTH RANGE,NSW,153.002402,-29.338403,Delivery Area,Delivery Area,11202,Richmond Valley - Hinterland,112,Richmond - Tweed,R3,Updated 6-Feb-2020
1734,2469,JACKSONS FLAT,NSW,153.002402,-29.338403,Delivery Area,Delivery Area,11202,Richmond Valley - Hinterland,112,Richmond - Tweed,R3,Updated 6-Feb-2020
20402,2469,JOES BOX,NSW,152.5933444,-28.67786734,Delivery Area,Delivery Area,11202,Richmond Valley - Hinterland,112,Richmond - Tweed,R3,Updated 6-Feb-2020
20403,2469,KEYBARBIN,NSW,152.6138787,-29.11151797,Delivery Area,Delivery Area,11202,Richmond Valley - Hinterland,112,Richmond - Tweed,R3,Updated 6-Feb-2020
1735,2469,KIPPENDUFF,NSW,153.002402,-29.338403,Delivery Area,Delivery Area,11202,Richmond Valley - Hinterland,112,Richmond - Tweed,R3,Updated 6-Feb-2020
1736,2469,LOUISA CREEK,NSW,153.002402,-29.338403,Delivery Area,Delivery Area,11202,Richmond Valley - Hinterland,112,Richmond - Tweed,R3,Updated 6-Feb-2020
20404,2469,LOWER BOTTLE CREEK,NSW,152.6040056,-28.8181467,Delivery Area,Delivery Area,11202,Richmond Valley - Hinterland,112,Richmond - Tweed,R3,Updated 6-Feb-2020
20405,2469,LOWER DUCK CREEK,NSW,152.5313812,-28.73596132,Delivery Area,Delivery Area,11202,Richmond Valley - Hinterland,112,Richmond - Tweed,R3,Updated 6-Feb-2020
20406,2469,LOWER PEACOCK,NSW,152.5791084,-28.77669778,Delivery Area,Delivery Area,11202,Richmond Valley - Hinterland,112,Richmond - Tweed,R3,Updated 6-Feb-2020
1737,2469,MALLANGANEE,NSW,153.002402,-29.338403,Delivery Area,Delivery Area,11202,Richmond Valley - Hinterland,112,Richmond - Tweed,R3,Updated 6-Feb-2020
1738,2469,MOOKIMA WYBRA,NSW,153.002402,-29.338403,Delivery Area,Delivery Area,11202,Richmond Valley - Hinterland,112,Richmond - Tweed,R3,Updated 6-Feb-2020
1739,2469,MORORO,NSW,153.002402,-29.338403,Delivery Area,Delivery Area,11202,Richmond Valley - Hinterland,112,Richmond - Tweed,R3,Updated 6-Feb-2020
1740,2469,MOUNT MARSH,NSW,153.002402,-29.338403,Delivery Area,Delivery Area,11202,Richmond Valley - Hinterland,112,Richmond - Tweed,R3,Updated 6-Feb-2020
1741,2469,MUMMULGUM,NSW,153.002402,-29.338403,Delivery Area,Delivery Area,11202,Richmond Valley - Hinterland,112,Richmond - Tweed,R3,Updated 6-Feb-2020
1742,2469,MYRTLE CREEK,NSW,153.002402,-29.338403,Delivery Area,Delivery Area,11202,Richmond Valley - Hinterland,112,Richmond - Tweed,R3,Updated 6-Feb-2020
1743,2469,OLD BONALBO,NSW,153.002402,-29.338403,Delivery Area,Delivery Area,11202,Richmond Valley - Hinterland,112,Richmond - Tweed,R3,Updated 6-Feb-2020
1744,2469,PADDYS FLAT,NSW,153.002402,-29.338403,Delivery Area,Delivery Area,11202,Richmond Valley - Hinterland,112,Richmond - Tweed,R3,Updated 6-Feb-2020
20407,2469,PAGANS FLAT,NSW,152.5676799,-28.94675609,Delivery Area,Delivery Area,11202,Richmond Valley - Hinterland,112,Richmond - Tweed,R3,Updated 6-Feb-2020
20408,2469,PEACOCK CREEK,NSW,152.6995344,-28.6738983,Delivery Area,Delivery Area,11202,Richmond Valley - Hinterland,112,Richmond - Tweed,R3,Updated 6-Feb-2020
1745,2469,PIKAPENE,NSW,153.002402,-29.338403,Delivery Area,Delivery Area,11202,Richmond Valley - Hinterland,112,Richmond - Tweed,R3,Updated 6-Feb-2020
1746,2469,PRETTY GULLY,NSW,153.002402,-29.338403,Delivery Area,Delivery Area,11202,Richmond Valley - Hinterland,112,Richmond - Tweed,R3,Updated 6-Feb-2020
1747,2469,RAPPVILLE,NSW,153.002402,-29.338403,Delivery Area,Delivery Area,11202,Richmond Valley - Hinterland,112,Richmond - Tweed,R3,Updated 6-Feb-2020
20409,2469,SANDILANDS,NSW,152.6603958,-28.8966229,Delivery Area,Delivery Area,11202,Richmond Valley - Hinterland,112,Richmond - Tweed,R3,Updated 6-Feb-2020
20410,2469,SIMPKINS CREEK,NSW,152.7689999,-28.84070219,Delivery Area,Delivery Area,11202,Richmond Valley - Hinterland,112,Richmond - Tweed,R3,Updated 6-Feb-2020
1748,2469,SIX MILE SWAMP,NSW,153.002402,-29.338403,Delivery Area,Delivery Area,11202,Richmond Valley - Hinterland,112,Richmond - Tweed,R3,Updated 6-Feb-2020
1749,2469,TABULAM,NSW,153.002402,-29.338403,Delivery Area,Delivery Area,11202,Richmond Valley - Hinterland,112,Richmond - Tweed,R3,Updated 6-Feb-2020
1750,2469,THERESA CREEK,NSW,153.002402,-29.338403,Delivery Area,Delivery Area,11202,Richmond Valley - Hinterland,112,Richmond - Tweed,R3,Updated 6-Feb-2020
1751,2469,TUNGLEBUNG,NSW,153.002402,-29.338403,Delivery Area,Delivery Area,11202,Richmond Valley - Hinterland,112,Richmond - Tweed,R3,Updated 6-Feb-2020
20411,2469,UPPER DUCK CREEK,NSW,152.698444,-28.52177216,Delivery Area,Delivery Area,11202,Richmond Valley - Hinterland,112,Richmond - Tweed,R3,Updated 6-Feb-2020
1752,2469,WARREGAH ISLAND,NSW,153.002402,-29.338403,Delivery Area,Delivery Area,11202,Richmond Valley - Hinterland,112,Richmond - Tweed,R3,Updated 6-Feb-2020
1753,2469,WHIPORIE,NSW,153.002402,-29.338403,Delivery Area,Delivery Area,11202,Richmond Valley - Hinterland,112,Richmond - Tweed,R3,Updated 6-Feb-2020
1754,2469,WOOMBAH,NSW,153.002402,-29.338403,Delivery Area,Delivery Area,11202,Richmond Valley - Hinterland,112,Richmond - Tweed,R3,Updated 6-Feb-2020
1755,2469,WYAN,NSW,153.002402,-29.338403,Delivery Area,Delivery Area,11202,Richmond Valley - Hinterland,112,Richmond - Tweed,R3,Updated 6-Feb-2020
20412,2469,YABBRA,NSW,152.5044011,-28.62860939,Delivery Area,Delivery Area,11202,Richmond Valley - Hinterland,112,Richmond - Tweed,R3,Updated 6-Feb-2020
1756,2470,ALICE,NSW,152.749759,-28.92786,,,11202,Richmond Valley - Hinterland,112,Richmond - Tweed,R3,Updated 6-Feb-2020
20413,2470,BABYL CREEK,NSW,152.7930951,-28.72398401,Delivery Area,Delivery Area,11202,Richmond Valley - Hinterland,112,Richmond - Tweed,R3,Updated 6-Feb-2020
1757,2470,BACKMEDE,NSW,152.749759,-28.92786,Delivery Area,Delivery Area,11202,Richmond Valley - Hinterland,112,Richmond - Tweed,R3,Updated 6-Feb-2020
1758,2470,BARAIMAL,NSW,152.749759,-28.92786,Delivery Area,Delivery Area,11202,Richmond Valley - Hinterland,112,Richmond - Tweed,R3,Updated 6-Feb-2020
1759,2470,CASINO,NSW,152.749759,-28.92786,Delivery Area,Delivery Area,11202,Richmond Valley - Hinterland,112,Richmond - Tweed,R3,Updated 6-Feb-2020
1760,2470,COOLANESS,NSW,152.749759,-28.92786,,,11202,Richmond Valley - Hinterland,112,Richmond - Tweed,R3,Updated 6-Feb-2020
1761,2470,COOMBELL,NSW,152.749759,-28.92786,Delivery Area,Delivery Area,11202,Richmond Valley - Hinterland,112,Richmond - Tweed,R3,Updated 6-Feb-2020
1762,2470,DOBIES BIGHT,NSW,152.749759,-28.92786,Delivery Area,Delivery Area,11202,Richmond Valley - Hinterland,112,Richmond - Tweed,R3,Updated 6-Feb-2020
1763,2470,DOUBTFUL CREEK,NSW,152.749759,-28.92786,Delivery Area,Delivery Area,11202,Richmond Valley - Hinterland,112,Richmond - Tweed,R3,Updated 6-Feb-2020
1764,2470,DYRAABA,NSW,152.749759,-28.92786,Delivery Area,Delivery Area,11202,Richmond Valley - Hinterland,112,Richmond - Tweed,R3,Updated 6-Feb-2020
1765,2470,DYRAABA CENTRAL,NSW,152.749759,-28.92786,,,11202,Richmond Valley - Hinterland,112,Richmond - Tweed,R3,Updated 6-Feb-2020
1766,2470,DYRAABA CREEK,NSW,152.749759,-28.92786,,,11202,Richmond Valley - Hinterland,112,Richmond - Tweed,R3,Updated 6-Feb-2020
1767,2470,ELLANGOWAN,NSW,152.749759,-28.92786,Delivery Area,Delivery Area,11202,Richmond Valley - Hinterland,112,Richmond - Tweed,R3,Updated 6-Feb-2020
1768,2470,FAIRY HILL,NSW,152.749759,-28.92786,Delivery Area,Delivery Area,11202,Richmond Valley - Hinterland,112,Richmond - Tweed,R3,Updated 6-Feb-2020
1769,2470,IRVINGTON,NSW,152.749759,-28.92786,Delivery Area,Delivery Area,11202,Richmond Valley - Hinterland,112,Richmond - Tweed,R3,Updated 6-Feb-2020
1770,2470,LEEVILLE,NSW,152.749759,-28.92786,Delivery Area,Delivery Area,11202,Richmond Valley - Hinterland,112,Richmond - Tweed,R3,Updated 6-Feb-2020
20414,2470,LOWER DYRAABA,NSW,152.884752,-28.80567926,Delivery Area,Delivery Area,11202,Richmond Valley - Hinterland,112,Richmond - Tweed,R3,Updated 6-Feb-2020
1771,2470,MONGOGARIE,NSW,152.749759,-28.92786,Delivery Area,Delivery Area,11202,Richmond Valley - Hinterland,112,Richmond - Tweed,R3,Updated 6-Feb-2020
1772,2470,NAUGHTONS GAP,NSW,152.749759,-28.92786,Delivery Area,Delivery Area,11202,Richmond Valley - Hinterland,112,Richmond - Tweed,R3,Updated 6-Feb-2020
1773,2470,NORTH CASINO,NSW,152.749759,-28.92786,Delivery Area,Delivery Area,11202,Richmond Valley - Hinterland,112,Richmond - Tweed,R3,Updated 6-Feb-2020
1774,2470,PIORA,NSW,152.749759,-28.92786,Delivery Area,Delivery Area,11202,Richmond Valley - Hinterland,112,Richmond - Tweed,R3,Updated 6-Feb-2020
1775,2470,SEXTONVILLE,NSW,152.749759,-28.92786,Delivery Area,Delivery Area,11202,Richmond Valley - Hinterland,112,Richmond - Tweed,R3,Updated 6-Feb-2020
1776,2470,SHANNON BROOK,NSW,152.749759,-28.92786,Delivery Area,Delivery Area,11202,Richmond Valley - Hinterland,112,Richmond - Tweed,R3,Updated 6-Feb-2020
1777,2470,SPRING GROVE,NSW,152.749759,-28.92786,Delivery Area,Delivery Area,11202,Richmond Valley - Hinterland,112,Richmond - Tweed,R3,Updated 6-Feb-2020
1778,2470,STRATHEDEN,NSW,152.749759,-28.92786,Delivery Area,Delivery Area,11202,Richmond Valley - Hinterland,112,Richmond - Tweed,R3,Updated 6-Feb-2020
20415,2470,TOMKI,NSW,153.1327208,-28.86319554,Delivery Area,Delivery Area,11202,Richmond Valley - Hinterland,112,Richmond - Tweed,R3,Updated 6-Feb-2020
20416,2470,UPPER MONGOGARIE,NSW,152.8044053,-28.96944545,Delivery Area,Delivery Area,11202,Richmond Valley - Hinterland,112,Richmond - Tweed,R3,Updated 6-Feb-2020
1779,2470,WOODVIEW,NSW,152.749759,-28.92786,Delivery Area,Delivery Area,11202,Richmond Valley - Hinterland,112,Richmond - Tweed,R3,Updated 6-Feb-2020
1780,2470,WOOLNERS ARM,NSW,152.749759,-28.92786,Delivery Area,Delivery Area,11202,Richmond Valley - Hinterland,112,Richmond - Tweed,R3,Updated 6-Feb-2020
1781,2470,WOOROOWOOLGAN,NSW,152.749759,-28.92786,Delivery Area,Delivery Area,11202,Richmond Valley - Hinterland,112,Richmond - Tweed,R3,Updated 6-Feb-2020
1782,2470,YORKLEA,NSW,152.749759,-28.92786,Delivery Area,Delivery Area,11202,Richmond Valley - Hinterland,112,Richmond - Tweed,R3,Updated 6-Feb-2020
1783,2471,BORA RIDGE,NSW,153.243213,-29.018999,Delivery Area,Delivery Area,11202,Richmond Valley - Hinterland,112,Richmond - Tweed,R3,Updated 6-Feb-2020
1784,2471,CODRINGTON,NSW,153.243213,-29.018999,Delivery Area,Delivery Area,11202,Richmond Valley - Hinterland,112,Richmond - Tweed,R3,Updated 6-Feb-2020
1785,2471,CORAKI,NSW,153.243213,-29.018999,Delivery Area,Delivery Area,11202,Richmond Valley - Hinterland,112,Richmond - Tweed,R3,Updated 6-Feb-2020
20417,2471,EAST CORAKI,NSW,153.3127639,-29.00867111,Delivery Area,Delivery Area,11202,Richmond Valley - Hinterland,112,Richmond - Tweed,R3,Updated 6-Feb-2020
1786,2471,GREEN FOREST,NSW,153.243213,-29.018999,Delivery Area,Delivery Area,11202,Richmond Valley - Hinterland,112,Richmond - Tweed,R3,Updated 6-Feb-2020
1787,2471,GREENRIDGE,NSW,153.243213,-29.018999,Delivery Area,Delivery Area,11202,Richmond Valley - Hinterland,112,Richmond - Tweed,R3,Updated 6-Feb-2020
20418,2471,NORTH WOODBURN,NSW,153.3376219,-29.06308972,Delivery Area,Delivery Area,11202,Richmond Valley - Hinterland,112,Richmond - Tweed,R3,Updated 6-Feb-2020
1788,2471,SWAN BAY,NSW,153.243213,-29.018999,Delivery Area,Delivery Area,11202,Richmond Valley - Hinterland,112,Richmond - Tweed,R3,Updated 6-Feb-2020
1789,2471,TATHAM,NSW,153.243213,-29.018999,Delivery Area,Delivery Area,11202,Richmond Valley - Hinterland,112,Richmond - Tweed,R3,Updated 6-Feb-2020
20419,2471,WEST BUNGAWALBIN,NSW,153.1231083,-29.16365327,Delivery Area,Delivery Area,11202,Richmond Valley - Hinterland,112,Richmond - Tweed,R3,Updated 6-Feb-2020
20420,2471,WEST CORAKI,NSW,153.2086295,-29.00263987,Delivery Area,Delivery Area,11202,Richmond Valley - Hinterland,112,Richmond - Tweed,R3,Updated 6-Feb-2020
1790,2472,BROADWATER,NSW,153.303855,-29.156771,Delivery Area,Delivery Area,11202,Richmond Valley - Hinterland,112,Richmond - Tweed,R3,Updated 6-Feb-2020
1791,2472,BUCKENDOON,NSW,153.303855,-29.156771,Delivery Area,Delivery Area,11202,Richmond Valley - Hinterland,112,Richmond - Tweed,R3,Updated 6-Feb-2020
20421,2472,ESK,NSW,153.3348699,-29.24528677,Delivery Area,Delivery Area,11202,Richmond Valley - Hinterland,112,Richmond - Tweed,R3,Updated 6-Feb-2020
1792,2472,KILGIN,NSW,153.303855,-29.156771,Delivery Area,Delivery Area,11202,Richmond Valley - Hinterland,112,Richmond - Tweed,R3,Updated 6-Feb-2020
20422,2472,MOONEM,NSW,153.254699,-29.129936,Delivery Area,Delivery Area,11202,Richmond Valley - Hinterland,112,Richmond - Tweed,R3,Updated 6-Feb-2020
1511,2472,NEW ITALY,NSW,153.303855,-29.156771,Delivery Area,Delivery Area,11202,Richmond Valley - Hinterland,112,Richmond - Tweed,R3,Updated 6-Feb-2020
1512,2472,RILEYS HILL,NSW,153.303855,-29.156771,Delivery Area,Delivery Area,11202,Richmond Valley - Hinterland,112,Richmond - Tweed,R3,Updated 6-Feb-2020
1513,2472,TABBIMOBLE,NSW,153.303855,-29.156771,Delivery Area,Delivery Area,11202,Richmond Valley - Hinterland,112,Richmond - Tweed,R3,Updated 6-Feb-2020
20423,2472,THE GAP,NSW,153.3822626,-29.16962735,Delivery Area,Delivery Area,11202,Richmond Valley - Hinterland,112,Richmond - Tweed,R3,Updated 6-Feb-2020
20424,2472,TRUSTUMS HILL,NSW,153.33769,-29.114599,Delivery Area,Delivery Area,11202,Richmond Valley - Hinterland,112,Richmond - Tweed,R3,Updated 6-Feb-2020
1514,2472,WOODBURN,NSW,153.303855,-29.156771,Delivery Area,Delivery Area,11202,Richmond Valley - Hinterland,112,Richmond - Tweed,R3,Updated 6-Feb-2020
20425,2473,BUNDJALUNG,NSW,153.3210837,-29.2343298,Delivery Area,Delivery Area,11201,Richmond Valley - Coastal,112,Richmond - Tweed,R3,Updated 6-Feb-2020
20426,2473,DOONBAH,NSW,153.3880933,-29.0878662,Delivery Area,Delivery Area,11201,Richmond Valley - Coastal,112,Richmond - Tweed,R3,Updated 6-Feb-2020
1515,2473,EVANS HEAD,NSW,153.43269,-29.130197,Delivery Area,Delivery Area,11201,Richmond Valley - Coastal,112,Richmond - Tweed,R3,Updated 6-Feb-2020
20427,2473,IRON GATES,NSW,153.410139,-29.112327,Delivery Area,Delivery Area,11201,Richmond Valley - Coastal,112,Richmond - Tweed,R3,Updated 6-Feb-2020
20428,2473,SOUTH EVANS HEAD,NSW,153.436052,-29.120479,Delivery Area,Delivery Area,11201,Richmond Valley - Coastal,112,Richmond - Tweed,R3,Updated 6-Feb-2020
1516,2474,AFTERLEE,NSW,152.88504,-28.499375,Delivery Area,Delivery Area,11203,Tweed Valley,112,Richmond - Tweed,R3,Updated 6-Feb-2020
1517,2474,BARKERS VALE,NSW,152.88504,-28.499375,Delivery Area,Delivery Area,11203,Tweed Valley,112,Richmond - Tweed,R3,Updated 6-Feb-2020
20429,2474,BORDER RANGES,NSW,153.0700868,-28.39526846,Delivery Area,Delivery Area,11203,Tweed Valley,112,Richmond - Tweed,R3,Updated 6-Feb-2020
1518,2474,CAWONGLA,NSW,152.88504,-28.499375,Delivery Area,Delivery Area,11203,Tweed Valley,112,Richmond - Tweed,R3,Updated 6-Feb-2020
1519,2474,CEDAR POINT,NSW,152.88504,-28.499375,Delivery Area,Delivery Area,11203,Tweed Valley,112,Richmond - Tweed,R3,Updated 6-Feb-2020
1520,2474,COLLINS CREEK,NSW,152.88504,-28.499375,Delivery Area,Delivery Area,11203,Tweed Valley,112,Richmond - Tweed,R3,Updated 6-Feb-2020
1521,2474,COUGAL,NSW,152.88504,-28.499375,Delivery Area,Delivery Area,11203,Tweed Valley,112,Richmond - Tweed,R3,Updated 6-Feb-2020
1522,2474,DAIRY FLAT,NSW,152.88504,-28.499375,Delivery Area,Delivery Area,11203,Tweed Valley,112,Richmond - Tweed,R3,Updated 6-Feb-2020
1523,2474,EDEN CREEK,NSW,152.88504,-28.499375,Delivery Area,Delivery Area,11203,Tweed Valley,112,Richmond - Tweed,R3,Updated 6-Feb-2020
1524,2474,EDENVILLE,NSW,152.88504,-28.499375,Delivery Area,Delivery Area,11203,Tweed Valley,112,Richmond - Tweed,R3,Updated 6-Feb-2020
1525,2474,ETTRICK,NSW,152.88504,-28.499375,Delivery Area,Delivery Area,11203,Tweed Valley,112,Richmond - Tweed,R3,Updated 6-Feb-2020
20430,2474,FAWCETTS PLAIN,NSW,153.0121858,-28.56533823,Delivery Area,Delivery Area,11203,Tweed Valley,112,Richmond - Tweed,R3,Updated 6-Feb-2020
20431,2474,FINDON CREEK,NSW,152.8727288,-28.35651796,Delivery Area,Delivery Area,11203,Tweed Valley,112,Richmond - Tweed,R3,Updated 6-Feb-2020
1526,2474,GENEVA,NSW,152.88504,-28.499375,Delivery Area,Delivery Area,11203,Tweed Valley,112,Richmond - Tweed,R3,Updated 6-Feb-2020
1527,2474,GHINNI GHI,NSW,152.88504,-28.499375,Delivery Area,Delivery Area,11203,Tweed Valley,112,Richmond - Tweed,R3,Updated 6-Feb-2020
20432,2474,GRADYS CREEK,NSW,152.9415041,-28.40321614,Delivery Area,Delivery Area,11203,Tweed Valley,112,Richmond - Tweed,R3,Updated 6-Feb-2020
1528,2474,GREEN PIGEON,NSW,152.88504,-28.499375,Delivery Area,Delivery Area,11203,Tweed Valley,112,Richmond - Tweed,R3,Updated 6-Feb-2020
1529,2474,GREVILLIA,NSW,152.88504,-28.499375,Delivery Area,Delivery Area,11203,Tweed Valley,112,Richmond - Tweed,R3,Updated 6-Feb-2020
1530,2474,HOMELEIGH,NSW,152.88504,-28.499375,Delivery Area,Delivery Area,11203,Tweed Valley,112,Richmond - Tweed,R3,Updated 6-Feb-2020
20433,2474,HORSE STATION CREEK,NSW,152.9490282,-28.6088675,Delivery Area,Delivery Area,11203,Tweed Valley,112,Richmond - Tweed,R3,Updated 6-Feb-2020
1163,2474,HORSESHOE CREEK,NSW,152.88504,-28.499375,Delivery Area,Delivery Area,11203,Tweed Valley,112,Richmond - Tweed,R3,Updated 6-Feb-2020
20434,2474,IRON POT CREEK,NSW,152.8612286,-28.63704032,Delivery Area,Delivery Area,11203,Tweed Valley,112,Richmond - Tweed,R3,Updated 6-Feb-2020
1164,2474,KILGRA,NSW,152.88504,-28.499375,Delivery Area,Delivery Area,11203,Tweed Valley,112,Richmond - Tweed,R3,Updated 6-Feb-2020
1165,2474,KYOGLE,NSW,152.88504,-28.499375,Delivery Area,Delivery Area,11203,Tweed Valley,112,Richmond - Tweed,R3,Updated 6-Feb-2020
20435,2474,LITTLE BACK CREEK,NSW,153.0452416,-28.61266254,Delivery Area,Delivery Area,11203,Tweed Valley,112,Richmond - Tweed,R3,Updated 6-Feb-2020
1166,2474,LOADSTONE,NSW,152.88504,-28.499375,Delivery Area,Delivery Area,11203,Tweed Valley,112,Richmond - Tweed,R3,Updated 6-Feb-2020
1167,2474,LYNCHS CREEK,NSW,152.88504,-28.499375,Delivery Area,Delivery Area,11203,Tweed Valley,112,Richmond - Tweed,R3,Updated 6-Feb-2020
20436,2474,NEW PARK,NSW,152.9943753,-28.60039624,Delivery Area,Delivery Area,11203,Tweed Valley,112,Richmond - Tweed,R3,Updated 6-Feb-2020
1168,2474,OLD GREVILLIA,NSW,152.88504,-28.499375,Delivery Area,Delivery Area,11203,Tweed Valley,112,Richmond - Tweed,R3,Updated 6-Feb-2020
1169,2474,ROSEBERRY,NSW,152.88504,-28.499375,Delivery Area,Delivery Area,11203,Tweed Valley,112,Richmond - Tweed,R3,Updated 6-Feb-2020
20437,2474,ROSEBERRY CREEK,NSW,152.8191305,-28.47666148,Delivery Area,Delivery Area,11203,Tweed Valley,112,Richmond - Tweed,R3,Updated 6-Feb-2020
1170,2474,RUKENVALE,NSW,152.88504,-28.499375,Delivery Area,Delivery Area,11203,Tweed Valley,112,Richmond - Tweed,R3,Updated 6-Feb-2020
20438,2474,SAWPIT CREEK,NSW,152.8143321,-28.37231704,Delivery Area,Delivery Area,11203,Tweed Valley,112,Richmond - Tweed,R3,Updated 6-Feb-2020
20439,2474,SHERWOOD,NSW,152.7815971,-28.4268064,Delivery Area,Delivery Area,11203,Tweed Valley,112,Richmond - Tweed,R3,Updated 6-Feb-2020
20440,2474,SMITHS CREEK,NSW,152.8715635,-28.58453313,Delivery Area,Delivery Area,11203,Tweed Valley,112,Richmond - Tweed,R3,Updated 6-Feb-2020
1171,2474,TERRACE CREEK,NSW,152.88504,-28.499375,Delivery Area,Delivery Area,11203,Tweed Valley,112,Richmond - Tweed,R3,Updated 6-Feb-2020
1172,2474,THE RISK,NSW,152.88504,-28.499375,Delivery Area,Delivery Area,11203,Tweed Valley,112,Richmond - Tweed,R3,Updated 6-Feb-2020
1173,2474,TOONUMBAR,NSW,152.88504,-28.499375,Delivery Area,Delivery Area,11203,Tweed Valley,112,Richmond - Tweed,R3,Updated 6-Feb-2020
1174,2474,UNUMGAR,NSW,152.88504,-28.499375,Delivery Area,Delivery Area,11203,Tweed Valley,112,Richmond - Tweed,R3,Updated 6-Feb-2020
1175,2474,UPPER EDEN CREEK,NSW,152.88504,-28.499375,Delivery Area,Delivery Area,11203,Tweed Valley,112,Richmond - Tweed,R3,Updated 6-Feb-2020
20441,2474,UPPER HORSESHOE CREEK,NSW,153.1079835,-28.49805691,Delivery Area,Delivery Area,11203,Tweed Valley,112,Richmond - Tweed,R3,Updated 6-Feb-2020
1176,2474,WADEVILLE,NSW,152.88504,-28.499375,Delivery Area,Delivery Area,11203,Tweed Valley,112,Richmond - Tweed,R3,Updated 6-Feb-2020
20442,2474,WARRAZAMBIL CREEK,NSW,153.0380113,-28.44537669,Delivery Area,Delivery Area,11203,Tweed Valley,112,Richmond - Tweed,R3,Updated 6-Feb-2020
20443,2474,WEST WIANGAREE,NSW,152.9585703,-28.56324748,Delivery Area,Delivery Area,11203,Tweed Valley,112,Richmond - Tweed,R3,Updated 6-Feb-2020
1177,2474,WIANGAREE,NSW,152.88504,-28.499375,Delivery Area,Delivery Area,11203,Tweed Valley,112,Richmond - Tweed,R3,Updated 6-Feb-2020
1178,2474,WYNEDEN,NSW,152.88504,-28.499375,Delivery Area,Delivery Area,11203,Tweed Valley,112,Richmond - Tweed,R3,Updated 6-Feb-2020
1179,2475,BEAURY CREEK,NSW,152.388341,-28.546257,,,11202,Richmond Valley - Hinterland,112,Richmond - Tweed,R3,Updated 6-Feb-2020
1180,2475,TOOLOOM,NSW,152.388341,-28.546257,Delivery Area,Delivery Area,11202,Richmond Valley - Hinterland,112,Richmond - Tweed,R3,Updated 6-Feb-2020
20444,2475,UPPER TOOLOOM,NSW,152.3732005,-28.56243606,Delivery Area,Delivery Area,11202,Richmond Valley - Hinterland,112,Richmond - Tweed,R3,Updated 6-Feb-2020
1181,2475,URBENVILLE,NSW,152.388341,-28.546257,Delivery Area,Delivery Area,11202,Richmond Valley - Hinterland,112,Richmond - Tweed,R3,Updated 6-Feb-2020
1182,2475,WALLABY CREEK,NSW,152.388341,-28.546257,Delivery Area,Delivery Area,11202,Richmond Valley - Hinterland,112,Richmond - Tweed,R3,Updated 6-Feb-2020
1183,2476,ACACIA CREEK,NSW,152.49765,-28.36456,Delivery Area,Delivery Area,11202,Richmond Valley - Hinterland,112,Richmond - Tweed,R3,Updated 6-Feb-2020
1184,2476,ACACIA PLATEAU,NSW,152.49765,-28.36456,Delivery Area,Delivery Area,11202,Richmond Valley - Hinterland,112,Richmond - Tweed,R3,Updated 6-Feb-2020
1185,2476,BOOMI CREEK,NSW,152.49765,-28.36456,Delivery Area,Delivery Area,11202,Richmond Valley - Hinterland,112,Richmond - Tweed,R3,Updated 6-Feb-2020
20445,2476,BRUMBY PLAINS,NSW,152.6553823,-28.46321961,Delivery Area,Delivery Area,11202,Richmond Valley - Hinterland,112,Richmond - Tweed,R3,Updated 6-Feb-2020
20446,2476,KOREELAH,NSW,152.4468899,-28.37004274,Delivery Area,Delivery Area,11202,Richmond Valley - Hinterland,112,Richmond - Tweed,R3,Updated 6-Feb-2020
1186,2476,LEGUME,NSW,152.49765,-28.36456,Delivery Area,Delivery Area,11202,Richmond Valley - Hinterland,112,Richmond - Tweed,R3,Updated 6-Feb-2020
1187,2476,LINDESAY CREEK,NSW,152.49765,-28.36456,Delivery Area,Delivery Area,11202,Richmond Valley - Hinterland,112,Richmond - Tweed,R3,Updated 6-Feb-2020
1188,2476,LOWER ACACIA CREEK,NSW,152.49765,-28.36456,Delivery Area,Delivery Area,11202,Richmond Valley - Hinterland,112,Richmond - Tweed,R3,Updated 6-Feb-2020
20447,2476,MULI MULI,NSW,152.5863114,-28.41885533,Delivery Area,Delivery Area,11202,Richmond Valley - Hinterland,112,Richmond - Tweed,R3,Updated 6-Feb-2020
1189,2476,OLD KOREELAH,NSW,152.49765,-28.36456,Delivery Area,Delivery Area,11202,Richmond Valley - Hinterland,112,Richmond - Tweed,R3,Updated 6-Feb-2020
1190,2476,THE GLEN,NSW,152.49765,-28.36456,Delivery Area,Delivery Area,11202,Richmond Valley - Hinterland,112,Richmond - Tweed,R3,Updated 6-Feb-2020
1191,2476,WOODENBONG,NSW,152.49765,-28.36456,Delivery Area,Delivery Area,11202,Richmond Valley - Hinterland,112,Richmond - Tweed,R3,Updated 6-Feb-2020
1192,2477,ALSTONVALE,NSW,153.427314,-28.907675,Delivery Area,Delivery Area,11202,Richmond Valley - Hinterland,112,Richmond - Tweed,R3,Updated 6-Feb-2020
1193,2477,ALSTONVILLE,NSW,153.427314,-28.907675,Delivery Area,Delivery Area,11202,Richmond Valley - Hinterland,112,Richmond - Tweed,R3,Updated 6-Feb-2020
1194,2477,BAGOTVILLE,NSW,153.427314,-28.907675,Delivery Area,Delivery Area,11202,Richmond Valley - Hinterland,112,Richmond - Tweed,R3,Updated 6-Feb-2020
1195,2477,CABBAGE TREE ISLAND,NSW,153.427314,-28.907675,Delivery Area,Delivery Area,11202,Richmond Valley - Hinterland,112,Richmond - Tweed,R3,Updated 6-Feb-2020
1196,2477,DALWOOD,NSW,153.427314,-28.907675,Delivery Area,Delivery Area,11202,Richmond Valley - Hinterland,112,Richmond - Tweed,R3,Updated 6-Feb-2020
1197,2477,EAST WARDELL,NSW,153.427314,-28.907675,Delivery Area,Delivery Area,11202,Richmond Valley - Hinterland,112,Richmond - Tweed,R3,Updated 6-Feb-2020
20448,2477,GOAT ISLAND,NSW,153.4578479,-28.98916901,Delivery Area,Delivery Area,11202,Richmond Valley - Hinterland,112,Richmond - Tweed,R3,Updated 6-Feb-2020
1198,2477,LYNWOOD,NSW,153.427314,-28.907675,Delivery Area,Delivery Area,11202,Richmond Valley - Hinterland,112,Richmond - Tweed,R3,Updated 6-Feb-2020
1199,2477,MEERSCHAUM VALE,NSW,153.427314,-28.907675,Delivery Area,Delivery Area,11202,Richmond Valley - Hinterland,112,Richmond - Tweed,R3,Updated 6-Feb-2020
1200,2477,PEARCES CREEK,NSW,153.427314,-28.907675,Delivery Area,Delivery Area,11202,Richmond Valley - Hinterland,112,Richmond - Tweed,R3,Updated 6-Feb-2020
1201,2477,ROUS,NSW,153.427314,-28.907675,Delivery Area,Delivery Area,11202,Richmond Valley - Hinterland,112,Richmond - Tweed,R3,Updated 6-Feb-2020
1202,2477,ROUS MILL,NSW,153.427314,-28.907675,Delivery Area,Delivery Area,11202,Richmond Valley - Hinterland,112,Richmond - Tweed,R3,Updated 6-Feb-2020
1203,2477,TUCKOMBIL,NSW,153.427314,-28.907675,Delivery Area,Delivery Area,11202,Richmond Valley - Hinterland,112,Richmond - Tweed,R3,Updated 6-Feb-2020
1204,2477,URALBA,NSW,153.427314,-28.907675,Delivery Area,Delivery Area,11202,Richmond Valley - Hinterland,112,Richmond - Tweed,R3,Updated 6-Feb-2020
1205,2477,WARDELL,NSW,153.427314,-28.907675,Delivery Area,Delivery Area,11202,Richmond Valley - Hinterland,112,Richmond - Tweed,R3,Updated 6-Feb-2020
1206,2477,WOLLONGBAR,NSW,153.427314,-28.907675,Delivery Area,Delivery Area,11202,Richmond Valley - Hinterland,112,Richmond - Tweed,R3,Updated 6-Feb-2020
1207,2478,BALLINA,NSW,153.532475,-28.865483,Delivery Area,Delivery Area,11201,Richmond Valley - Coastal,112,Richmond - Tweed,R3,Updated 6-Feb-2020
22826,2478,BALLINA DC,NSW,0,0,,,,,,,R3,Added 25-Mar-2020
1208,2478,COOLGARDIE,NSW,153.532475,-28.865483,Delivery Area,Delivery Area,11201,Richmond Valley - Coastal,112,Richmond - Tweed,R3,Updated 6-Feb-2020
1209,2478,CUMBALUM,NSW,153.532475,-28.865483,Delivery Area,Delivery Area,11201,Richmond Valley - Coastal,112,Richmond - Tweed,R3,Updated 6-Feb-2020
1210,2478,EAST BALLINA,NSW,153.532475,-28.865483,Delivery Area,Delivery Area,11201,Richmond Valley - Coastal,112,Richmond - Tweed,R3,Updated 6-Feb-2020
1211,2478,EMPIRE VALE,NSW,153.532475,-28.865483,Delivery Area,Delivery Area,11201,Richmond Valley - Coastal,112,Richmond - Tweed,R3,Updated 6-Feb-2020
1212,2478,KEITH HALL,NSW,153.532475,-28.865483,Delivery Area,Delivery Area,11201,Richmond Valley - Coastal,112,Richmond - Tweed,R3,Updated 6-Feb-2020
20449,2478,KINVARA,NSW,153.5470004,-28.79173459,Delivery Area,Delivery Area,11201,Richmond Valley - Coastal,112,Richmond - Tweed,R3,Updated 6-Feb-2020
1213,2478,LENNOX HEAD,NSW,153.532475,-28.865483,Delivery Area,Delivery Area,11201,Richmond Valley - Coastal,112,Richmond - Tweed,R3,Updated 6-Feb-2020
1214,2478,PATCHS BEACH,NSW,153.532475,-28.865483,Delivery Area,Delivery Area,11201,Richmond Valley - Coastal,112,Richmond - Tweed,R3,Updated 6-Feb-2020
1215,2478,PIMLICO,NSW,153.532475,-28.865483,Delivery Area,Delivery Area,11201,Richmond Valley - Coastal,112,Richmond - Tweed,R3,Updated 6-Feb-2020
1216,2478,PIMLICO ISLAND,NSW,153.532475,-28.865483,Delivery Area,Delivery Area,11201,Richmond Valley - Coastal,112,Richmond - Tweed,R3,Updated 6-Feb-2020
1217,2478,SKENNARS HEAD,NSW,153.532475,-28.865483,Delivery Area,Delivery Area,11201,Richmond Valley - Coastal,112,Richmond - Tweed,R3,Updated 6-Feb-2020
1218,2478,SOUTH BALLINA,NSW,153.532475,-28.865483,Delivery Area,Delivery Area,11201,Richmond Valley - Coastal,112,Richmond - Tweed,R3,Updated 6-Feb-2020
1219,2478,TEVEN,NSW,153.532475,-28.865483,Delivery Area,Delivery Area,11201,Richmond Valley - Coastal,112,Richmond - Tweed,R3,Updated 6-Feb-2020
1220,2478,TINTENBAR,NSW,153.532475,-28.865483,Delivery Area,Delivery Area,11201,Richmond Valley - Coastal,112,Richmond - Tweed,R3,Updated 6-Feb-2020
1221,2478,WEST BALLINA,NSW,153.532475,-28.865483,Delivery Area,Delivery Area,11201,Richmond Valley - Coastal,112,Richmond - Tweed,R3,Updated 6-Feb-2020
1222,2479,BANGALOW,NSW,153.514963,-28.709545,Delivery Area,Delivery Area,11201,Richmond Valley - Coastal,112,Richmond - Tweed,R3,Updated 6-Feb-2020
1223,2479,BINNA BURRA,NSW,153.514963,-28.709545,Delivery Area,Delivery Area,11201,Richmond Valley - Coastal,112,Richmond - Tweed,R3,Updated 6-Feb-2020
1224,2479,BROOKLET,NSW,153.514963,-28.709545,Delivery Area,Delivery Area,11201,Richmond Valley - Coastal,112,Richmond - Tweed,R3,Updated 6-Feb-2020
1225,2479,COOPERS SHOOT,NSW,153.514963,-28.709545,Delivery Area,Delivery Area,11201,Richmond Valley - Coastal,112,Richmond - Tweed,R3,Updated 6-Feb-2020
90,2479,COORABELL,NSW,153.514963,-28.709545,Delivery Area,Delivery Area,11201,Richmond Valley - Coastal,112,Richmond - Tweed,R3,Updated 6-Feb-2020
91,2479,FERNLEIGH,NSW,153.514963,-28.709545,Delivery Area,Delivery Area,11201,Richmond Valley - Coastal,112,Richmond - Tweed,R3,Updated 6-Feb-2020
92,2479,KNOCKROW,NSW,153.514963,-28.709545,Delivery Area,Delivery Area,11201,Richmond Valley - Coastal,112,Richmond - Tweed,R3,Updated 6-Feb-2020
93,2479,MCLEODS SHOOT,NSW,153.514963,-28.709545,Delivery Area,Delivery Area,11201,Richmond Valley - Coastal,112,Richmond - Tweed,R3,Updated 6-Feb-2020
94,2479,NASHUA,NSW,153.514963,-28.709545,Delivery Area,Delivery Area,11201,Richmond Valley - Coastal,112,Richmond - Tweed,R3,Updated 6-Feb-2020
95,2479,NEWRYBAR,NSW,153.514963,-28.709545,Delivery Area,Delivery Area,11201,Richmond Valley - Coastal,112,Richmond - Tweed,R3,Updated 6-Feb-2020
96,2479,POSSUM CREEK,NSW,153.514963,-28.709545,Delivery Area,Delivery Area,11201,Richmond Valley - Coastal,112,Richmond - Tweed,R3,Updated 6-Feb-2020
97,2479,ST HELENA,NSW,153.514963,-28.709545,,,11201,Richmond Valley - Coastal,112,Richmond - Tweed,R3,Updated 6-Feb-2020
98,2480,BACK CREEK,NSW,153.25943,-28.706486,Delivery Area,Delivery Area,11202,Richmond Valley - Hinterland,112,Richmond - Tweed,R3,Updated 6-Feb-2020
99,2480,BENTLEY,NSW,153.25943,-28.706486,Delivery Area,Delivery Area,11202,Richmond Valley - Hinterland,112,Richmond - Tweed,R3,Updated 6-Feb-2020
100,2480,BEXHILL,NSW,153.25943,-28.706486,Delivery Area,Delivery Area,11202,Richmond Valley - Hinterland,112,Richmond - Tweed,R3,Updated 6-Feb-2020
101,2480,BLAKEBROOK,NSW,153.25943,-28.706486,Delivery Area,Delivery Area,11202,Richmond Valley - Hinterland,112,Richmond - Tweed,R3,Updated 6-Feb-2020
102,2480,BLUE KNOB,NSW,153.25943,-28.706486,Delivery Area,Delivery Area,11202,Richmond Valley - Hinterland,112,Richmond - Tweed,R3,Updated 6-Feb-2020
20450,2480,BOAT HARBOUR,NSW,153.3781843,-28.77409502,Delivery Area,Delivery Area,11202,Richmond Valley - Hinterland,112,Richmond - Tweed,R3,Updated 6-Feb-2020
103,2480,BOOERIE CREEK,NSW,153.25943,-28.706486,Delivery Area,Delivery Area,11202,Richmond Valley - Hinterland,112,Richmond - Tweed,R3,Updated 6-Feb-2020
104,2480,BOORABEE PARK,NSW,153.25943,-28.706486,Delivery Area,Delivery Area,11202,Richmond Valley - Hinterland,112,Richmond - Tweed,R3,Updated 6-Feb-2020
105,2480,BOOYONG,NSW,153.25943,-28.706486,Delivery Area,Delivery Area,11202,Richmond Valley - Hinterland,112,Richmond - Tweed,R3,Updated 6-Feb-2020
106,2480,BUNGABBEE,NSW,153.25943,-28.706486,Delivery Area,Delivery Area,11202,Richmond Valley - Hinterland,112,Richmond - Tweed,R3,Updated 6-Feb-2020
107,2480,CANIABA,NSW,153.25943,-28.706486,Delivery Area,Delivery Area,11202,Richmond Valley - Hinterland,112,Richmond - Tweed,R3,Updated 6-Feb-2020
108,2480,CHILCOTTS GRASS,NSW,153.25943,-28.706486,Delivery Area,Delivery Area,11202,Richmond Valley - Hinterland,112,Richmond - Tweed,R3,Updated 6-Feb-2020
109,2480,CLOVASS,NSW,153.25943,-28.706486,Delivery Area,Delivery Area,11202,Richmond Valley - Hinterland,112,Richmond - Tweed,R3,Updated 6-Feb-2020
110,2480,CLUNES,NSW,153.25943,-28.706486,Delivery Area,Delivery Area,11202,Richmond Valley - Hinterland,112,Richmond - Tweed,R3,Updated 6-Feb-2020
111,2480,COFFEE CAMP,NSW,153.25943,-28.706486,Delivery Area,Delivery Area,11202,Richmond Valley - Hinterland,112,Richmond - Tweed,R3,Updated 6-Feb-2020
112,2480,CORNDALE,NSW,153.25943,-28.706486,Delivery Area,Delivery Area,11202,Richmond Valley - Hinterland,112,Richmond - Tweed,R3,Updated 6-Feb-2020
113,2480,DORROUGHBY,NSW,153.25943,-28.706486,Delivery Area,Delivery Area,11202,Richmond Valley - Hinterland,112,Richmond - Tweed,R3,Updated 6-Feb-2020
114,2480,DUNGARUBBA,NSW,153.25943,-28.706486,Delivery Area,Delivery Area,11202,Richmond Valley - Hinterland,112,Richmond - Tweed,R3,Updated 6-Feb-2020
115,2480,DUNOON,NSW,153.25943,-28.706486,Delivery Area,Delivery Area,11202,Richmond Valley - Hinterland,112,Richmond - Tweed,R3,Updated 6-Feb-2020
116,2480,EAST LISMORE,NSW,153.25943,-28.706486,Delivery Area,Delivery Area,11202,Richmond Valley - Hinterland,112,Richmond - Tweed,R3,Updated 6-Feb-2020
117,2480,ELTHAM,NSW,153.25943,-28.706486,Delivery Area,Delivery Area,11202,Richmond Valley - Hinterland,112,Richmond - Tweed,R3,Updated 6-Feb-2020
118,2480,EUREKA,NSW,153.25943,-28.706486,Delivery Area,Delivery Area,11202,Richmond Valley - Hinterland,112,Richmond - Tweed,R3,Updated 6-Feb-2020
119,2480,FEDERAL,NSW,153.25943,-28.706486,,,11202,Richmond Valley - Hinterland,112,Richmond - Tweed,R3,Updated 6-Feb-2020
120,2480,FERNSIDE,NSW,153.25943,-28.706486,Delivery Area,Delivery Area,11202,Richmond Valley - Hinterland,112,Richmond - Tweed,R3,Updated 6-Feb-2020
121,2480,GEORGICA,NSW,153.25943,-28.706486,Delivery Area,Delivery Area,11202,Richmond Valley - Hinterland,112,Richmond - Tweed,R3,Updated 6-Feb-2020
122,2480,GIRARDS HILL,NSW,153.25943,-28.706486,Delivery Area,Delivery Area,11202,Richmond Valley - Hinterland,112,Richmond - Tweed,R3,Updated 6-Feb-2020
123,2480,GOOLMANGAR,NSW,153.25943,-28.706486,Delivery Area,Delivery Area,11202,Richmond Valley - Hinterland,112,Richmond - Tweed,R3,Updated 6-Feb-2020
124,2480,GOONELLABAH,NSW,153.25943,-28.706486,Delivery Area,Delivery Area,11202,Richmond Valley - Hinterland,112,Richmond - Tweed,R3,Updated 6-Feb-2020
125,2480,GUNDURIMBA,NSW,153.25943,-28.706486,Delivery Area,Delivery Area,11202,Richmond Valley - Hinterland,112,Richmond - Tweed,R3,Updated 6-Feb-2020
20451,2480,HOWARDS GRASS,NSW,153.3015018,-28.79348867,Delivery Area,Delivery Area,11202,Richmond Valley - Hinterland,112,Richmond - Tweed,R3,Updated 6-Feb-2020
126,2480,JIGGI,NSW,153.25943,-28.706486,Delivery Area,Delivery Area,11202,Richmond Valley - Hinterland,112,Richmond - Tweed,R3,Updated 6-Feb-2020
127,2480,KEERRONG,NSW,153.25943,-28.706486,Delivery Area,Delivery Area,11202,Richmond Valley - Hinterland,112,Richmond - Tweed,R3,Updated 6-Feb-2020
128,2480,KOONORIGAN,NSW,153.25943,-28.706486,Delivery Area,Delivery Area,11202,Richmond Valley - Hinterland,112,Richmond - Tweed,R3,Updated 6-Feb-2020
129,2480,LAGOON GRASS,NSW,153.25943,-28.706486,Delivery Area,Delivery Area,11202,Richmond Valley - Hinterland,112,Richmond - Tweed,R3,Updated 6-Feb-2020
130,2480,LARNOOK,NSW,153.25943,-28.706486,Delivery Area,Delivery Area,11202,Richmond Valley - Hinterland,112,Richmond - Tweed,R3,Updated 6-Feb-2020
131,2480,LEYCESTER,NSW,153.25943,-28.706486,Delivery Area,Delivery Area,11202,Richmond Valley - Hinterland,112,Richmond - Tweed,R3,Updated 6-Feb-2020
132,2480,LILLIAN ROCK,NSW,153.25943,-28.706486,Delivery Area,Delivery Area,11202,Richmond Valley - Hinterland,112,Richmond - Tweed,R3,Updated 6-Feb-2020
133,2480,LINDENDALE,NSW,153.25943,-28.706486,Delivery Area,Delivery Area,11202,Richmond Valley - Hinterland,112,Richmond - Tweed,R3,Updated 6-Feb-2020
134,2480,LISMORE,NSW,153.25943,-28.706486,Delivery Area,Delivery Area,11202,Richmond Valley - Hinterland,112,Richmond - Tweed,R3,Updated 6-Feb-2020
22850,2480,LISMORE DC,NSW,0,0,,,,,,,R3,Added 25-Mar-2020
135,2480,LISMORE HEIGHTS,NSW,153.25943,-28.706486,Delivery Area,Delivery Area,11202,Richmond Valley - Hinterland,112,Richmond - Tweed,R3,Updated 6-Feb-2020
136,2480,LOFTVILLE,NSW,153.25943,-28.706486,Delivery Area,Delivery Area,11202,Richmond Valley - Hinterland,112,Richmond - Tweed,R3,Updated 6-Feb-2020
137,2480,MAROM CREEK,NSW,153.25943,-28.706486,Delivery Area,Delivery Area,11202,Richmond Valley - Hinterland,112,Richmond - Tweed,R3,Updated 6-Feb-2020
138,2480,MCKEES HILL,NSW,153.25943,-28.706486,Delivery Area,Delivery Area,11202,Richmond Valley - Hinterland,112,Richmond - Tweed,R3,Updated 6-Feb-2020
139,2480,MCLEANS RIDGES,NSW,153.25943,-28.706486,Delivery Area,Delivery Area,11202,Richmond Valley - Hinterland,112,Richmond - Tweed,R3,Updated 6-Feb-2020
140,2480,MISSINGHAM,NSW,153.25943,-28.706486,,,11202,Richmond Valley - Hinterland,112,Richmond - Tweed,R3,Updated 6-Feb-2020
141,2480,MODANVILLE,NSW,153.25943,-28.706486,Delivery Area,Delivery Area,11202,Richmond Valley - Hinterland,112,Richmond - Tweed,R3,Updated 6-Feb-2020
142,2480,MONALTRIE,NSW,153.25943,-28.706486,Delivery Area,Delivery Area,11202,Richmond Valley - Hinterland,112,Richmond - Tweed,R3,Updated 6-Feb-2020
143,2480,MOUNTAIN TOP,NSW,153.25943,-28.706486,Delivery Area,Delivery Area,11202,Richmond Valley - Hinterland,112,Richmond - Tweed,R3,Updated 6-Feb-2020
20452,2480,NIGHTCAP,NSW,153.2789657,-28.53337677,Delivery Area,Delivery Area,11202,Richmond Valley - Hinterland,112,Richmond - Tweed,R3,Updated 6-Feb-2020
144,2480,NIMBIN,NSW,153.25943,-28.706486,Delivery Area,Delivery Area,11202,Richmond Valley - Hinterland,112,Richmond - Tweed,R3,Updated 6-Feb-2020
145,2480,NORTH LISMORE,NSW,153.25943,-28.706486,Delivery Area,Delivery Area,11202,Richmond Valley - Hinterland,112,Richmond - Tweed,R3,Updated 6-Feb-2020
146,2480,NUMULGI,NSW,153.25943,-28.706486,Delivery Area,Delivery Area,11202,Richmond Valley - Hinterland,112,Richmond - Tweed,R3,Updated 6-Feb-2020
147,2480,REPENTANCE CREEK,NSW,153.25943,-28.706486,Delivery Area,Delivery Area,11202,Richmond Valley - Hinterland,112,Richmond - Tweed,R3,Updated 6-Feb-2020
148,2480,RICHMOND HILL,NSW,153.25943,-28.706486,Delivery Area,Delivery Area,11202,Richmond Valley - Hinterland,112,Richmond - Tweed,R3,Updated 6-Feb-2020
149,2480,ROCK VALLEY,NSW,153.25943,-28.706486,Delivery Area,Delivery Area,11202,Richmond Valley - Hinterland,112,Richmond - Tweed,R3,Updated 6-Feb-2020
150,2480,ROSEBANK,NSW,153.25943,-28.706486,Delivery Area,Delivery Area,11202,Richmond Valley - Hinterland,112,Richmond - Tweed,R3,Updated 6-Feb-2020
151,2480,RUTHVEN,NSW,153.25943,-28.706486,Delivery Area,Delivery Area,11202,Richmond Valley - Hinterland,112,Richmond - Tweed,R3,Updated 6-Feb-2020
152,2480,SOUTH GUNDURIMBA,NSW,153.25943,-28.706486,Delivery Area,Delivery Area,11202,Richmond Valley - Hinterland,112,Richmond - Tweed,R3,Updated 6-Feb-2020
153,2480,SOUTH LISMORE,NSW,153.25943,-28.706486,Delivery Area,Delivery Area,11202,Richmond Valley - Hinterland,112,Richmond - Tweed,R3,Updated 6-Feb-2020
154,2480,STEVE KINGS PLAINS,NSW,153.25943,-28.706486,,,11202,Richmond Valley - Hinterland,112,Richmond - Tweed,R3,Updated 6-Feb-2020
155,2480,STONY CHUTE,NSW,153.25943,-28.706486,Delivery Area,Delivery Area,11202,Richmond Valley - Hinterland,112,Richmond - Tweed,R3,Updated 6-Feb-2020
156,2480,TERANIA CREEK,NSW,153.25943,-28.706486,Delivery Area,Delivery Area,11202,Richmond Valley - Hinterland,112,Richmond - Tweed,R3,Updated 6-Feb-2020
157,2480,THE CHANNON,NSW,153.25943,-28.706486,Delivery Area,Delivery Area,11202,Richmond Valley - Hinterland,112,Richmond - Tweed,R3,Updated 6-Feb-2020
158,2480,TREGEAGLE,NSW,153.25943,-28.706486,Delivery Area,Delivery Area,11202,Richmond Valley - Hinterland,112,Richmond - Tweed,R3,Updated 6-Feb-2020
159,2480,TUCKI TUCKI,NSW,153.25943,-28.706486,Delivery Area,Delivery Area,11202,Richmond Valley - Hinterland,112,Richmond - Tweed,R3,Updated 6-Feb-2020
160,2480,TUCKURIMBA,NSW,153.25943,-28.706486,Delivery Area,Delivery Area,11202,Richmond Valley - Hinterland,112,Richmond - Tweed,R3,Updated 6-Feb-2020
161,2480,TULLERA,NSW,153.25943,-28.706486,Delivery Area,Delivery Area,11202,Richmond Valley - Hinterland,112,Richmond - Tweed,R3,Updated 6-Feb-2020
162,2480,TUNCESTER,NSW,153.25943,-28.706486,Delivery Area,Delivery Area,11202,Richmond Valley - Hinterland,112,Richmond - Tweed,R3,Updated 6-Feb-2020
163,2480,TUNTABLE CREEK,NSW,153.25943,-28.706486,Delivery Area,Delivery Area,11202,Richmond Valley - Hinterland,112,Richmond - Tweed,R3,Updated 6-Feb-2020
164,2480,TUNTABLE FALLS,NSW,153.25943,-28.706486,,,11202,Richmond Valley - Hinterland,112,Richmond - Tweed,R3,Updated 6-Feb-2020
165,2480,UPPER COOPERS CREEK,NSW,153.25943,-28.706486,,,11202,Richmond Valley - Hinterland,112,Richmond - Tweed,R3,Updated 6-Feb-2020
166,2480,WHIAN WHIAN,NSW,153.25943,-28.706486,Delivery Area,Delivery Area,11202,Richmond Valley - Hinterland,112,Richmond - Tweed,R3,Updated 6-Feb-2020
167,2480,WOODLAWN,NSW,153.25943,-28.706486,Delivery Area,Delivery Area,11202,Richmond Valley - Hinterland,112,Richmond - Tweed,R3,Updated 6-Feb-2020
168,2480,WYRALLAH,NSW,153.25943,-28.706486,Delivery Area,Delivery Area,11202,Richmond Valley - Hinterland,112,Richmond - Tweed,R3,Updated 6-Feb-2020
169,2481,BROKEN HEAD,NSW,153.592843,-28.660756,Delivery Area,Delivery Area,11201,Richmond Valley - Coastal,112,Richmond - Tweed,R3,Updated 6-Feb-2020
170,2481,BYRON BAY,NSW,153.592843,-28.660756,Delivery Area,Delivery Area,11201,Richmond Valley - Coastal,112,Richmond - Tweed,R3,Updated 6-Feb-2020
171,2481,EWINGSDALE,NSW,153.592843,-28.660756,Delivery Area,Delivery Area,11201,Richmond Valley - Coastal,112,Richmond - Tweed,R3,Updated 6-Feb-2020
20453,2481,HAYTERS HILL,NSW,153.5822528,-28.67562041,Delivery Area,Delivery Area,11201,Richmond Valley - Coastal,112,Richmond - Tweed,R3,Updated 6-Feb-2020
172,2481,MYOCUM,NSW,153.592843,-28.660756,Delivery Area,Delivery Area,11201,Richmond Valley - Coastal,112,Richmond - Tweed,R3,Updated 6-Feb-2020
173,2481,SKINNERS SHOOT,NSW,153.592843,-28.660756,Delivery Area,Delivery Area,11201,Richmond Valley - Coastal,112,Richmond - Tweed,R3,Updated 6-Feb-2020
174,2481,SUFFOLK PARK,NSW,153.592843,-28.660756,Delivery Area,Delivery Area,11201,Richmond Valley - Coastal,112,Richmond - Tweed,R3,Updated 6-Feb-2020
175,2481,TALOFA,NSW,153.592843,-28.660756,Delivery Area,Delivery Area,11201,Richmond Valley - Coastal,112,Richmond - Tweed,R3,Updated 6-Feb-2020
176,2481,TYAGARAH,NSW,153.592843,-28.660756,Delivery Area,Delivery Area,11201,Richmond Valley - Coastal,112,Richmond - Tweed,R3,Updated 6-Feb-2020
177,2482,GOONENGERRY,NSW,153.432398,-28.547307,Delivery Area,Delivery Area,11201,Richmond Valley - Coastal,112,Richmond - Tweed,R3,Updated 6-Feb-2020
178,2482,HUONBROOK,NSW,153.432398,-28.547307,Delivery Area,Delivery Area,11201,Richmond Valley - Coastal,112,Richmond - Tweed,R3,Updated 6-Feb-2020
20454,2482,KOONYUM RANGE,NSW,153.4101745,-28.54157482,Delivery Area,Delivery Area,11201,Richmond Valley - Coastal,112,Richmond - Tweed,R3,Updated 6-Feb-2020
179,2482,MAIN ARM,NSW,153.432398,-28.547307,Delivery Area,Delivery Area,11201,Richmond Valley - Coastal,112,Richmond - Tweed,R3,Updated 6-Feb-2020
180,2482,MONTECOLLUM,NSW,153.432398,-28.547307,Delivery Area,Delivery Area,11201,Richmond Valley - Coastal,112,Richmond - Tweed,R3,Updated 6-Feb-2020
181,2482,MULLUMBIMBY,NSW,153.432398,-28.547307,Delivery Area,Delivery Area,11201,Richmond Valley - Coastal,112,Richmond - Tweed,R3,Updated 6-Feb-2020
182,2482,MULLUMBIMBY CREEK,NSW,153.432398,-28.547307,Delivery Area,Delivery Area,11201,Richmond Valley - Coastal,112,Richmond - Tweed,R3,Updated 6-Feb-2020
183,2482,PALMWOODS,NSW,153.432398,-28.547307,Delivery Area,Delivery Area,11201,Richmond Valley - Coastal,112,Richmond - Tweed,R3,Updated 6-Feb-2020
20455,2482,UPPER COOPERS CREEK,NSW,153.4028527,-28.6038606,Delivery Area,Delivery Area,11201,Richmond Valley - Coastal,112,Richmond - Tweed,R3,Updated 6-Feb-2020
184,2482,UPPER MAIN ARM,NSW,153.432398,-28.547307,Delivery Area,Delivery Area,11201,Richmond Valley - Coastal,112,Richmond - Tweed,R3,Updated 6-Feb-2020
20456,2482,UPPER WILSONS CREEK,NSW,153.3828891,-28.51717621,Delivery Area,Delivery Area,11201,Richmond Valley - Coastal,112,Richmond - Tweed,R3,Updated 6-Feb-2020
20457,2482,WANGANUI,NSW,153.3815639,-28.5665377,Delivery Area,Delivery Area,11201,Richmond Valley - Coastal,112,Richmond - Tweed,R3,Updated 6-Feb-2020
185,2482,WILSONS CREEK,NSW,153.432398,-28.547307,Delivery Area,Delivery Area,11201,Richmond Valley - Coastal,112,Richmond - Tweed,R3,Updated 6-Feb-2020
186,2483,BILLINUDGEL,NSW,153.494236,-28.461128,Delivery Area,Delivery Area,11203,Tweed Valley,112,Richmond - Tweed,R3,Updated 6-Feb-2020
187,2483,BRUNSWICK HEADS,NSW,153.494236,-28.461128,Delivery Area,Delivery Area,11203,Tweed Valley,112,Richmond - Tweed,R3,Updated 6-Feb-2020
188,2483,BURRINGBAR,NSW,153.494236,-28.461128,Delivery Area,Delivery Area,11203,Tweed Valley,112,Richmond - Tweed,R3,Updated 6-Feb-2020
189,2483,CRABBES CREEK,NSW,153.494236,-28.461128,Delivery Area,Delivery Area,11203,Tweed Valley,112,Richmond - Tweed,R3,Updated 6-Feb-2020
190,2483,MIDDLE POCKET,NSW,153.494236,-28.461128,Delivery Area,Delivery Area,11203,Tweed Valley,112,Richmond - Tweed,R3,Updated 6-Feb-2020
191,2483,MOOBALL,NSW,153.494236,-28.461128,Delivery Area,Delivery Area,11203,Tweed Valley,112,Richmond - Tweed,R3,Updated 6-Feb-2020
192,2483,NEW BRIGHTON,NSW,153.494236,-28.461128,Delivery Area,Delivery Area,11203,Tweed Valley,112,Richmond - Tweed,R3,Updated 6-Feb-2020
193,2483,OCEAN SHORES,NSW,153.494236,-28.461128,Delivery Area,Delivery Area,11203,Tweed Valley,112,Richmond - Tweed,R3,Updated 6-Feb-2020
194,2483,SLEEPY HOLLOW,NSW,153.494236,-28.461128,Delivery Area,Delivery Area,11203,Tweed Valley,112,Richmond - Tweed,R3,Updated 6-Feb-2020
195,2483,SOUTH GOLDEN BEACH,NSW,153.494236,-28.461128,Delivery Area,Delivery Area,11203,Tweed Valley,112,Richmond - Tweed,R3,Updated 6-Feb-2020
196,2483,THE POCKET,NSW,153.494236,-28.461128,Delivery Area,Delivery Area,11203,Tweed Valley,112,Richmond - Tweed,R3,Updated 6-Feb-2020
197,2483,UPPER BURRINGBAR,NSW,153.494236,-28.461128,Delivery Area,Delivery Area,11203,Tweed Valley,112,Richmond - Tweed,R3,Updated 6-Feb-2020
198,2483,WOOYUNG,NSW,153.494236,-28.461128,Delivery Area,Delivery Area,11203,Tweed Valley,112,Richmond - Tweed,R3,Updated 6-Feb-2020
199,2483,YELGUN,NSW,153.494236,-28.461128,Delivery Area,Delivery Area,11203,Tweed Valley,112,Richmond - Tweed,R3,Updated 6-Feb-2020
200,2484,BACK CREEK,NSW,153.31648,-28.38059,Delivery Area,Delivery Area,30904,Gold Coast Hinterland,309,Gold Coast,R3,Updated 6-Feb-2020
201,2484,BOAT HARBOUR,NSW,153.31648,-28.38059,,,30904,Gold Coast Hinterland,309,Gold Coast,R3,Updated 6-Feb-2020
202,2484,BRAY PARK,NSW,153.31648,-28.38059,Delivery Area,Delivery Area,30904,Gold Coast Hinterland,309,Gold Coast,R3,Updated 6-Feb-2020
203,2484,BRAYS CREEK,NSW,153.31648,-28.38059,Delivery Area,Delivery Area,30904,Gold Coast Hinterland,309,Gold Coast,R3,Updated 6-Feb-2020
204,2484,BYANGUM,NSW,153.31648,-28.38059,Delivery Area,Delivery Area,30904,Gold Coast Hinterland,309,Gold Coast,R3,Updated 6-Feb-2020
205,2484,BYRRILL CREEK,NSW,153.31648,-28.38059,Delivery Area,Delivery Area,30904,Gold Coast Hinterland,309,Gold Coast,R3,Updated 6-Feb-2020
206,2484,CEDAR CREEK,NSW,153.31648,-28.38059,Delivery Area,Delivery Area,30904,Gold Coast Hinterland,309,Gold Coast,R3,Updated 6-Feb-2020
207,2484,CHILLINGHAM,NSW,153.31648,-28.38059,Delivery Area,Delivery Area,30904,Gold Coast Hinterland,309,Gold Coast,R3,Updated 6-Feb-2020
208,2484,CHOWAN CREEK,NSW,153.31648,-28.38059,Delivery Area,Delivery Area,30904,Gold Coast Hinterland,309,Gold Coast,R3,Updated 6-Feb-2020
209,2484,CLOTHIERS CREEK,NSW,153.31648,-28.38059,Delivery Area,Delivery Area,30904,Gold Coast Hinterland,309,Gold Coast,R3,Updated 6-Feb-2020
210,2484,COMMISSIONERS CREEK,NSW,153.31648,-28.38059,Delivery Area,Delivery Area,30904,Gold Coast Hinterland,309,Gold Coast,R3,Updated 6-Feb-2020
211,2484,CONDONG,NSW,153.31648,-28.38059,Delivery Area,Delivery Area,30904,Gold Coast Hinterland,309,Gold Coast,R3,Updated 6-Feb-2020
212,2484,CRYSTAL CREEK,NSW,153.31648,-28.38059,Delivery Area,Delivery Area,30904,Gold Coast Hinterland,309,Gold Coast,R3,Updated 6-Feb-2020
213,2484,CUDGERA CREEK,NSW,153.31648,-28.38059,Delivery Area,Delivery Area,30904,Gold Coast Hinterland,309,Gold Coast,R3,Updated 6-Feb-2020
214,2484,DOON DOON,NSW,153.31648,-28.38059,Delivery Area,Delivery Area,30904,Gold Coast Hinterland,309,Gold Coast,R3,Updated 6-Feb-2020
215,2484,DULGUIGAN,NSW,153.31648,-28.38059,Delivery Area,Delivery Area,30904,Gold Coast Hinterland,309,Gold Coast,R3,Updated 6-Feb-2020
216,2484,DUM DUM,NSW,153.31648,-28.38059,Delivery Area,Delivery Area,30904,Gold Coast Hinterland,309,Gold Coast,R3,Updated 6-Feb-2020
217,2484,DUNBIBLE,NSW,153.31648,-28.38059,Delivery Area,Delivery Area,30904,Gold Coast Hinterland,309,Gold Coast,R3,Updated 6-Feb-2020
218,2484,DUNGAY,NSW,153.31648,-28.38059,Delivery Area,Delivery Area,30904,Gold Coast Hinterland,309,Gold Coast,R3,Updated 6-Feb-2020
219,2484,EUNGELLA,NSW,153.31648,-28.38059,Delivery Area,Delivery Area,30904,Gold Coast Hinterland,309,Gold Coast,R3,Updated 6-Feb-2020
220,2484,EVIRON,NSW,153.31648,-28.38059,Delivery Area,Delivery Area,30904,Gold Coast Hinterland,309,Gold Coast,R3,Updated 6-Feb-2020
221,2484,FARRANTS HILL,NSW,153.31648,-28.38059,Delivery Area,Delivery Area,30904,Gold Coast Hinterland,309,Gold Coast,R3,Updated 6-Feb-2020
222,2484,FERNVALE,NSW,153.31648,-28.38059,Delivery Area,Delivery Area,30904,Gold Coast Hinterland,309,Gold Coast,R3,Updated 6-Feb-2020
223,2484,HOPKINS CREEK,NSW,153.31648,-28.38059,Delivery Area,Delivery Area,30904,Gold Coast Hinterland,309,Gold Coast,R3,Updated 6-Feb-2020
224,2484,KIELVALE,NSW,153.31648,-28.38059,Delivery Area,Delivery Area,30904,Gold Coast Hinterland,309,Gold Coast,R3,Updated 6-Feb-2020
225,2484,KUNGHUR,NSW,153.31648,-28.38059,Delivery Area,Delivery Area,30904,Gold Coast Hinterland,309,Gold Coast,R3,Updated 6-Feb-2020
226,2484,KUNGHUR CREEK,NSW,153.31648,-28.38059,Delivery Area,Delivery Area,30904,Gold Coast Hinterland,309,Gold Coast,R3,Updated 6-Feb-2020
227,2484,KYNNUMBOON,NSW,153.31648,-28.38059,Delivery Area,Delivery Area,30904,Gold Coast Hinterland,309,Gold Coast,R3,Updated 6-Feb-2020
228,2484,LIMPINWOOD,NSW,153.31648,-28.38059,Delivery Area,Delivery Area,30904,Gold Coast Hinterland,309,Gold Coast,R3,Updated 6-Feb-2020
229,2484,MEBBIN,NSW,153.31648,-28.38059,Delivery Area,Delivery Area,30904,Gold Coast Hinterland,309,Gold Coast,R3,Updated 6-Feb-2020
2212,2484,MIDGINBIL,NSW,153.31648,-28.38059,Delivery Area,Delivery Area,30904,Gold Coast Hinterland,309,Gold Coast,R3,Updated 6-Feb-2020
2213,2484,MOUNT BURRELL,NSW,153.31648,-28.38059,Delivery Area,Delivery Area,30904,Gold Coast Hinterland,309,Gold Coast,R3,Updated 6-Feb-2020
2214,2484,MOUNT WARNING,NSW,153.31648,-28.38059,Delivery Area,Delivery Area,30904,Gold Coast Hinterland,309,Gold Coast,R3,Updated 6-Feb-2020
2215,2484,MURWILLUMBAH,NSW,153.31648,-28.38059,Delivery Area,Delivery Area,30904,Gold Coast Hinterland,309,Gold Coast,R3,Updated 6-Feb-2020
22853,2484,MURWILLUMBAH DC,NSW,0,0,,,,,,,R3,Added 25-Mar-2020
2216,2484,MURWILLUMBAH SOUTH,NSW,153.31648,-28.38059,Delivery Area,Delivery Area,30904,Gold Coast Hinterland,309,Gold Coast,R3,Updated 6-Feb-2020
2217,2484,NOBBYS CREEK,NSW,153.31648,-28.38059,Delivery Area,Delivery Area,30904,Gold Coast Hinterland,309,Gold Coast,R3,Updated 6-Feb-2020
2218,2484,NORTH ARM,NSW,153.31648,-28.38059,Delivery Area,Delivery Area,30904,Gold Coast Hinterland,309,Gold Coast,R3,Updated 6-Feb-2020
2219,2484,NUMINBAH,NSW,153.31648,-28.38059,Delivery Area,Delivery Area,30904,Gold Coast Hinterland,309,Gold Coast,R3,Updated 6-Feb-2020
2220,2484,NUNDERI,NSW,153.31648,-28.38059,Delivery Area,Delivery Area,30904,Gold Coast Hinterland,309,Gold Coast,R3,Updated 6-Feb-2020
2221,2484,PALMVALE,NSW,153.31648,-28.38059,Delivery Area,Delivery Area,30904,Gold Coast Hinterland,309,Gold Coast,R3,Updated 6-Feb-2020
2222,2484,PUMPENBIL,NSW,153.31648,-28.38059,Delivery Area,Delivery Area,30904,Gold Coast Hinterland,309,Gold Coast,R3,Updated 6-Feb-2020
2223,2484,RESERVE CREEK,NSW,153.31648,-28.38059,Delivery Area,Delivery Area,30904,Gold Coast Hinterland,309,Gold Coast,R3,Updated 6-Feb-2020
2224,2484,ROUND MOUNTAIN,NSW,153.31648,-28.38059,Delivery Area,Delivery Area,30904,Gold Coast Hinterland,309,Gold Coast,R3,Updated 6-Feb-2020
2225,2484,ROWLANDS CREEK,NSW,153.31648,-28.38059,Delivery Area,Delivery Area,30904,Gold Coast Hinterland,309,Gold Coast,R3,Updated 6-Feb-2020
2226,2484,SMITHS CREEK,NSW,153.31648,-28.38059,Delivery Area,Delivery Area,30904,Gold Coast Hinterland,309,Gold Coast,R3,Updated 6-Feb-2020
20458,2484,SOUTH MURWILLUMBAH,NSW,153.4165936,-28.33713735,Delivery Area,Delivery Area,30904,Gold Coast Hinterland,309,Gold Coast,R3,Updated 6-Feb-2020
2227,2484,STOKERS SIDING,NSW,153.31648,-28.38059,Delivery Area,Delivery Area,30904,Gold Coast Hinterland,309,Gold Coast,R3,Updated 6-Feb-2020
2228,2484,TERRAGON,NSW,153.31648,-28.38059,Delivery Area,Delivery Area,30904,Gold Coast Hinterland,309,Gold Coast,R3,Updated 6-Feb-2020
2229,2484,TOMEWIN,NSW,153.31648,-28.38059,Delivery Area,Delivery Area,30904,Gold Coast Hinterland,309,Gold Coast,R3,Updated 6-Feb-2020
2230,2484,TYALGUM,NSW,153.31648,-28.38059,Delivery Area,Delivery Area,30904,Gold Coast Hinterland,309,Gold Coast,R3,Updated 6-Feb-2020
2231,2484,TYALGUM CREEK,NSW,153.31648,-28.38059,Delivery Area,Delivery Area,30904,Gold Coast Hinterland,309,Gold Coast,R3,Updated 6-Feb-2020
2232,2484,TYGALGAH,NSW,153.31648,-28.38059,Delivery Area,Delivery Area,30904,Gold Coast Hinterland,309,Gold Coast,R3,Updated 6-Feb-2020
2233,2484,UKI,NSW,153.31648,-28.38059,Delivery Area,Delivery Area,30904,Gold Coast Hinterland,309,Gold Coast,R3,Updated 6-Feb-2020
2234,2484,UPPER CRYSTAL CREEK,NSW,153.31648,-28.38059,Delivery Area,Delivery Area,30904,Gold Coast Hinterland,309,Gold Coast,R3,Updated 6-Feb-2020
2235,2484,URLIUP,NSW,153.31648,-28.38059,Delivery Area,Delivery Area,30904,Gold Coast Hinterland,309,Gold Coast,R3,Updated 6-Feb-2020
2236,2484,WARDROP VALLEY,NSW,153.31648,-28.38059,Delivery Area,Delivery Area,30904,Gold Coast Hinterland,309,Gold Coast,R3,Updated 6-Feb-2020
2237,2484,ZARA,NSW,153.31648,-28.38059,,,30904,Gold Coast Hinterland,309,Gold Coast,R3,Updated 6-Feb-2020
2238,2485,TWEED HEADS,NSW,153.526816,-28.184241,Delivery Area,Delivery Area,30902,Coolangatta,309,Gold Coast,R3,Updated 6-Feb-2020
2239,2485,TWEED HEADS WEST,NSW,153.526816,-28.184241,Delivery Area,Delivery Area,30902,Coolangatta,309,Gold Coast,R3,Updated 6-Feb-2020
2240,2486,BANORA POINT,NSW,153.479217,-28.215215,Delivery Area,Delivery Area,11203,Tweed Valley,112,Richmond - Tweed,R3,Updated 6-Feb-2020
2241,2486,BILAMBIL,NSW,153.479217,-28.215215,Delivery Area,Delivery Area,11203,Tweed Valley,112,Richmond - Tweed,R3,Updated 6-Feb-2020
2242,2486,BILAMBIL HEIGHTS,NSW,153.479217,-28.215215,Delivery Area,Delivery Area,11203,Tweed Valley,112,Richmond - Tweed,R3,Updated 6-Feb-2020
2243,2486,BUNGALORA,NSW,153.479217,-28.215215,Delivery Area,Delivery Area,11203,Tweed Valley,112,Richmond - Tweed,R3,Updated 6-Feb-2020
2244,2486,CAROOL,NSW,153.479217,-28.215215,Delivery Area,Delivery Area,11203,Tweed Valley,112,Richmond - Tweed,R3,Updated 6-Feb-2020
2245,2486,COBAKI,NSW,153.479217,-28.215215,Delivery Area,Delivery Area,11203,Tweed Valley,112,Richmond - Tweed,R3,Updated 6-Feb-2020
2246,2486,COBAKI LAKES,NSW,153.479217,-28.215215,Delivery Area,Delivery Area,11203,Tweed Valley,112,Richmond - Tweed,R3,Updated 6-Feb-2020
2247,2486,DUROBY,NSW,153.479217,-28.215215,Delivery Area,Delivery Area,11203,Tweed Valley,112,Richmond - Tweed,R3,Updated 6-Feb-2020
2248,2486,GLENGARRIE,NSW,153.479217,-28.215215,Delivery Area,Delivery Area,11203,Tweed Valley,112,Richmond - Tweed,R3,Updated 6-Feb-2020
2249,2486,PIGGABEEN,NSW,153.479217,-28.215215,Delivery Area,Delivery Area,11203,Tweed Valley,112,Richmond - Tweed,R3,Updated 6-Feb-2020
2250,2486,TERRANORA,NSW,153.479217,-28.215215,Delivery Area,Delivery Area,11203,Tweed Valley,112,Richmond - Tweed,R3,Updated 6-Feb-2020
2251,2486,TWEED HEADS SOUTH,NSW,153.479217,-28.215215,Delivery Area,Delivery Area,11203,Tweed Valley,112,Richmond - Tweed,R3,Updated 6-Feb-2020
22867,2486,TWEED HEADS SOUTH DC,NSW,0,0,,,,,,,R3,Added 25-Mar-2020
2252,2486,UPPER DUROBY,NSW,153.479217,-28.215215,Delivery Area,Delivery Area,11203,Tweed Valley,112,Richmond - Tweed,R3,Updated 6-Feb-2020
2253,2487,CASUARINA,NSW,153.548588,-28.27973,Delivery Area,Delivery Area,11203,Tweed Valley,112,Richmond - Tweed,R3,Updated 6-Feb-2020
2254,2487,CHINDERAH,NSW,153.548588,-28.27973,Delivery Area,Delivery Area,11203,Tweed Valley,112,Richmond - Tweed,R3,Updated 6-Feb-2020
2255,2487,CUDGEN,NSW,153.548588,-28.27973,Delivery Area,Delivery Area,11203,Tweed Valley,112,Richmond - Tweed,R3,Updated 6-Feb-2020
2256,2487,DURANBAH,NSW,153.548588,-28.27973,Delivery Area,Delivery Area,11203,Tweed Valley,112,Richmond - Tweed,R3,Updated 6-Feb-2020
2257,2487,FINGAL HEAD,NSW,153.548588,-28.27973,Delivery Area,Delivery Area,11203,Tweed Valley,112,Richmond - Tweed,R3,Updated 6-Feb-2020
20459,2487,KINGS FOREST,NSW,153.5490066,-28.2993722,Delivery Area,Delivery Area,11203,Tweed Valley,112,Richmond - Tweed,R3,Updated 6-Feb-2020
2258,2487,KINGSCLIFF,NSW,153.548588,-28.27973,Delivery Area,Delivery Area,11203,Tweed Valley,112,Richmond - Tweed,R3,Updated 6-Feb-2020
2259,2487,STOTTS CREEK,NSW,153.548588,-28.27973,Delivery Area,Delivery Area,11203,Tweed Valley,112,Richmond - Tweed,R3,Updated 6-Feb-2020
2260,2488,BOGANGAR,NSW,153.560693,-28.34099,Delivery Area,Delivery Area,11203,Tweed Valley,112,Richmond - Tweed,R3,Updated 6-Feb-2020
2261,2488,CABARITA BEACH,NSW,153.560693,-28.34099,Delivery Area,Delivery Area,11203,Tweed Valley,112,Richmond - Tweed,R3,Updated 6-Feb-2020
2262,2488,TANGLEWOOD,NSW,153.560693,-28.34099,Delivery Area,Delivery Area,11203,Tweed Valley,112,Richmond - Tweed,R3,Updated 6-Feb-2020
2263,2489,HASTINGS POINT,NSW,153.541853,-28.392183,Delivery Area,Delivery Area,11203,Tweed Valley,112,Richmond - Tweed,R3,Updated 6-Feb-2020
2264,2489,POTTSVILLE,NSW,153.541853,-28.392183,Delivery Area,Delivery Area,11203,Tweed Valley,112,Richmond - Tweed,R3,Updated 6-Feb-2020
20460,2489,POTTSVILLE BEACH,NSW,153.56855,-28.379066,Delivery Area,Delivery Area,11203,Tweed Valley,112,Richmond - Tweed,R3,Updated 6-Feb-2020
2265,2490,NORTH TUMBULGUM,NSW,153.472644,-28.271718,Delivery Area,Delivery Area,11203,Tweed Valley,112,Richmond - Tweed,R3,Updated 6-Feb-2020
2266,2490,TUMBULGUM,NSW,153.472644,-28.271718,Delivery Area,Delivery Area,11203,Tweed Valley,112,Richmond - Tweed,R3,Updated 6-Feb-2020
2267,2500,CONISTON,NSW,150.874294,-34.423171,Delivery Area,Delivery Area,10704,Wollongong,107,Illawarra,R2,Updated 6-Feb-2020
2268,2500,GWYNNEVILLE,NSW,150.874294,-34.423171,Delivery Area,Delivery Area,10704,Wollongong,107,Illawarra,R2,Updated 6-Feb-2020
2269,2500,KEIRAVILLE,NSW,150.874294,-34.423171,Delivery Area,Delivery Area,10704,Wollongong,107,Illawarra,R2,Updated 6-Feb-2020
2270,2500,MANGERTON,NSW,150.874294,-34.423171,Delivery Area,Delivery Area,10704,Wollongong,107,Illawarra,R2,Updated 6-Feb-2020
2271,2500,MOUNT KEIRA,NSW,150.874294,-34.423171,Delivery Area,Delivery Area,10704,Wollongong,107,Illawarra,R2,Updated 6-Feb-2020
2272,2500,MOUNT SAINT THOMAS,NSW,150.874294,-34.423171,Delivery Area,Delivery Area,10704,Wollongong,107,Illawarra,R2,Updated 6-Feb-2020
20461,2500,NORTH WOLLONGONG,NSW,150.895558,-34.40681672,Delivery Area,Delivery Area,10704,Wollongong,107,Illawarra,R2,Updated 6-Feb-2020
20462,2500,SPRING HILL,NSW,150.8696525,-34.45271156,Delivery Area,Delivery Area,10704,Wollongong,107,Illawarra,R2,Updated 6-Feb-2020
20463,2500,WEST WOLLONGONG,NSW,150.8673013,-34.4239844,Delivery Area,Delivery Area,10704,Wollongong,107,Illawarra,R2,Updated 6-Feb-2020
2273,2500,WOLLONGONG,NSW,150.874294,-34.423171,Delivery Area,Delivery Area,10704,Wollongong,107,Illawarra,R2,Updated 6-Feb-2020
2274,2500,WOLLONGONG DC,NSW,150.874294,-34.423171,,,10704,Wollongong,107,Illawarra,R2,Updated 6-Feb-2020
2275,2500,WOLLONGONG NORTH,NSW,150.874294,-34.423171,,,10704,Wollongong,107,Illawarra,R2,Updated 6-Feb-2020
2276,2500,WOLLONGONG WEST,NSW,150.874294,-34.423171,Delivery Area,Delivery Area,10704,Wollongong,107,Illawarra,R2,Updated 6-Feb-2020
2277,2502,CRINGILA,NSW,150.873081,-34.494723,Delivery Area,Delivery Area,10701,Dapto - Port Kembla,107,Illawarra,R2,Updated 6-Feb-2020
2278,2502,LAKE HEIGHTS,NSW,150.873081,-34.494723,Delivery Area,Delivery Area,10701,Dapto - Port Kembla,107,Illawarra,R2,Updated 6-Feb-2020
2279,2502,PRIMBEE,NSW,150.873081,-34.494723,Delivery Area,Delivery Area,10701,Dapto - Port Kembla,107,Illawarra,R2,Updated 6-Feb-2020
2280,2502,WARRAWONG,NSW,150.873081,-34.494723,Delivery Area,Delivery Area,10701,Dapto - Port Kembla,107,Illawarra,R2,Updated 6-Feb-2020
2281,2505,KEMBLAWARRA,NSW,150.943899,-34.466406,Delivery Area,Delivery Area,10701,Dapto - Port Kembla,107,Illawarra,R2,Updated 6-Feb-2020
2282,2505,PORT KEMBLA,NSW,150.943899,-34.466406,Delivery Area,Delivery Area,10701,Dapto - Port Kembla,107,Illawarra,R2,Updated 6-Feb-2020
2283,2506,BERKELEY,NSW,150.840792,-34.48494,Delivery Area,Delivery Area,10701,Dapto - Port Kembla,107,Illawarra,R2,Updated 6-Feb-2020
2284,2508,COALCLIFF,NSW,150.969679,-34.230944,Delivery Area,Delivery Area,10704,Wollongong,107,Illawarra,R2,Updated 6-Feb-2020
2285,2508,DARKES FOREST,NSW,150.969679,-34.230944,Delivery Area,Delivery Area,10704,Wollongong,107,Illawarra,R2,Updated 6-Feb-2020
2286,2508,HELENSBURGH,NSW,150.969679,-34.230944,Delivery Area,Delivery Area,10704,Wollongong,107,Illawarra,R2,Updated 6-Feb-2020
2287,2508,LILYVALE,NSW,150.969679,-34.230944,Delivery Area,Delivery Area,10704,Wollongong,107,Illawarra,R2,Updated 6-Feb-2020
2288,2508,MADDENS PLAINS,NSW,150.969679,-34.230944,Delivery Area,Delivery Area,10704,Wollongong,107,Illawarra,R2,Updated 6-Feb-2020
2289,2508,OTFORD,NSW,150.969679,-34.230944,Delivery Area,Delivery Area,10704,Wollongong,107,Illawarra,R2,Updated 6-Feb-2020
2290,2508,STANWELL PARK,NSW,150.969679,-34.230944,Delivery Area,Delivery Area,10704,Wollongong,107,Illawarra,R2,Updated 6-Feb-2020
2291,2508,STANWELL TOPS,NSW,150.969679,-34.230944,Delivery Area,Delivery Area,10704,Wollongong,107,Illawarra,R2,Updated 6-Feb-2020
20464,2508,WORONORA DAM,NSW,150.9354342,-34.16316178,Delivery Area,Delivery Area,10704,Wollongong,107,Illawarra,R2,Updated 6-Feb-2020
2292,2515,AUSTINMER,NSW,150.9299,-34.300293,Delivery Area,Delivery Area,10704,Wollongong,107,Illawarra,R2,Updated 6-Feb-2020
2293,2515,CLIFTON,NSW,150.9299,-34.300293,Delivery Area,Delivery Area,10704,Wollongong,107,Illawarra,R2,Updated 6-Feb-2020
2294,2515,COLEDALE,NSW,150.9299,-34.300293,Delivery Area,Delivery Area,10704,Wollongong,107,Illawarra,R2,Updated 6-Feb-2020
2295,2515,SCARBOROUGH,NSW,150.9299,-34.300293,Delivery Area,Delivery Area,10704,Wollongong,107,Illawarra,R2,Updated 6-Feb-2020
2296,2515,THIRROUL,NSW,150.9299,-34.300293,Delivery Area,Delivery Area,10704,Wollongong,107,Illawarra,R2,Updated 6-Feb-2020
2297,2515,WOMBARRA,NSW,150.9299,-34.300293,Delivery Area,Delivery Area,10704,Wollongong,107,Illawarra,R2,Updated 6-Feb-2020
2298,2516,BULLI,NSW,150.904835,-34.332109,Delivery Area,Delivery Area,10704,Wollongong,107,Illawarra,R2,Updated 6-Feb-2020
2299,2516,BULLI TOPS,NSW,150.904835,-34.332109,,,10704,Wollongong,107,Illawarra,R2,Updated 6-Feb-2020
2300,2517,RUSSELL VALE,NSW,150.891169,-34.349362,Delivery Area,Delivery Area,10704,Wollongong,107,Illawarra,R2,Updated 6-Feb-2020
2301,2517,WOONONA,NSW,150.891169,-34.349362,Delivery Area,Delivery Area,10704,Wollongong,107,Illawarra,R2,Updated 6-Feb-2020
2302,2517,WOONONA EAST,NSW,150.891169,-34.349362,Delivery Area,Delivery Area,10704,Wollongong,107,Illawarra,R2,Updated 6-Feb-2020
2303,2518,BELLAMBI,NSW,150.886721,-34.373654,Delivery Area,Delivery Area,10704,Wollongong,107,Illawarra,R2,Updated 6-Feb-2020
2304,2518,CORRIMAL,NSW,150.886721,-34.373654,Delivery Area,Delivery Area,10704,Wollongong,107,Illawarra,R2,Updated 6-Feb-2020
2305,2518,CORRIMAL EAST,NSW,150.886721,-34.373654,Delivery Area,Delivery Area,10704,Wollongong,107,Illawarra,R2,Updated 6-Feb-2020
20465,2518,EAST CORRIMAL,NSW,150.9124949,-34.37717202,Delivery Area,Delivery Area,10704,Wollongong,107,Illawarra,R2,Updated 6-Feb-2020
2306,2518,TARRAWANNA,NSW,150.886721,-34.373654,Delivery Area,Delivery Area,10704,Wollongong,107,Illawarra,R2,Updated 6-Feb-2020
2307,2518,TOWRADGI,NSW,150.886721,-34.373654,Delivery Area,Delivery Area,10704,Wollongong,107,Illawarra,R2,Updated 6-Feb-2020
2308,2519,BALGOWNIE,NSW,150.709623,-34.35558,Delivery Area,Delivery Area,10704,Wollongong,107,Illawarra,R2,Updated 6-Feb-2020
2309,2519,FAIRY MEADOW,NSW,150.709623,-34.35558,Delivery Area,Delivery Area,10704,Wollongong,107,Illawarra,R2,Updated 6-Feb-2020
2310,2519,FERNHILL,NSW,150.709623,-34.35558,Delivery Area,Delivery Area,10704,Wollongong,107,Illawarra,R2,Updated 6-Feb-2020
2311,2519,MOUNT OUSLEY,NSW,150.709623,-34.35558,Delivery Area,Delivery Area,10704,Wollongong,107,Illawarra,R2,Updated 6-Feb-2020
2312,2519,MOUNT PLEASANT,NSW,150.709623,-34.35558,Delivery Area,Delivery Area,10704,Wollongong,107,Illawarra,R2,Updated 6-Feb-2020
2313,2519,REIDTOWN,NSW,150.709623,-34.35558,Delivery Area,Delivery Area,10704,Wollongong,107,Illawarra,R2,Updated 6-Feb-2020
2314,2520,WOLLONGONG,NSW,151.139594,-33.937789,Post Office Boxes,Post Office Boxes,10704,Wollongong,107,Illawarra,R2,Updated 25-Mar-2020 SA3
2316,2522,UNIVERSITY OF WOLLONGONG,NSW,150.877805,-34.405103,LVR,LVR,10704,Wollongong,107,Illawarra,R2,Updated 6-Feb-2020
2317,2525,FIGTREE,NSW,150.818904,-34.437229,Delivery Area,Delivery Area,10704,Wollongong,107,Illawarra,R2,Updated 6-Feb-2020
2318,2526,CORDEAUX,NSW,150.77681,-34.380765,Delivery Area,Delivery Area,10704,Wollongong,107,Illawarra,R2,Updated 6-Feb-2020
2319,2526,CORDEAUX HEIGHTS,NSW,150.77681,-34.380765,Delivery Area,Delivery Area,10704,Wollongong,107,Illawarra,R2,Updated 6-Feb-2020
2320,2526,FARMBOROUGH HEIGHTS,NSW,150.77681,-34.380765,Delivery Area,Delivery Area,10704,Wollongong,107,Illawarra,R2,Updated 6-Feb-2020
2321,2526,KEMBLA GRANGE,NSW,150.77681,-34.380765,Delivery Area,Delivery Area,10704,Wollongong,107,Illawarra,R2,Updated 6-Feb-2020
2322,2526,KEMBLA HEIGHTS,NSW,150.77681,-34.380765,Delivery Area,Delivery Area,10704,Wollongong,107,Illawarra,R2,Updated 6-Feb-2020
2323,2526,MOUNT KEMBLA,NSW,150.77681,-34.380765,Delivery Area,Delivery Area,10704,Wollongong,107,Illawarra,R2,Updated 6-Feb-2020
2324,2526,UNANDERRA,NSW,150.77681,-34.380765,Delivery Area,Delivery Area,10704,Wollongong,107,Illawarra,R2,Updated 6-Feb-2020
2325,2526,UNANDERRA DC,NSW,150.77681,-34.380765,,,10704,Wollongong,107,Illawarra,R2,Updated 6-Feb-2020
2326,2527,ALBION PARK,NSW,150.754592,-34.583539,Delivery Area,Delivery Area,11402,Southern Highlands,114,Southern Highlands and Shoalhaven,R3,Updated 6-Feb-2020
2327,2527,ALBION PARK RAIL,NSW,150.754592,-34.583539,Delivery Area,Delivery Area,11402,Southern Highlands,114,Southern Highlands and Shoalhaven,R3,Updated 6-Feb-2020
2328,2527,CALDERWOOD,NSW,150.754592,-34.583539,Delivery Area,Delivery Area,11402,Southern Highlands,114,Southern Highlands and Shoalhaven,R3,Updated 6-Feb-2020
2329,2527,CROOM,NSW,150.754592,-34.583539,Delivery Area,Delivery Area,11402,Southern Highlands,114,Southern Highlands and Shoalhaven,R3,Updated 6-Feb-2020
20467,2527,NORTH MACQUARIE,NSW,150.741423,-34.572232,Delivery Area,Delivery Area,11402,Southern Highlands,114,Southern Highlands and Shoalhaven,R3,Updated 6-Feb-2020
2330,2527,TONGARRA,NSW,150.754592,-34.583539,Delivery Area,Delivery Area,11402,Southern Highlands,114,Southern Highlands and Shoalhaven,R3,Updated 6-Feb-2020
2331,2527,TULLIMBAR,NSW,150.754592,-34.583539,Delivery Area,Delivery Area,11402,Southern Highlands,114,Southern Highlands and Shoalhaven,R3,Updated 6-Feb-2020
2332,2527,YELLOW ROCK,NSW,150.754592,-34.583539,Delivery Area,Delivery Area,11402,Southern Highlands,114,Southern Highlands and Shoalhaven,R3,Updated 6-Feb-2020
2333,2528,BARRACK HEIGHTS,NSW,150.855135,-34.548722,Delivery Area,Delivery Area,10703,Kiama - Shellharbour,107,Illawarra,R2,Updated 6-Feb-2020
2334,2528,BARRACK POINT,NSW,150.855135,-34.548722,Delivery Area,Delivery Area,10703,Kiama - Shellharbour,107,Illawarra,R2,Updated 6-Feb-2020
2335,2528,LAKE ILLAWARRA,NSW,150.855135,-34.548722,Delivery Area,Delivery Area,10703,Kiama - Shellharbour,107,Illawarra,R2,Updated 6-Feb-2020
2336,2528,MOUNT WARRIGAL,NSW,150.855135,-34.548722,Delivery Area,Delivery Area,10703,Kiama - Shellharbour,107,Illawarra,R2,Updated 6-Feb-2020
2337,2528,WARILLA,NSW,150.855135,-34.548722,Delivery Area,Delivery Area,10703,Kiama - Shellharbour,107,Illawarra,R2,Updated 6-Feb-2020
2338,2528,WINDANG,NSW,150.855135,-34.548722,Delivery Area,Delivery Area,10703,Kiama - Shellharbour,107,Illawarra,R2,Updated 6-Feb-2020
2339,2529,BALARANG,NSW,150.84584,-34.592433,,,10703,Kiama - Shellharbour,107,Illawarra,R2,Updated 6-Feb-2020
2340,2529,BLACKBUTT,NSW,150.84584,-34.592433,Delivery Area,Delivery Area,10703,Kiama - Shellharbour,107,Illawarra,R2,Updated 6-Feb-2020
2341,2529,DUNMORE,NSW,150.84584,-34.592433,Delivery Area,Delivery Area,10703,Kiama - Shellharbour,107,Illawarra,R2,Updated 6-Feb-2020
2342,2529,FLINDERS,NSW,150.84584,-34.592433,Delivery Area,Delivery Area,10703,Kiama - Shellharbour,107,Illawarra,R2,Updated 6-Feb-2020
2343,2529,OAK FLATS,NSW,150.84584,-34.592433,Delivery Area,Delivery Area,10703,Kiama - Shellharbour,107,Illawarra,R2,Updated 6-Feb-2020
2344,2529,OAK FLATS DC,NSW,150.84584,-34.592433,,,10703,Kiama - Shellharbour,107,Illawarra,R2,Updated 6-Feb-2020
2345,2529,SHELL COVE,NSW,150.84584,-34.592433,Delivery Area,Delivery Area,10703,Kiama - Shellharbour,107,Illawarra,R2,Updated 6-Feb-2020
2346,2529,SHELLHARBOUR,NSW,150.84584,-34.592433,Delivery Area,Delivery Area,10703,Kiama - Shellharbour,107,Illawarra,R2,Updated 6-Feb-2020
2347,2529,SHELLHARBOUR CITY CENTRE,NSW,150.84584,-34.592433,Delivery Area,Delivery Area,10703,Kiama - Shellharbour,107,Illawarra,R2,Updated 6-Feb-2020
2348,2529,SHELLHARBOUR SQUARE,NSW,150.84584,-34.592433,,,10703,Kiama - Shellharbour,107,Illawarra,R2,Updated 6-Feb-2020
2349,2530,AVONDALE,NSW,150.766132,-34.505411,Delivery Area,Delivery Area,10703,Kiama - Shellharbour,107,Illawarra,R2,Updated 6-Feb-2020
2071,2530,BROWNSVILLE,NSW,150.766132,-34.505411,Delivery Area,Delivery Area,10703,Kiama - Shellharbour,107,Illawarra,R2,Updated 6-Feb-2020
20468,2530,CLEVELAND,NSW,150.7714948,-34.50180824,Delivery Area,Delivery Area,10703,Kiama - Shellharbour,107,Illawarra,R2,Updated 6-Feb-2020
2072,2530,DAPTO,NSW,150.766132,-34.505411,Delivery Area,Delivery Area,10703,Kiama - Shellharbour,107,Illawarra,R2,Updated 6-Feb-2020
20469,2530,DOMBARTON,NSW,150.7644956,-34.45456725,Delivery Area,Delivery Area,10703,Kiama - Shellharbour,107,Illawarra,R2,Updated 6-Feb-2020
20470,2530,HAYWARDS BAY,NSW,150.7941158,-34.54457727,Delivery Area,Delivery Area,10703,Kiama - Shellharbour,107,Illawarra,R2,Updated 6-Feb-2020
2073,2530,HORSLEY,NSW,150.766132,-34.505411,Delivery Area,Delivery Area,10703,Kiama - Shellharbour,107,Illawarra,R2,Updated 6-Feb-2020
20471,2530,HUNTLEY,NSW,150.7363558,-34.4977766,Delivery Area,Delivery Area,10703,Kiama - Shellharbour,107,Illawarra,R2,Updated 6-Feb-2020
2074,2530,KANAHOOKA,NSW,150.766132,-34.505411,Delivery Area,Delivery Area,10703,Kiama - Shellharbour,107,Illawarra,R2,Updated 6-Feb-2020
2075,2530,KOONAWARRA,NSW,150.766132,-34.505411,Delivery Area,Delivery Area,10703,Kiama - Shellharbour,107,Illawarra,R2,Updated 6-Feb-2020
2076,2530,MARSHALL MOUNT,NSW,150.766132,-34.505411,Delivery Area,Delivery Area,10703,Kiama - Shellharbour,107,Illawarra,R2,Updated 6-Feb-2020
2077,2530,WONGAWILLI,NSW,150.766132,-34.505411,Delivery Area,Delivery Area,10703,Kiama - Shellharbour,107,Illawarra,R2,Updated 6-Feb-2020
2078,2530,YALLAH,NSW,150.766132,-34.505411,Delivery Area,Delivery Area,10703,Kiama - Shellharbour,107,Illawarra,R2,Updated 6-Feb-2020
2079,2533,BOMBO,NSW,150.756883,-34.645377,Delivery Area,Delivery Area,11402,Southern Highlands,114,Southern Highlands and Shoalhaven,R2,Updated 6-Feb-2020
2080,2533,CURRAMORE,NSW,150.756883,-34.645377,Delivery Area,Delivery Area,11402,Southern Highlands,114,Southern Highlands and Shoalhaven,R2,Updated 6-Feb-2020
2081,2533,JAMBEROO,NSW,150.756883,-34.645377,Delivery Area,Delivery Area,11402,Southern Highlands,114,Southern Highlands and Shoalhaven,R2,Updated 6-Feb-2020
2082,2533,JERRARA,NSW,150.756883,-34.645377,Delivery Area,Delivery Area,11402,Southern Highlands,114,Southern Highlands and Shoalhaven,R2,Updated 6-Feb-2020
2083,2533,KIAMA,NSW,150.756883,-34.645377,Delivery Area,Delivery Area,11402,Southern Highlands,114,Southern Highlands and Shoalhaven,R2,Updated 6-Feb-2020
2084,2533,KIAMA DOWNS,NSW,150.756883,-34.645377,Delivery Area,Delivery Area,11402,Southern Highlands,114,Southern Highlands and Shoalhaven,R2,Updated 6-Feb-2020
2085,2533,KIAMA HEIGHTS,NSW,150.756883,-34.645377,Delivery Area,Delivery Area,11402,Southern Highlands,114,Southern Highlands and Shoalhaven,R2,Updated 6-Feb-2020
2086,2533,MINNAMURRA,NSW,150.756883,-34.645377,Delivery Area,Delivery Area,11402,Southern Highlands,114,Southern Highlands and Shoalhaven,R2,Updated 6-Feb-2020
2087,2533,SADDLEBACK MOUNTAIN,NSW,150.756883,-34.645377,Delivery Area,Delivery Area,11402,Southern Highlands,114,Southern Highlands and Shoalhaven,R2,Updated 6-Feb-2020
20472,2534,BROUGHTON VILLAGE,NSW,150.7510656,-34.74500177,Delivery Area,Delivery Area,10703,Kiama - Shellharbour,107,Illawarra,R2,Updated 6-Feb-2020
2088,2534,FOXGROUND,NSW,150.800637,-34.739425,Delivery Area,Delivery Area,10703,Kiama - Shellharbour,107,Illawarra,R2,Updated 6-Feb-2020
2089,2534,GERRINGONG,NSW,150.800637,-34.739425,Delivery Area,Delivery Area,10703,Kiama - Shellharbour,107,Illawarra,R2,Updated 6-Feb-2020
2090,2534,GERROA,NSW,150.800637,-34.739425,Delivery Area,Delivery Area,10703,Kiama - Shellharbour,107,Illawarra,R2,Updated 6-Feb-2020
2091,2534,ROSE VALLEY,NSW,150.800637,-34.739425,Delivery Area,Delivery Area,10703,Kiama - Shellharbour,107,Illawarra,R2,Updated 6-Feb-2020
2092,2534,TOOLIJOOA,NSW,150.800637,-34.739425,Delivery Area,Delivery Area,10703,Kiama - Shellharbour,107,Illawarra,R2,Updated 6-Feb-2020
2093,2534,WERRI BEACH,NSW,150.800637,-34.739425,Delivery Area,Delivery Area,10703,Kiama - Shellharbour,107,Illawarra,R2,Updated 6-Feb-2020
2094,2534,WILLOW VALE,NSW,150.800637,-34.739425,Delivery Area,Delivery Area,10703,Kiama - Shellharbour,107,Illawarra,R2,Updated 6-Feb-2020
2095,2535,BACK FOREST,NSW,150.678303,-34.762116,Delivery Area,Delivery Area,11401,Shoalhaven,114,Southern Highlands and Shoalhaven,R2,Updated 6-Feb-2020
2096,2535,BELLAWONGARAH,NSW,150.678303,-34.762116,Delivery Area,Delivery Area,11401,Shoalhaven,114,Southern Highlands and Shoalhaven,R2,Updated 6-Feb-2020
2097,2535,BERRY,NSW,150.678303,-34.762116,Delivery Area,Delivery Area,11401,Shoalhaven,114,Southern Highlands and Shoalhaven,R2,Updated 6-Feb-2020
20473,2535,BERRY MOUNTAIN,NSW,150.6495945,-34.76569147,Delivery Area,Delivery Area,11401,Shoalhaven,114,Southern Highlands and Shoalhaven,R2,Updated 6-Feb-2020
2098,2535,BROGERS CREEK,NSW,150.678303,-34.762116,Delivery Area,Delivery Area,11401,Shoalhaven,114,Southern Highlands and Shoalhaven,R2,Updated 6-Feb-2020
2099,2535,BROUGHTON,NSW,150.678303,-34.762116,Delivery Area,Delivery Area,11401,Shoalhaven,114,Southern Highlands and Shoalhaven,R2,Updated 6-Feb-2020
2100,2535,BROUGHTON VALE,NSW,150.678303,-34.762116,Delivery Area,Delivery Area,11401,Shoalhaven,114,Southern Highlands and Shoalhaven,R2,Updated 6-Feb-2020
2101,2535,BUDDEROO,NSW,150.678303,-34.762116,Delivery Area,Delivery Area,11401,Shoalhaven,114,Southern Highlands and Shoalhaven,R2,Updated 6-Feb-2020
2102,2535,BUNDEWALLAH,NSW,150.678303,-34.762116,Delivery Area,Delivery Area,11401,Shoalhaven,114,Southern Highlands and Shoalhaven,R2,Updated 6-Feb-2020
2103,2535,COOLANGATTA,NSW,150.678303,-34.762116,Delivery Area,Delivery Area,11401,Shoalhaven,114,Southern Highlands and Shoalhaven,R2,Updated 6-Feb-2020
2104,2535,FAR MEADOW,NSW,150.678303,-34.762116,Delivery Area,Delivery Area,11401,Shoalhaven,114,Southern Highlands and Shoalhaven,R2,Updated 6-Feb-2020
2105,2535,JASPERS BRUSH,NSW,150.678303,-34.762116,Delivery Area,Delivery Area,11401,Shoalhaven,114,Southern Highlands and Shoalhaven,R2,Updated 6-Feb-2020
2106,2535,SHOALHAVEN HEADS,NSW,150.678303,-34.762116,Delivery Area,Delivery Area,11401,Shoalhaven,114,Southern Highlands and Shoalhaven,R2,Updated 6-Feb-2020
2107,2535,WATTAMOLLA,NSW,150.678303,-34.762116,Delivery Area,Delivery Area,11401,Shoalhaven,114,Southern Highlands and Shoalhaven,R2,Updated 6-Feb-2020
2108,2535,WOODHILL,NSW,150.678303,-34.762116,Delivery Area,Delivery Area,11401,Shoalhaven,114,Southern Highlands and Shoalhaven,R2,Updated 6-Feb-2020
2109,2536,BATEHAVEN,NSW,150.125945,-35.671272,Delivery Area,Delivery Area,11401,Shoalhaven,114,Southern Highlands and Shoalhaven,R3,Updated 6-Feb-2020
2110,2536,BATEMANS BAY,NSW,150.125945,-35.671272,Delivery Area,Delivery Area,11401,Shoalhaven,114,Southern Highlands and Shoalhaven,R3,Updated 6-Feb-2020
2111,2536,BENANDARAH,NSW,150.125945,-35.671272,Delivery Area,Delivery Area,11401,Shoalhaven,114,Southern Highlands and Shoalhaven,R3,Updated 6-Feb-2020
2112,2536,BIMBIMBIE,NSW,150.125945,-35.671272,Delivery Area,Delivery Area,11401,Shoalhaven,114,Southern Highlands and Shoalhaven,R3,Updated 6-Feb-2020
2113,2536,BUCKENBOWRA,NSW,150.125945,-35.671272,Delivery Area,Delivery Area,11401,Shoalhaven,114,Southern Highlands and Shoalhaven,R3,Updated 6-Feb-2020
2114,2536,CATALINA,NSW,150.125945,-35.671272,Delivery Area,Delivery Area,11401,Shoalhaven,114,Southern Highlands and Shoalhaven,R3,Updated 6-Feb-2020
2115,2536,CURROWAN,NSW,150.125945,-35.671272,Delivery Area,Delivery Area,11401,Shoalhaven,114,Southern Highlands and Shoalhaven,R3,Updated 6-Feb-2020
2116,2536,DENHAMS BEACH,NSW,150.125945,-35.671272,Delivery Area,Delivery Area,11401,Shoalhaven,114,Southern Highlands and Shoalhaven,R3,Updated 6-Feb-2020
20474,2536,DEPOT BEACH,NSW,150.3214736,-35.62629294,Delivery Area,Delivery Area,11401,Shoalhaven,114,Southern Highlands and Shoalhaven,R3,Updated 6-Feb-2020
2117,2536,DURRAS NORTH,NSW,150.125945,-35.671272,Delivery Area,Delivery Area,11401,Shoalhaven,114,Southern Highlands and Shoalhaven,R3,Updated 6-Feb-2020
2118,2536,EAST LYNNE,NSW,150.125945,-35.671272,Delivery Area,Delivery Area,11401,Shoalhaven,114,Southern Highlands and Shoalhaven,R3,Updated 6-Feb-2020
2119,2536,GUERILLA BAY,NSW,150.125945,-35.671272,Delivery Area,Delivery Area,11401,Shoalhaven,114,Southern Highlands and Shoalhaven,R3,Updated 6-Feb-2020
2120,2536,JEREMADRA,NSW,150.125945,-35.671272,Delivery Area,Delivery Area,11401,Shoalhaven,114,Southern Highlands and Shoalhaven,R3,Updated 6-Feb-2020
2121,2536,LILLI PILLI,NSW,150.125945,-35.671272,Delivery Area,Delivery Area,11401,Shoalhaven,114,Southern Highlands and Shoalhaven,R3,Updated 6-Feb-2020
2122,2536,LONG BEACH,NSW,150.125945,-35.671272,Delivery Area,Delivery Area,11401,Shoalhaven,114,Southern Highlands and Shoalhaven,R3,Updated 6-Feb-2020
2123,2536,MALONEYS BEACH,NSW,150.125945,-35.671272,Delivery Area,Delivery Area,11401,Shoalhaven,114,Southern Highlands and Shoalhaven,R3,Updated 6-Feb-2020
2124,2536,MALUA BAY,NSW,150.125945,-35.671272,Delivery Area,Delivery Area,11401,Shoalhaven,114,Southern Highlands and Shoalhaven,R3,Updated 6-Feb-2020
2125,2536,MERRICUMBENE,NSW,150.125945,-35.671272,,,11401,Shoalhaven,114,Southern Highlands and Shoalhaven,R3,Updated 6-Feb-2020
2126,2536,MOGO,NSW,150.125945,-35.671272,Delivery Area,Delivery Area,11401,Shoalhaven,114,Southern Highlands and Shoalhaven,R3,Updated 6-Feb-2020
2127,2536,MURRENGENBURG,NSW,150.125945,-35.671272,,,11401,Shoalhaven,114,Southern Highlands and Shoalhaven,R3,Updated 6-Feb-2020
2128,2536,NELLIGEN,NSW,150.125945,-35.671272,Delivery Area,Delivery Area,11401,Shoalhaven,114,Southern Highlands and Shoalhaven,R3,Updated 6-Feb-2020
2129,2536,NORTH BATEMANS BAY,NSW,150.125945,-35.671272,Delivery Area,Delivery Area,11401,Shoalhaven,114,Southern Highlands and Shoalhaven,R3,Updated 6-Feb-2020
20475,2536,PEBBLY BEACH,NSW,150.3328672,-35.59942886,Delivery Area,Delivery Area,11401,Shoalhaven,114,Southern Highlands and Shoalhaven,R3,Updated 6-Feb-2020
2130,2536,ROSEDALE,NSW,150.125945,-35.671272,Delivery Area,Delivery Area,11401,Shoalhaven,114,Southern Highlands and Shoalhaven,R3,Updated 6-Feb-2020
2131,2536,RUNNYFORD,NSW,150.125945,-35.671272,Delivery Area,Delivery Area,11401,Shoalhaven,114,Southern Highlands and Shoalhaven,R3,Updated 6-Feb-2020
2132,2536,SOUTH DURRAS,NSW,150.125945,-35.671272,Delivery Area,Delivery Area,11401,Shoalhaven,114,Southern Highlands and Shoalhaven,R3,Updated 6-Feb-2020
2133,2536,SUNSHINE BAY,NSW,150.125945,-35.671272,Delivery Area,Delivery Area,11401,Shoalhaven,114,Southern Highlands and Shoalhaven,R3,Updated 6-Feb-2020
2134,2536,SURF BEACH,NSW,150.125945,-35.671272,Delivery Area,Delivery Area,11401,Shoalhaven,114,Southern Highlands and Shoalhaven,R3,Updated 6-Feb-2020
2135,2536,SURFSIDE,NSW,150.125945,-35.671272,Delivery Area,Delivery Area,11401,Shoalhaven,114,Southern Highlands and Shoalhaven,R3,Updated 6-Feb-2020
2136,2536,WOODLANDS,NSW,150.125945,-35.671272,Delivery Area,Delivery Area,11401,Shoalhaven,114,Southern Highlands and Shoalhaven,R3,Updated 6-Feb-2020
2137,2537,BERGALIA,NSW,149.912199,-35.939649,Delivery Area,Delivery Area,10104,South Coast,101,Capital Region,R3,Updated 6-Feb-2020
2138,2537,BINGIE,NSW,149.912199,-35.939649,Delivery Area,Delivery Area,10104,South Coast,101,Capital Region,R3,Updated 6-Feb-2020
2139,2537,BROULEE,NSW,149.912199,-35.939649,Delivery Area,Delivery Area,10104,South Coast,101,Capital Region,R3,Updated 6-Feb-2020
2140,2537,COILA,NSW,149.912199,-35.939649,Delivery Area,Delivery Area,10104,South Coast,101,Capital Region,R3,Updated 6-Feb-2020
2141,2537,CONGO,NSW,149.912199,-35.939649,Delivery Area,Delivery Area,10104,South Coast,101,Capital Region,R3,Updated 6-Feb-2020
2142,2537,DEUA,NSW,149.912199,-35.939649,Delivery Area,Delivery Area,10104,South Coast,101,Capital Region,R3,Updated 6-Feb-2020
2143,2537,DEUA RIVER VALLEY,NSW,149.912199,-35.939649,Delivery Area,Delivery Area,10104,South Coast,101,Capital Region,R3,Updated 6-Feb-2020
2144,2537,KIORA,NSW,149.912199,-35.939649,Delivery Area,Delivery Area,10104,South Coast,101,Capital Region,R3,Updated 6-Feb-2020
2145,2537,MERINGO,NSW,149.912199,-35.939649,Delivery Area,Delivery Area,10104,South Coast,101,Capital Region,R3,Updated 6-Feb-2020
2146,2537,MOGENDOURA,NSW,149.912199,-35.939649,Delivery Area,Delivery Area,10104,South Coast,101,Capital Region,R3,Updated 6-Feb-2020
2147,2537,MORUYA,NSW,149.912199,-35.939649,Delivery Area,Delivery Area,10104,South Coast,101,Capital Region,R3,Updated 6-Feb-2020
2148,2537,MORUYA HEADS,NSW,149.912199,-35.939649,Delivery Area,Delivery Area,10104,South Coast,101,Capital Region,R3,Updated 6-Feb-2020
2149,2537,MOSSY POINT,NSW,149.912199,-35.939649,Delivery Area,Delivery Area,10104,South Coast,101,Capital Region,R3,Updated 6-Feb-2020
2150,2537,TOMAKIN,NSW,149.912199,-35.939649,Delivery Area,Delivery Area,10104,South Coast,101,Capital Region,R3,Updated 6-Feb-2020
2151,2537,TURLINJAH,NSW,149.912199,-35.939649,Delivery Area,Delivery Area,10104,South Coast,101,Capital Region,R3,Updated 6-Feb-2020
2152,2537,TUROSS HEAD,NSW,149.912199,-35.939649,Delivery Area,Delivery Area,10104,South Coast,101,Capital Region,R3,Updated 6-Feb-2020
2153,2537,WAMBAN,NSW,149.912199,-35.939649,Delivery Area,Delivery Area,10104,South Coast,101,Capital Region,R3,Updated 6-Feb-2020
2154,2538,BROOMAN,NSW,150.320507,-35.366161,Delivery Area,Delivery Area,11401,Shoalhaven,114,Southern Highlands and Shoalhaven,R3,Updated 6-Feb-2020
2155,2538,LITTLE FOREST,NSW,150.320507,-35.366161,Delivery Area,Delivery Area,11401,Shoalhaven,114,Southern Highlands and Shoalhaven,R3,Updated 6-Feb-2020
2156,2538,MILTON,NSW,150.320507,-35.366161,Delivery Area,Delivery Area,11401,Shoalhaven,114,Southern Highlands and Shoalhaven,R3,Updated 6-Feb-2020
20476,2538,MOGOOD,NSW,150.187849,-35.49851796,Delivery Area,Delivery Area,11401,Shoalhaven,114,Southern Highlands and Shoalhaven,R3,Updated 6-Feb-2020
2157,2538,MORTON,NSW,150.320507,-35.366161,Delivery Area,Delivery Area,11401,Shoalhaven,114,Southern Highlands and Shoalhaven,R3,Updated 6-Feb-2020
20477,2538,PORTERS CREEK,NSW,150.3399931,-35.26046775,Delivery Area,Delivery Area,11401,Shoalhaven,114,Southern Highlands and Shoalhaven,R3,Updated 6-Feb-2020
2158,2538,WOODBURN,NSW,150.320507,-35.366161,Delivery Area,Delivery Area,11401,Shoalhaven,114,Southern Highlands and Shoalhaven,R3,Updated 6-Feb-2020
2159,2538,WOODSTOCK,NSW,150.320507,-35.366161,Delivery Area,Delivery Area,11401,Shoalhaven,114,Southern Highlands and Shoalhaven,R3,Updated 6-Feb-2020
2160,2539,BAWLEY POINT,NSW,150.393202,-35.522387,Delivery Area,Delivery Area,11401,Shoalhaven,114,Southern Highlands and Shoalhaven,R3,Updated 6-Feb-2020
2161,2539,BENDALONG,NSW,150.393202,-35.522387,Delivery Area,Delivery Area,11401,Shoalhaven,114,Southern Highlands and Shoalhaven,R3,Updated 6-Feb-2020
2162,2539,BERRINGER LAKE,NSW,150.393202,-35.522387,,,11401,Shoalhaven,114,Southern Highlands and Shoalhaven,R3,Updated 6-Feb-2020
2163,2539,BURRILL LAKE,NSW,150.393202,-35.522387,Delivery Area,Delivery Area,11401,Shoalhaven,114,Southern Highlands and Shoalhaven,R3,Updated 6-Feb-2020
20478,2539,COCKWHY,NSW,150.3194887,-35.55355141,Delivery Area,Delivery Area,11401,Shoalhaven,114,Southern Highlands and Shoalhaven,R3,Updated 6-Feb-2020
2164,2539,CONJOLA,NSW,150.393202,-35.522387,Delivery Area,Delivery Area,11401,Shoalhaven,114,Southern Highlands and Shoalhaven,R3,Updated 6-Feb-2020
2165,2539,CONJOLA PARK,NSW,150.393202,-35.522387,Delivery Area,Delivery Area,11401,Shoalhaven,114,Southern Highlands and Shoalhaven,R3,Updated 6-Feb-2020
20479,2539,CROOBYAR,NSW,150.3945638,-35.31915229,Delivery Area,Delivery Area,11401,Shoalhaven,114,Southern Highlands and Shoalhaven,R3,Updated 6-Feb-2020
2166,2539,CUNJURONG POINT,NSW,150.393202,-35.522387,Delivery Area,Delivery Area,11401,Shoalhaven,114,Southern Highlands and Shoalhaven,R3,Updated 6-Feb-2020
2167,2539,DOLPHIN POINT,NSW,150.393202,-35.522387,Delivery Area,Delivery Area,11401,Shoalhaven,114,Southern Highlands and Shoalhaven,R3,Updated 6-Feb-2020
2168,2539,FISHERMANS PARADISE,NSW,150.393202,-35.522387,Delivery Area,Delivery Area,11401,Shoalhaven,114,Southern Highlands and Shoalhaven,R3,Updated 6-Feb-2020
2169,2539,KINGS POINT,NSW,150.393202,-35.522387,Delivery Area,Delivery Area,11401,Shoalhaven,114,Southern Highlands and Shoalhaven,R3,Updated 6-Feb-2020
2170,2539,KIOLOA,NSW,150.393202,-35.522387,Delivery Area,Delivery Area,11401,Shoalhaven,114,Southern Highlands and Shoalhaven,R3,Updated 6-Feb-2020
2171,2539,LAKE CONJOLA,NSW,150.393202,-35.522387,Delivery Area,Delivery Area,11401,Shoalhaven,114,Southern Highlands and Shoalhaven,R3,Updated 6-Feb-2020
2172,2539,LAKE TABOURIE,NSW,150.393202,-35.522387,Delivery Area,Delivery Area,11401,Shoalhaven,114,Southern Highlands and Shoalhaven,R3,Updated 6-Feb-2020
2173,2539,MANYANA,NSW,150.393202,-35.522387,Delivery Area,Delivery Area,11401,Shoalhaven,114,Southern Highlands and Shoalhaven,R3,Updated 6-Feb-2020
2174,2539,MOLLYMOOK,NSW,150.393202,-35.522387,Delivery Area,Delivery Area,11401,Shoalhaven,114,Southern Highlands and Shoalhaven,R3,Updated 6-Feb-2020
20480,2539,MOLLYMOOK BEACH,NSW,150.4700243,-35.32707647,Delivery Area,Delivery Area,11401,Shoalhaven,114,Southern Highlands and Shoalhaven,R3,Updated 6-Feb-2020
20481,2539,MOUNT KINGIMAN,NSW,150.341985,-35.33902831,Delivery Area,Delivery Area,11401,Shoalhaven,114,Southern Highlands and Shoalhaven,R3,Updated 6-Feb-2020
2175,2539,NARRAWALLEE,NSW,150.393202,-35.522387,Delivery Area,Delivery Area,11401,Shoalhaven,114,Southern Highlands and Shoalhaven,R3,Updated 6-Feb-2020
20482,2539,POINTER MOUNTAIN,NSW,150.3632777,-35.22989059,Delivery Area,Delivery Area,11401,Shoalhaven,114,Southern Highlands and Shoalhaven,R3,Updated 6-Feb-2020
20483,2539,PRETTY BEACH,NSW,150.3427842,-35.58379312,Delivery Area,Delivery Area,11401,Shoalhaven,114,Southern Highlands and Shoalhaven,R3,Updated 6-Feb-2020
2176,2539,TERMEIL,NSW,150.393202,-35.522387,Delivery Area,Delivery Area,11401,Shoalhaven,114,Southern Highlands and Shoalhaven,R3,Updated 6-Feb-2020
2177,2539,ULLADULLA,NSW,150.393202,-35.522387,Delivery Area,Delivery Area,11401,Shoalhaven,114,Southern Highlands and Shoalhaven,R3,Updated 6-Feb-2020
20484,2539,YADBORO,NSW,150.1765812,-35.36846014,Delivery Area,Delivery Area,11401,Shoalhaven,114,Southern Highlands and Shoalhaven,R3,Updated 6-Feb-2020
2178,2539,YATTE YATTAH,NSW,150.393202,-35.522387,,,11401,Shoalhaven,114,Southern Highlands and Shoalhaven,R3,Updated 6-Feb-2020
2179,2540,BAMARANG,NSW,150.61644,-34.863483,Delivery Area,Delivery Area,90103,Jervis Bay,901,Other Territories,R3,Updated 6-Feb-2020
2180,2540,BARRINGELLA,NSW,150.61644,-34.863483,Delivery Area,Delivery Area,90103,Jervis Bay,901,Other Territories,R3,Updated 6-Feb-2020
2181,2540,BASIN VIEW,NSW,150.61644,-34.863483,Delivery Area,Delivery Area,90103,Jervis Bay,901,Other Territories,R3,Updated 6-Feb-2020
20485,2540,BEECROFT PENINSULA,NSW,150.8084888,-35.05181937,Delivery Area,Delivery Area,90103,Jervis Bay,901,Other Territories,R3,Updated 6-Feb-2020
2182,2540,BERRARA,NSW,150.61644,-34.863483,Delivery Area,Delivery Area,90103,Jervis Bay,901,Other Territories,R3,Updated 6-Feb-2020
2183,2540,BEWONG,NSW,150.61644,-34.863483,Delivery Area,Delivery Area,90103,Jervis Bay,901,Other Territories,R3,Updated 6-Feb-2020
2184,2540,BOLONG,NSW,150.61644,-34.863483,Delivery Area,Delivery Area,90103,Jervis Bay,901,Other Territories,R3,Updated 6-Feb-2020
20486,2540,BOOLIJAH,NSW,150.3289641,-35.0575182,Delivery Area,Delivery Area,90103,Jervis Bay,901,Other Territories,R3,Updated 6-Feb-2020
20487,2540,BREAM BEACH,NSW,150.6615698,-35.10918801,Delivery Area,Delivery Area,90103,Jervis Bay,901,Other Territories,R3,Updated 6-Feb-2020
20488,2540,BROWNS MOUNTAIN,NSW,150.5311249,-34.79341354,Delivery Area,Delivery Area,90103,Jervis Bay,901,Other Territories,R3,Updated 6-Feb-2020
2185,2540,BRUNDEE,NSW,150.61644,-34.863483,Delivery Area,Delivery Area,90103,Jervis Bay,901,Other Territories,R3,Updated 6-Feb-2020
20489,2540,BUANGLA,NSW,150.3963621,-34.86717057,Delivery Area,Delivery Area,90103,Jervis Bay,901,Other Territories,R3,Updated 6-Feb-2020
2186,2540,BURRIER,NSW,150.61644,-34.863483,Delivery Area,Delivery Area,90103,Jervis Bay,901,Other Territories,R3,Updated 6-Feb-2020
2187,2540,CALLALA BAY,NSW,150.61644,-34.863483,Delivery Area,Delivery Area,90103,Jervis Bay,901,Other Territories,R3,Updated 6-Feb-2020
2188,2540,CALLALA BEACH,NSW,150.61644,-34.863483,Delivery Area,Delivery Area,90103,Jervis Bay,901,Other Territories,R3,Updated 6-Feb-2020
2189,2540,CAMBEWARRA,NSW,150.61644,-34.863483,Delivery Area,Delivery Area,90103,Jervis Bay,901,Other Territories,R3,Updated 6-Feb-2020
20490,2540,CAMBEWARRA VILLAGE,NSW,150.558862,-34.82255635,Delivery Area,Delivery Area,90103,Jervis Bay,901,Other Territories,R3,Updated 6-Feb-2020
20491,2540,COMBERTON,NSW,150.6485049,-34.96839514,Delivery Area,Delivery Area,90103,Jervis Bay,901,Other Territories,R3,Updated 6-Feb-2020
2190,2540,COMERONG ISLAND,NSW,150.61644,-34.863483,Delivery Area,Delivery Area,90103,Jervis Bay,901,Other Territories,R3,Updated 6-Feb-2020
2191,2540,CUDMIRRAH,NSW,150.61644,-34.863483,Delivery Area,Delivery Area,90103,Jervis Bay,901,Other Territories,R3,Updated 6-Feb-2020
2192,2540,CULBURRA BEACH,NSW,150.61644,-34.863483,Delivery Area,Delivery Area,90103,Jervis Bay,901,Other Territories,R3,Updated 6-Feb-2020
682,2540,CURRARONG,NSW,150.61644,-34.863483,Delivery Area,Delivery Area,90103,Jervis Bay,901,Other Territories,R3,Updated 6-Feb-2020
683,2540,EROWAL BAY,NSW,150.61644,-34.863483,Delivery Area,Delivery Area,90103,Jervis Bay,901,Other Territories,R3,Updated 6-Feb-2020
20492,2540,ETTREMA,NSW,150.29506,-34.89013158,Delivery Area,Delivery Area,90103,Jervis Bay,901,Other Territories,R3,Updated 6-Feb-2020
684,2540,FALLS CREEK,NSW,150.61644,-34.863483,Delivery Area,Delivery Area,90103,Jervis Bay,901,Other Territories,R3,Updated 6-Feb-2020
685,2540,GREENWELL POINT,NSW,150.61644,-34.863483,Delivery Area,Delivery Area,90103,Jervis Bay,901,Other Territories,R3,Updated 6-Feb-2020
686,2540,HMAS ALBATROSS,NSW,150.61644,-34.863483,Delivery Area,Delivery Area,90103,Jervis Bay,901,Other Territories,R3,Updated 6-Feb-2020
688,2540,HUSKISSON,NSW,150.61644,-34.863483,Delivery Area,Delivery Area,90103,Jervis Bay,901,Other Territories,R3,Updated 6-Feb-2020
689,2540,HYAMS BEACH,NSW,150.61644,-34.863483,Delivery Area,Delivery Area,90103,Jervis Bay,901,Other Territories,R3,Updated 6-Feb-2020
20493,2540,ILLAROO,NSW,150.4703105,-34.85899316,Delivery Area,Delivery Area,90103,Jervis Bay,901,Other Territories,R3,Updated 6-Feb-2020
690,2540,JERRAWANGALA,NSW,150.61644,-34.863483,Delivery Area,Delivery Area,90103,Jervis Bay,901,Other Territories,R3,Updated 6-Feb-2020
20494,2540,KINGHORNE,NSW,150.7700464,-34.97970955,Delivery Area,Delivery Area,90103,Jervis Bay,901,Other Territories,R3,Updated 6-Feb-2020
20495,2540,LONGREACH,NSW,150.5279461,-34.87074481,Delivery Area,Delivery Area,90103,Jervis Bay,901,Other Territories,R3,Updated 6-Feb-2020
20496,2540,MAYFIELD,NSW,150.668483,-34.91990655,Delivery Area,Delivery Area,90103,Jervis Bay,901,Other Territories,R3,Updated 6-Feb-2020
692,2540,MEROO MEADOW,NSW,150.61644,-34.863483,Delivery Area,Delivery Area,90103,Jervis Bay,901,Other Territories,R3,Updated 6-Feb-2020
20497,2540,MONDAYONG,NSW,150.5073061,-35.1792077,Delivery Area,Delivery Area,90103,Jervis Bay,901,Other Territories,R3,Updated 6-Feb-2020
20498,2540,MOOLLATTOO,NSW,150.3784308,-34.78701418,Delivery Area,Delivery Area,90103,Jervis Bay,901,Other Territories,R3,Updated 6-Feb-2020
693,2540,MUNDAMIA,NSW,150.61644,-34.863483,Delivery Area,Delivery Area,90103,Jervis Bay,901,Other Territories,R3,Updated 6-Feb-2020
694,2540,MYOLA,NSW,150.61644,-34.863483,Delivery Area,Delivery Area,90103,Jervis Bay,901,Other Territories,R3,Updated 6-Feb-2020
695,2540,NOWRA HILL,NSW,150.61644,-34.863483,Delivery Area,Delivery Area,90103,Jervis Bay,901,Other Territories,R3,Updated 6-Feb-2020
696,2540,NOWRA NAVAL PO,NSW,150.61644,-34.863483,,,90103,Jervis Bay,901,Other Territories,R3,Updated 6-Feb-2020
697,2540,NUMBAA,NSW,150.61644,-34.863483,Delivery Area,Delivery Area,90103,Jervis Bay,901,Other Territories,R3,Updated 6-Feb-2020
698,2540,OLD EROWAL BAY,NSW,150.61644,-34.863483,Delivery Area,Delivery Area,90103,Jervis Bay,901,Other Territories,R3,Updated 6-Feb-2020
699,2540,ORIENT POINT,NSW,150.61644,-34.863483,Delivery Area,Delivery Area,90103,Jervis Bay,901,Other Territories,R3,Updated 6-Feb-2020
700,2540,PARMA,NSW,150.61644,-34.863483,Delivery Area,Delivery Area,90103,Jervis Bay,901,Other Territories,R3,Updated 6-Feb-2020
701,2540,PYREE,NSW,150.61644,-34.863483,Delivery Area,Delivery Area,90103,Jervis Bay,901,Other Territories,R3,Updated 6-Feb-2020
702,2540,SANCTUARY POINT,NSW,150.61644,-34.863483,Delivery Area,Delivery Area,90103,Jervis Bay,901,Other Territories,R3,Updated 6-Feb-2020
703,2540,ST GEORGES BASIN,NSW,150.61644,-34.863483,Delivery Area,Delivery Area,90103,Jervis Bay,901,Other Territories,R3,Updated 6-Feb-2020
704,2540,SUSSEX INLET,NSW,150.61644,-34.863483,Delivery Area,Delivery Area,90103,Jervis Bay,901,Other Territories,R3,Updated 6-Feb-2020
705,2540,SWANHAVEN,NSW,150.61644,-34.863483,Delivery Area,Delivery Area,90103,Jervis Bay,901,Other Territories,R3,Updated 6-Feb-2020
20499,2540,TALLOWAL,NSW,150.2276536,-34.84196601,Delivery Area,Delivery Area,90103,Jervis Bay,901,Other Territories,R3,Updated 6-Feb-2020
706,2540,TAPITALLEE,NSW,150.61644,-34.863483,Delivery Area,Delivery Area,90103,Jervis Bay,901,Other Territories,R3,Updated 6-Feb-2020
707,2540,TERARA,NSW,150.61644,-34.863483,Delivery Area,Delivery Area,90103,Jervis Bay,901,Other Territories,R3,Updated 6-Feb-2020
708,2540,TOMERONG,NSW,150.61644,-34.863483,Delivery Area,Delivery Area,90103,Jervis Bay,901,Other Territories,R3,Updated 6-Feb-2020
20500,2540,TULLARWALLA,NSW,150.5053351,-35.11072266,Delivery Area,Delivery Area,90103,Jervis Bay,901,Other Territories,R3,Updated 6-Feb-2020
20501,2540,TWELVE MILE PEG,NSW,150.3974504,-35.15354262,Delivery Area,Delivery Area,90103,Jervis Bay,901,Other Territories,R3,Updated 6-Feb-2020
709,2540,VINCENTIA,NSW,150.61644,-34.863483,Delivery Area,Delivery Area,90103,Jervis Bay,901,Other Territories,R3,Updated 6-Feb-2020
710,2540,WANDANDIAN,NSW,150.61644,-34.863483,Delivery Area,Delivery Area,90103,Jervis Bay,901,Other Territories,R3,Updated 6-Feb-2020
20502,2540,WATERSLEIGH,NSW,150.5189336,-34.85533633,Delivery Area,Delivery Area,90103,Jervis Bay,901,Other Territories,R3,Updated 6-Feb-2020
20503,2540,WOLLUMBOOLA,NSW,150.7274786,-34.95901479,Delivery Area,Delivery Area,90103,Jervis Bay,901,Other Territories,R3,Updated 6-Feb-2020
711,2540,WOOLLAMIA,NSW,150.61644,-34.863483,Delivery Area,Delivery Area,90103,Jervis Bay,901,Other Territories,R3,Updated 6-Feb-2020
712,2540,WORRIGEE,NSW,150.61644,-34.863483,Delivery Area,Delivery Area,90103,Jervis Bay,901,Other Territories,R3,Updated 6-Feb-2020
713,2540,WORROWING HEIGHTS,NSW,150.61644,-34.863483,Delivery Area,Delivery Area,90103,Jervis Bay,901,Other Territories,R3,Updated 6-Feb-2020
714,2540,WRIGHTS BEACH,NSW,150.61644,-34.863483,Delivery Area,Delivery Area,90103,Jervis Bay,901,Other Territories,R3,Updated 6-Feb-2020
715,2540,YALWAL,NSW,150.61644,-34.863483,Delivery Area,Delivery Area,90103,Jervis Bay,901,Other Territories,R3,Updated 6-Feb-2020
716,2540,YERRIYONG,NSW,150.61644,-34.863483,Delivery Area,Delivery Area,90103,Jervis Bay,901,Other Territories,R3,Updated 6-Feb-2020
717,2541,BANGALEE,NSW,150.450994,-34.990592,Delivery Area,Delivery Area,11401,Shoalhaven,114,Southern Highlands and Shoalhaven,R3,Updated 6-Feb-2020
718,2541,BOMADERRY,NSW,150.450994,-34.990592,Delivery Area,Delivery Area,11401,Shoalhaven,114,Southern Highlands and Shoalhaven,R3,Updated 6-Feb-2020
20504,2541,NORTH NOWRA,NSW,150.5744743,-34.8580134,Delivery Area,Delivery Area,11401,Shoalhaven,114,Southern Highlands and Shoalhaven,R3,Updated 6-Feb-2020
719,2541,NOWRA,NSW,150.450994,-34.990592,Delivery Area,Delivery Area,11401,Shoalhaven,114,Southern Highlands and Shoalhaven,R3,Updated 6-Feb-2020
720,2541,NOWRA DC,NSW,150.450994,-34.990592,,,11401,Shoalhaven,114,Southern Highlands and Shoalhaven,R3,Updated 6-Feb-2020
721,2541,NOWRA EAST,NSW,150.450994,-34.990592,Delivery Area,Delivery Area,11401,Shoalhaven,114,Southern Highlands and Shoalhaven,R3,Updated 6-Feb-2020
722,2541,NOWRA NORTH,NSW,150.450994,-34.990592,Delivery Area,Delivery Area,11401,Shoalhaven,114,Southern Highlands and Shoalhaven,R3,Updated 6-Feb-2020
20505,2541,SOUTH NOWRA,NSW,150.5966345,-34.90561311,Delivery Area,Delivery Area,11401,Shoalhaven,114,Southern Highlands and Shoalhaven,R3,Updated 6-Feb-2020
723,2541,WEST NOWRA,NSW,150.450994,-34.990592,Delivery Area,Delivery Area,11401,Shoalhaven,114,Southern Highlands and Shoalhaven,R3,Updated 6-Feb-2020
724,2545,BELOWRA,NSW,149.792292,-36.127663,Delivery Area,Delivery Area,10104,South Coast,101,Capital Region,R3,Updated 6-Feb-2020
725,2545,BODALLA,NSW,149.792292,-36.127663,Delivery Area,Delivery Area,10104,South Coast,101,Capital Region,R3,Updated 6-Feb-2020
726,2545,CADGEE,NSW,149.792292,-36.127663,Delivery Area,Delivery Area,10104,South Coast,101,Capital Region,R3,Updated 6-Feb-2020
727,2545,EUROBODALLA,NSW,149.792292,-36.127663,Delivery Area,Delivery Area,10104,South Coast,101,Capital Region,R3,Updated 6-Feb-2020
728,2545,NERRIGUNDAH,NSW,149.792292,-36.127663,Delivery Area,Delivery Area,10104,South Coast,101,Capital Region,R3,Updated 6-Feb-2020
729,2545,POTATO POINT,NSW,149.792292,-36.127663,Delivery Area,Delivery Area,10104,South Coast,101,Capital Region,R3,Updated 6-Feb-2020
730,2545,STONY CREEK,NSW,149.792292,-36.127663,,,10104,South Coast,101,Capital Region,R3,Updated 6-Feb-2020
731,2546,AKOLELE,NSW,150.225372,-36.25486,Delivery Area,Delivery Area,10104,South Coast,101,Capital Region,R3,Updated 6-Feb-2020
732,2546,BARRAGGA BAY,NSW,150.225372,-36.25486,Delivery Area,Delivery Area,10104,South Coast,101,Capital Region,R3,Updated 6-Feb-2020
733,2546,BEAUTY POINT,NSW,150.225372,-36.25486,,,10104,South Coast,101,Capital Region,R3,Updated 6-Feb-2020
734,2546,BERMAGUI,NSW,150.225372,-36.25486,Delivery Area,Delivery Area,10104,South Coast,101,Capital Region,R3,Updated 6-Feb-2020
735,2546,BERMAGUI SOUTH,NSW,150.225372,-36.25486,,,10104,South Coast,101,Capital Region,R3,Updated 6-Feb-2020
736,2546,CENTRAL TILBA,NSW,150.225372,-36.25486,Delivery Area,Delivery Area,10104,South Coast,101,Capital Region,R3,Updated 6-Feb-2020
737,2546,CORUNNA,NSW,150.225372,-36.25486,Delivery Area,Delivery Area,10104,South Coast,101,Capital Region,R3,Updated 6-Feb-2020
738,2546,CUTTAGEE,NSW,150.225372,-36.25486,Delivery Area,Delivery Area,10104,South Coast,101,Capital Region,R3,Updated 6-Feb-2020
739,2546,DALMENY,NSW,150.225372,-36.25486,Delivery Area,Delivery Area,10104,South Coast,101,Capital Region,R3,Updated 6-Feb-2020
740,2546,DIGNAMS CREEK,NSW,150.225372,-36.25486,Delivery Area,Delivery Area,10104,South Coast,101,Capital Region,R3,Updated 6-Feb-2020
741,2546,GREENDALE,NSW,150.225372,-36.25486,,,10104,South Coast,101,Capital Region,R3,Updated 6-Feb-2020
742,2546,KIANGA,NSW,150.225372,-36.25486,Delivery Area,Delivery Area,10104,South Coast,101,Capital Region,R3,Updated 6-Feb-2020
20506,2546,MURRAH,NSW,149.9838515,-36.51975867,Delivery Area,Delivery Area,10104,South Coast,101,Capital Region,R3,Updated 6-Feb-2020
743,2546,MYSTERY BAY,NSW,150.225372,-36.25486,Delivery Area,Delivery Area,10104,South Coast,101,Capital Region,R3,Updated 6-Feb-2020
744,2546,NAROOMA,NSW,150.225372,-36.25486,Delivery Area,Delivery Area,10104,South Coast,101,Capital Region,R3,Updated 6-Feb-2020
745,2546,NORTH NAROOMA,NSW,150.225372,-36.25486,Delivery Area,Delivery Area,10104,South Coast,101,Capital Region,R3,Updated 6-Feb-2020
746,2546,TILBA TILBA,NSW,150.225372,-36.25486,Delivery Area,Delivery Area,10104,South Coast,101,Capital Region,R3,Updated 6-Feb-2020
747,2546,TINPOT,NSW,150.225372,-36.25486,Delivery Area,Delivery Area,10104,South Coast,101,Capital Region,R3,Updated 6-Feb-2020
748,2546,WADBILLIGA,NSW,150.225372,-36.25486,Delivery Area,Delivery Area,10104,South Coast,101,Capital Region,R3,Updated 6-Feb-2020
749,2546,WALLAGA LAKE,NSW,150.225372,-36.25486,Delivery Area,Delivery Area,10104,South Coast,101,Capital Region,R3,Updated 6-Feb-2020
750,2546,WALLAGA LAKE HEIGHTS,NSW,150.225372,-36.25486,,,10104,South Coast,101,Capital Region,R3,Updated 6-Feb-2020
751,2548,BERRAMBOOL,NSW,149.894825,-36.860723,Delivery Area,Delivery Area,10104,South Coast,101,Capital Region,R3,Updated 6-Feb-2020
20507,2548,BOURNDA,NSW,149.8894112,-36.82464662,Delivery Area,Delivery Area,10104,South Coast,101,Capital Region,R3,Updated 6-Feb-2020
752,2548,MERIMBULA,NSW,149.894825,-36.860723,Delivery Area,Delivery Area,10104,South Coast,101,Capital Region,R3,Updated 6-Feb-2020
20508,2548,MIRADOR,NSW,149.9201752,-36.87902528,Delivery Area,Delivery Area,10104,South Coast,101,Capital Region,R3,Updated 6-Feb-2020
753,2548,TURA BEACH,NSW,149.894825,-36.860723,Delivery Area,Delivery Area,10104,South Coast,101,Capital Region,R3,Updated 6-Feb-2020
754,2548,YELLOW PINCH,NSW,149.894825,-36.860723,Delivery Area,Delivery Area,10104,South Coast,101,Capital Region,R3,Updated 6-Feb-2020
755,2549,BALD HILLS,NSW,149.851694,-36.953196,Delivery Area,Delivery Area,10104,South Coast,101,Capital Region,R3,Updated 6-Feb-2020
756,2549,BROADWATER,NSW,149.851694,-36.953196,Delivery Area,Delivery Area,10104,South Coast,101,Capital Region,R3,Updated 6-Feb-2020
757,2549,GREIGS FLAT,NSW,149.851694,-36.953196,Delivery Area,Delivery Area,10104,South Coast,101,Capital Region,R3,Updated 6-Feb-2020
758,2549,LOCHIEL,NSW,149.851694,-36.953196,Delivery Area,Delivery Area,10104,South Coast,101,Capital Region,R3,Updated 6-Feb-2020
759,2549,MILLINGANDI,NSW,149.851694,-36.953196,Delivery Area,Delivery Area,10104,South Coast,101,Capital Region,R3,Updated 6-Feb-2020
760,2549,NETHERCOTE,NSW,149.851694,-36.953196,Delivery Area,Delivery Area,10104,South Coast,101,Capital Region,R3,Updated 6-Feb-2020
761,2549,PAMBULA,NSW,149.851694,-36.953196,Delivery Area,Delivery Area,10104,South Coast,101,Capital Region,R3,Updated 6-Feb-2020
762,2549,PAMBULA BEACH,NSW,149.851694,-36.953196,Delivery Area,Delivery Area,10104,South Coast,101,Capital Region,R3,Updated 6-Feb-2020
763,2549,SOUTH PAMBULA,NSW,149.851694,-36.953196,Delivery Area,Delivery Area,10104,South Coast,101,Capital Region,R3,Updated 6-Feb-2020
764,2550,ANGLEDALE,NSW,149.699222,-36.737758,Delivery Area,Delivery Area,10104,South Coast,101,Capital Region,R3,Updated 6-Feb-2020
765,2550,BEGA,NSW,149.699222,-36.737758,Delivery Area,Delivery Area,10104,South Coast,101,Capital Region,R3,Updated 6-Feb-2020
766,2550,BEMBOKA,NSW,149.699222,-36.737758,Delivery Area,Delivery Area,10104,South Coast,101,Capital Region,R3,Updated 6-Feb-2020
767,2550,BLACK RANGE,NSW,149.699222,-36.737758,Delivery Area,Delivery Area,10104,South Coast,101,Capital Region,R3,Updated 6-Feb-2020
768,2550,BOURNDA,NSW,149.699222,-36.737758,Delivery Area,Delivery Area,10104,South Coast,101,Capital Region,R3,Updated 6-Feb-2020
769,2550,BROGO,NSW,149.699222,-36.737758,Delivery Area,Delivery Area,10104,South Coast,101,Capital Region,R3,Updated 6-Feb-2020
770,2550,BUCKAJO,NSW,149.699222,-36.737758,Delivery Area,Delivery Area,10104,South Coast,101,Capital Region,R3,Updated 6-Feb-2020
771,2550,BUNGA,NSW,149.699222,-36.737758,Delivery Area,Delivery Area,10104,South Coast,101,Capital Region,R3,Updated 6-Feb-2020
772,2550,BURRAGATE,NSW,149.699222,-36.737758,Delivery Area,Delivery Area,10104,South Coast,101,Capital Region,R3,Updated 6-Feb-2020
773,2550,CANDELO,NSW,149.699222,-36.737758,Delivery Area,Delivery Area,10104,South Coast,101,Capital Region,R3,Updated 6-Feb-2020
774,2550,CHINNOCK,NSW,149.699222,-36.737758,Delivery Area,Delivery Area,10104,South Coast,101,Capital Region,R3,Updated 6-Feb-2020
775,2550,COBARGO,NSW,149.699222,-36.737758,Delivery Area,Delivery Area,10104,South Coast,101,Capital Region,R3,Updated 6-Feb-2020
776,2550,COOLAGOLITE,NSW,149.699222,-36.737758,Delivery Area,Delivery Area,10104,South Coast,101,Capital Region,R3,Updated 6-Feb-2020
777,2550,COOLANGUBRA,NSW,149.699222,-36.737758,Delivery Area,Delivery Area,10104,South Coast,101,Capital Region,R3,Updated 6-Feb-2020
778,2550,COOPERS GULLY,NSW,149.699222,-36.737758,Delivery Area,Delivery Area,10104,South Coast,101,Capital Region,R3,Updated 6-Feb-2020
779,2550,DEVILS HOLE,NSW,149.699222,-36.737758,Delivery Area,Delivery Area,10104,South Coast,101,Capital Region,R3,Updated 6-Feb-2020
780,2550,DOCTOR GEORGE MOUNTAIN,NSW,149.699222,-36.737758,Delivery Area,Delivery Area,10104,South Coast,101,Capital Region,R3,Updated 6-Feb-2020
781,2550,FROGS HOLLOW,NSW,149.699222,-36.737758,Delivery Area,Delivery Area,10104,South Coast,101,Capital Region,R3,Updated 6-Feb-2020
20509,2550,GREENDALE,NSW,149.8614937,-36.58454146,Delivery Area,Delivery Area,10104,South Coast,101,Capital Region,R3,Updated 6-Feb-2020
782,2550,JELLAT JELLAT,NSW,149.699222,-36.737758,Delivery Area,Delivery Area,10104,South Coast,101,Capital Region,R3,Updated 6-Feb-2020
783,2550,KALARU,NSW,149.699222,-36.737758,Delivery Area,Delivery Area,10104,South Coast,101,Capital Region,R3,Updated 6-Feb-2020
784,2550,KAMERUKA,NSW,149.699222,-36.737758,Delivery Area,Delivery Area,10104,South Coast,101,Capital Region,R3,Updated 6-Feb-2020
785,2550,KANOONA,NSW,149.699222,-36.737758,Delivery Area,Delivery Area,10104,South Coast,101,Capital Region,R3,Updated 6-Feb-2020
786,2550,KINGSWOOD,NSW,149.699222,-36.737758,Delivery Area,Delivery Area,10104,South Coast,101,Capital Region,R3,Updated 6-Feb-2020
787,2550,MOGAREEKA,NSW,149.699222,-36.737758,Delivery Area,Delivery Area,10104,South Coast,101,Capital Region,R3,Updated 6-Feb-2020
788,2550,MOGILLA,NSW,149.699222,-36.737758,Delivery Area,Delivery Area,10104,South Coast,101,Capital Region,R3,Updated 6-Feb-2020
789,2550,MORANS CROSSING,NSW,149.699222,-36.737758,Delivery Area,Delivery Area,10104,South Coast,101,Capital Region,R3,Updated 6-Feb-2020
790,2550,MUMBULLA MOUNTAIN,NSW,149.699222,-36.737758,Delivery Area,Delivery Area,10104,South Coast,101,Capital Region,R3,Updated 6-Feb-2020
791,2550,MURRAH,NSW,149.699222,-36.737758,Delivery Area,Delivery Area,10104,South Coast,101,Capital Region,R3,Updated 6-Feb-2020
792,2550,MYRTLE MOUNTAIN,NSW,149.699222,-36.737758,Delivery Area,Delivery Area,10104,South Coast,101,Capital Region,R3,Updated 6-Feb-2020
793,2550,NELSON,NSW,149.699222,-36.737758,Delivery Area,Delivery Area,10104,South Coast,101,Capital Region,R3,Updated 6-Feb-2020
794,2550,NEW BUILDINGS,NSW,149.699222,-36.737758,Delivery Area,Delivery Area,10104,South Coast,101,Capital Region,R3,Updated 6-Feb-2020
795,2550,NUMBUGGA,NSW,149.699222,-36.737758,Delivery Area,Delivery Area,10104,South Coast,101,Capital Region,R3,Updated 6-Feb-2020
796,2550,PERICOE,NSW,149.699222,-36.737758,Delivery Area,Delivery Area,10104,South Coast,101,Capital Region,R3,Updated 6-Feb-2020
797,2550,QUAAMA,NSW,149.699222,-36.737758,Delivery Area,Delivery Area,10104,South Coast,101,Capital Region,R3,Updated 6-Feb-2020
798,2550,REEDY SWAMP,NSW,149.699222,-36.737758,Delivery Area,Delivery Area,10104,South Coast,101,Capital Region,R3,Updated 6-Feb-2020
1226,2550,ROCKY HALL,NSW,149.699222,-36.737758,Delivery Area,Delivery Area,10104,South Coast,101,Capital Region,R3,Updated 6-Feb-2020
1227,2550,SOUTH WOLUMLA,NSW,149.699222,-36.737758,Delivery Area,Delivery Area,10104,South Coast,101,Capital Region,R3,Updated 6-Feb-2020
20510,2550,STONY CREEK,NSW,149.8019808,-36.62033441,Delivery Area,Delivery Area,10104,South Coast,101,Capital Region,R3,Updated 6-Feb-2020
1228,2550,TANJA,NSW,149.699222,-36.737758,Delivery Area,Delivery Area,10104,South Coast,101,Capital Region,R3,Updated 6-Feb-2020
1229,2550,TANTAWANGALO,NSW,149.699222,-36.737758,Delivery Area,Delivery Area,10104,South Coast,101,Capital Region,R3,Updated 6-Feb-2020
1230,2550,TARRAGANDA,NSW,149.699222,-36.737758,Delivery Area,Delivery Area,10104,South Coast,101,Capital Region,R3,Updated 6-Feb-2020
1231,2550,TATHRA,NSW,149.699222,-36.737758,Delivery Area,Delivery Area,10104,South Coast,101,Capital Region,R3,Updated 6-Feb-2020
1232,2550,TOOTHDALE,NSW,149.699222,-36.737758,Delivery Area,Delivery Area,10104,South Coast,101,Capital Region,R3,Updated 6-Feb-2020
1233,2550,TOWAMBA,NSW,149.699222,-36.737758,Delivery Area,Delivery Area,10104,South Coast,101,Capital Region,R3,Updated 6-Feb-2020
1234,2550,VERONA,NSW,149.699222,-36.737758,Delivery Area,Delivery Area,10104,South Coast,101,Capital Region,R3,Updated 6-Feb-2020
1235,2550,WALLAGOOT,NSW,149.699222,-36.737758,Delivery Area,Delivery Area,10104,South Coast,101,Capital Region,R3,Updated 6-Feb-2020
1236,2550,WANDELLA,NSW,149.699222,-36.737758,Delivery Area,Delivery Area,10104,South Coast,101,Capital Region,R3,Updated 6-Feb-2020
1237,2550,WAPENGO,NSW,149.699222,-36.737758,Delivery Area,Delivery Area,10104,South Coast,101,Capital Region,R3,Updated 6-Feb-2020
20511,2550,WOG WOG,NSW,149.4516547,-37.0890854,Delivery Area,Delivery Area,10104,South Coast,101,Capital Region,R3,Updated 6-Feb-2020
1238,2550,WOLUMLA,NSW,149.699222,-36.737758,Delivery Area,Delivery Area,10104,South Coast,101,Capital Region,R3,Updated 6-Feb-2020
1239,2550,WYNDHAM,NSW,149.699222,-36.737758,,,10104,South Coast,101,Capital Region,R3,Updated 6-Feb-2020
1240,2550,YAMBULLA,NSW,149.699222,-36.737758,Delivery Area,Delivery Area,10104,South Coast,101,Capital Region,R3,Updated 6-Feb-2020
1241,2550,YANKEES CREEK,NSW,149.699222,-36.737758,Delivery Area,Delivery Area,10104,South Coast,101,Capital Region,R3,Updated 6-Feb-2020
1242,2550,YOWRIE,NSW,149.699222,-36.737758,Delivery Area,Delivery Area,10104,South Coast,101,Capital Region,R3,Updated 6-Feb-2020
1243,2551,BOYDTOWN,NSW,149.792364,-37.267687,Delivery Area,Delivery Area,10104,South Coast,101,Capital Region,R3,Updated 6-Feb-2020
1244,2551,EDEN,NSW,149.792364,-37.267687,Delivery Area,Delivery Area,10104,South Coast,101,Capital Region,R3,Updated 6-Feb-2020
1245,2551,EDROM,NSW,149.792364,-37.267687,Delivery Area,Delivery Area,10104,South Coast,101,Capital Region,R3,Updated 6-Feb-2020
1246,2551,GREEN CAPE,NSW,149.792364,-37.267687,Delivery Area,Delivery Area,10104,South Coast,101,Capital Region,R3,Updated 6-Feb-2020
1247,2551,KIAH,NSW,149.792364,-37.267687,Delivery Area,Delivery Area,10104,South Coast,101,Capital Region,R3,Updated 6-Feb-2020
20512,2551,NADGEE,NSW,149.8601125,-37.36617581,Delivery Area,Delivery Area,10104,South Coast,101,Capital Region,R3,Updated 6-Feb-2020
1248,2551,NARRABARBA,NSW,149.792364,-37.267687,Delivery Area,Delivery Area,10104,South Coast,101,Capital Region,R3,Updated 6-Feb-2020
1249,2551,NULLICA,NSW,149.792364,-37.267687,Delivery Area,Delivery Area,10104,South Coast,101,Capital Region,R3,Updated 6-Feb-2020
20513,2551,NUNGATTA,NSW,149.4188142,-37.20428861,Delivery Area,Delivery Area,10104,South Coast,101,Capital Region,R3,Updated 6-Feb-2020
20514,2551,NUNGATTA SOUTH,NSW,149.4540223,-37.2802828,Delivery Area,Delivery Area,10104,South Coast,101,Capital Region,R3,Updated 6-Feb-2020
1250,2551,TIMBILLICA,NSW,149.792364,-37.267687,Delivery Area,Delivery Area,10104,South Coast,101,Capital Region,R3,Updated 6-Feb-2020
1251,2551,WONBOYN,NSW,149.792364,-37.267687,Delivery Area,Delivery Area,10104,South Coast,101,Capital Region,R3,Updated 6-Feb-2020
1252,2551,WONBOYN LAKE,NSW,149.792364,-37.267687,Delivery Area,Delivery Area,10104,South Coast,101,Capital Region,R3,Updated 6-Feb-2020
1253,2551,WONBOYN NORTH,NSW,149.792364,-37.267687,Delivery Area,Delivery Area,10104,South Coast,101,Capital Region,R3,Updated 6-Feb-2020
1254,2555,BADGERYS CREEK,NSW,150.741351,-33.883376,Delivery Area,Delivery Area,12701,Bringelly - Green Valley,127,Sydney - South West,R1,Updated 6-Feb-2020
1255,2556,BRINGELLY,NSW,150.725207,-33.945707,Delivery Area,Delivery Area,12701,Bringelly - Green Valley,127,Sydney - South West,R1,Updated 6-Feb-2020
1256,2557,CATHERINE FIELD,NSW,150.774858,-33.993545,Delivery Area,Delivery Area,12701,Bringelly - Green Valley,127,Sydney - South West,R1,Updated 6-Feb-2020
20515,2557,GLEDSWOOD HILLS,NSW,150.7811469,-34.01209133,Delivery Area,Delivery Area,12701,Bringelly - Green Valley,127,Sydney - South West,R1,Updated 6-Feb-2020
17678,2557,GREGORY HILLS,NSW,150.774858,-33.993545,,,12701,Bringelly - Green Valley,127,Sydney - South West,R1,Updated 6-Feb-2020
1257,2557,ROSSMORE,NSW,150.774858,-33.993545,Delivery Area,Delivery Area,12701,Bringelly - Green Valley,127,Sydney - South West,R1,Updated 6-Feb-2020
1258,2558,EAGLE VALE,NSW,150.799483,-34.031602,Delivery Area,Delivery Area,12302,Campbelltown (NSW),123,Sydney - Outer South West,R1,Updated 6-Feb-2020
1259,2558,ESCHOL PARK,NSW,150.799483,-34.031602,Delivery Area,Delivery Area,12302,Campbelltown (NSW),123,Sydney - Outer South West,R1,Updated 6-Feb-2020
1260,2558,KEARNS,NSW,150.799483,-34.031602,Delivery Area,Delivery Area,12302,Campbelltown (NSW),123,Sydney - Outer South West,R1,Updated 6-Feb-2020
1261,2559,BLAIRMOUNT,NSW,150.793614,-34.051274,Delivery Area,Delivery Area,12302,Campbelltown (NSW),123,Sydney - Outer South West,R1,Updated 6-Feb-2020
1262,2559,CLAYMORE,NSW,150.793614,-34.051274,Delivery Area,Delivery Area,12302,Campbelltown (NSW),123,Sydney - Outer South West,R1,Updated 6-Feb-2020
1263,2560,AIRDS,NSW,150.768408,-34.194216,Delivery Area,Delivery Area,12303,Wollondilly,123,Sydney - Outer South West,R1,Updated 6-Feb-2020
1264,2560,AMBARVALE,NSW,150.768408,-34.194216,Delivery Area,Delivery Area,12303,Wollondilly,123,Sydney - Outer South West,R1,Updated 6-Feb-2020
1265,2560,APPIN,NSW,150.768408,-34.194216,Delivery Area,Delivery Area,12303,Wollondilly,123,Sydney - Outer South West,R1,Updated 6-Feb-2020
1266,2560,BLAIR ATHOL,NSW,150.768408,-34.194216,Delivery Area,Delivery Area,12303,Wollondilly,123,Sydney - Outer South West,R1,Updated 6-Feb-2020
1267,2560,BRADBURY,NSW,150.768408,-34.194216,Delivery Area,Delivery Area,12303,Wollondilly,123,Sydney - Outer South West,R1,Updated 6-Feb-2020
1268,2560,CAMPBELLTOWN,NSW,150.768408,-34.194216,Delivery Area,Delivery Area,12303,Wollondilly,123,Sydney - Outer South West,R1,Updated 6-Feb-2020
1269,2560,CAMPBELLTOWN NORTH,NSW,150.768408,-34.194216,Delivery Area,Delivery Area,12303,Wollondilly,123,Sydney - Outer South West,R1,Updated 6-Feb-2020
20516,2560,CATARACT,NSW,150.8248095,-34.29377285,Delivery Area,Delivery Area,12303,Wollondilly,123,Sydney - Outer South West,R1,Updated 6-Feb-2020
1270,2560,ENGLORIE PARK,NSW,150.768408,-34.194216,Delivery Area,Delivery Area,12303,Wollondilly,123,Sydney - Outer South West,R1,Updated 6-Feb-2020
1271,2560,GILEAD,NSW,150.768408,-34.194216,Delivery Area,Delivery Area,12303,Wollondilly,123,Sydney - Outer South West,R1,Updated 6-Feb-2020
1272,2560,GLEN ALPINE,NSW,150.768408,-34.194216,Delivery Area,Delivery Area,12303,Wollondilly,123,Sydney - Outer South West,R1,Updated 6-Feb-2020
1273,2560,KENTLYN,NSW,150.768408,-34.194216,Delivery Area,Delivery Area,12303,Wollondilly,123,Sydney - Outer South West,R1,Updated 6-Feb-2020
1274,2560,LEUMEAH,NSW,150.768408,-34.194216,Delivery Area,Delivery Area,12303,Wollondilly,123,Sydney - Outer South West,R1,Updated 6-Feb-2020
1275,2560,MACARTHUR SQUARE,NSW,150.768408,-34.194216,Delivery Area,Delivery Area,12303,Wollondilly,123,Sydney - Outer South West,R1,Updated 6-Feb-2020
1276,2560,ROSEMEADOW,NSW,150.768408,-34.194216,Delivery Area,Delivery Area,12303,Wollondilly,123,Sydney - Outer South West,R1,Updated 6-Feb-2020
1277,2560,RUSE,NSW,150.768408,-34.194216,Delivery Area,Delivery Area,12303,Wollondilly,123,Sydney - Outer South West,R1,Updated 6-Feb-2020
1278,2560,ST HELENS PARK,NSW,150.768408,-34.194216,Delivery Area,Delivery Area,12303,Wollondilly,123,Sydney - Outer South West,R1,Updated 6-Feb-2020
1279,2560,WEDDERBURN,NSW,150.768408,-34.194216,Delivery Area,Delivery Area,12303,Wollondilly,123,Sydney - Outer South West,R1,Updated 6-Feb-2020
1280,2560,WOODBINE,NSW,150.768408,-34.194216,Delivery Area,Delivery Area,12303,Wollondilly,123,Sydney - Outer South West,R1,Updated 6-Feb-2020
1281,2563,MENANGLE PARK,NSW,150.749847,-34.102735,Delivery Area,Delivery Area,12302,Campbelltown (NSW),123,Sydney - Outer South West,R1,Updated 6-Feb-2020
1282,2564,GLENQUARIE,NSW,150.894916,-33.998362,Delivery Area,Delivery Area,12302,Campbelltown (NSW),123,Sydney - Outer South West,R1,Updated 6-Feb-2020
1283,2564,LONG POINT,NSW,150.894916,-33.998362,Delivery Area,Delivery Area,12302,Campbelltown (NSW),123,Sydney - Outer South West,R1,Updated 6-Feb-2020
1284,2564,MACQUARIE FIELDS,NSW,150.894916,-33.998362,Delivery Area,Delivery Area,12302,Campbelltown (NSW),123,Sydney - Outer South West,R1,Updated 6-Feb-2020
20517,2565,BARDIA,NSW,150.8618744,-33.97723383,Delivery Area,Delivery Area,12302,Campbelltown (NSW),123,Sydney - Outer South West,R1,Updated 6-Feb-2020
1285,2565,DENHAM COURT,NSW,150.843761,-33.996063,Delivery Area,Delivery Area,12302,Campbelltown (NSW),123,Sydney - Outer South West,R1,Updated 6-Feb-2020
1286,2565,INGLEBURN,NSW,150.843761,-33.996063,Delivery Area,Delivery Area,12302,Campbelltown (NSW),123,Sydney - Outer South West,R1,Updated 6-Feb-2020
1287,2565,MACQUARIE LINKS,NSW,150.843761,-33.996063,Delivery Area,Delivery Area,12302,Campbelltown (NSW),123,Sydney - Outer South West,R1,Updated 6-Feb-2020
1288,2566,BOW BOWING,NSW,150.842258,-34.027283,Delivery Area,Delivery Area,12302,Campbelltown (NSW),123,Sydney - Outer South West,R1,Updated 6-Feb-2020
1289,2566,MINTO,NSW,150.842258,-34.027283,Delivery Area,Delivery Area,12302,Campbelltown (NSW),123,Sydney - Outer South West,R1,Updated 6-Feb-2020
1290,2566,MINTO DC,NSW,150.842258,-34.027283,,,12302,Campbelltown (NSW),123,Sydney - Outer South West,R1,Updated 6-Feb-2020
1291,2566,MINTO HEIGHTS,NSW,150.842258,-34.027283,Delivery Area,Delivery Area,12302,Campbelltown (NSW),123,Sydney - Outer South West,R1,Updated 6-Feb-2020
1292,2566,RABY,NSW,150.842258,-34.027283,Delivery Area,Delivery Area,12302,Campbelltown (NSW),123,Sydney - Outer South West,R1,Updated 6-Feb-2020
1293,2566,ST ANDREWS,NSW,150.842258,-34.027283,,,12302,Campbelltown (NSW),123,Sydney - Outer South West,R1,Updated 6-Feb-2020
1294,2566,VARROVILLE,NSW,150.842258,-34.027283,Delivery Area,Delivery Area,12302,Campbelltown (NSW),123,Sydney - Outer South West,R1,Updated 6-Feb-2020
1295,2567,CURRANS HILL,NSW,150.756493,-34.055155,Delivery Area,Delivery Area,12302,Campbelltown (NSW),123,Sydney - Outer South West,R1,Updated 6-Feb-2020
1296,2567,HARRINGTON PARK,NSW,150.756493,-34.055155,Delivery Area,Delivery Area,12302,Campbelltown (NSW),123,Sydney - Outer South West,R1,Updated 6-Feb-2020
1297,2567,MOUNT ANNAN,NSW,150.756493,-34.055155,Delivery Area,Delivery Area,12302,Campbelltown (NSW),123,Sydney - Outer South West,R1,Updated 6-Feb-2020
1298,2567,NARELLAN,NSW,150.756493,-34.055155,Delivery Area,Delivery Area,12302,Campbelltown (NSW),123,Sydney - Outer South West,R1,Updated 6-Feb-2020
1299,2567,NARELLAN DC,NSW,150.756493,-34.055155,,,12302,Campbelltown (NSW),123,Sydney - Outer South West,R1,Updated 6-Feb-2020
1300,2567,NARELLAN VALE,NSW,150.756493,-34.055155,Delivery Area,Delivery Area,12302,Campbelltown (NSW),123,Sydney - Outer South West,R1,Updated 6-Feb-2020
1301,2567,SMEATON GRANGE,NSW,150.756493,-34.055155,Delivery Area,Delivery Area,12302,Campbelltown (NSW),123,Sydney - Outer South West,R1,Updated 6-Feb-2020
1302,2568,MENANGLE,NSW,150.718007,-34.147379,Delivery Area,Delivery Area,12303,Wollondilly,123,Sydney - Outer South West,R1,Updated 6-Feb-2020
1303,2569,DOUGLAS PARK,NSW,150.708875,-34.196004,Delivery Area,Delivery Area,12303,Wollondilly,123,Sydney - Outer South West,R1,Updated 6-Feb-2020
1304,2570,BELIMBLA PARK,NSW,150.525292,-34.042913,Delivery Area,Delivery Area,12701,Bringelly - Green Valley,127,Sydney - South West,R1,Updated 6-Feb-2020
1305,2570,BICKLEY VALE,NSW,150.525292,-34.042913,Delivery Area,Delivery Area,12701,Bringelly - Green Valley,127,Sydney - South West,R1,Updated 6-Feb-2020
1306,2570,BROWNLOW HILL,NSW,150.525292,-34.042913,Delivery Area,Delivery Area,12701,Bringelly - Green Valley,127,Sydney - South West,R1,Updated 6-Feb-2020
1307,2570,CAMDEN,NSW,150.525292,-34.042913,Delivery Area,Delivery Area,12701,Bringelly - Green Valley,127,Sydney - South West,R1,Updated 6-Feb-2020
1308,2570,CAMDEN PARK,NSW,150.525292,-34.042913,Delivery Area,Delivery Area,12701,Bringelly - Green Valley,127,Sydney - South West,R1,Updated 6-Feb-2020
1309,2570,CAMDEN SOUTH,NSW,150.525292,-34.042913,Delivery Area,Delivery Area,12701,Bringelly - Green Valley,127,Sydney - South West,R1,Updated 6-Feb-2020
1310,2570,CAWDOR,NSW,150.525292,-34.042913,Delivery Area,Delivery Area,12701,Bringelly - Green Valley,127,Sydney - South West,R1,Updated 6-Feb-2020
1311,2570,COBBITTY,NSW,150.525292,-34.042913,Delivery Area,Delivery Area,12701,Bringelly - Green Valley,127,Sydney - South West,R1,Updated 6-Feb-2020
1312,2570,ELDERSLIE,NSW,150.525292,-34.042913,Delivery Area,Delivery Area,12701,Bringelly - Green Valley,127,Sydney - South West,R1,Updated 6-Feb-2020
1313,2570,ELLIS LANE,NSW,150.525292,-34.042913,Delivery Area,Delivery Area,12701,Bringelly - Green Valley,127,Sydney - South West,R1,Updated 6-Feb-2020
1314,2570,GLENMORE,NSW,150.525292,-34.042913,Delivery Area,Delivery Area,12701,Bringelly - Green Valley,127,Sydney - South West,R1,Updated 6-Feb-2020
1315,2570,GRASMERE,NSW,150.525292,-34.042913,Delivery Area,Delivery Area,12701,Bringelly - Green Valley,127,Sydney - South West,R1,Updated 6-Feb-2020
1316,2570,KIRKHAM,NSW,150.525292,-34.042913,Delivery Area,Delivery Area,12701,Bringelly - Green Valley,127,Sydney - South West,R1,Updated 6-Feb-2020
1317,2570,LEFEVRES CORNER,NSW,150.525292,-34.042913,,,12701,Bringelly - Green Valley,127,Sydney - South West,R1,Updated 6-Feb-2020
1318,2570,MOUNT HUNTER,NSW,150.525292,-34.042913,Delivery Area,Delivery Area,12701,Bringelly - Green Valley,127,Sydney - South West,R1,Updated 6-Feb-2020
1319,2570,NATTAI,NSW,150.525292,-34.042913,Delivery Area,Delivery Area,12701,Bringelly - Green Valley,127,Sydney - South West,R1,Updated 6-Feb-2020
1320,2570,OAKDALE,NSW,150.525292,-34.042913,Delivery Area,Delivery Area,12701,Bringelly - Green Valley,127,Sydney - South West,R1,Updated 6-Feb-2020
1321,2570,ORAN PARK,NSW,150.525292,-34.042913,Delivery Area,Delivery Area,12701,Bringelly - Green Valley,127,Sydney - South West,R1,Updated 6-Feb-2020
1322,2570,ORANGEVILLE,NSW,150.525292,-34.042913,Delivery Area,Delivery Area,12701,Bringelly - Green Valley,127,Sydney - South West,R1,Updated 6-Feb-2020
1323,2570,SPRING FARM,NSW,150.525292,-34.042913,Delivery Area,Delivery Area,12701,Bringelly - Green Valley,127,Sydney - South West,R1,Updated 6-Feb-2020
1324,2570,THE OAKS,NSW,150.525292,-34.042913,Delivery Area,Delivery Area,12701,Bringelly - Green Valley,127,Sydney - South West,R1,Updated 6-Feb-2020
1325,2570,THERESA PARK,NSW,150.525292,-34.042913,Delivery Area,Delivery Area,12701,Bringelly - Green Valley,127,Sydney - South West,R1,Updated 6-Feb-2020
1326,2570,WEROMBI,NSW,150.525292,-34.042913,Delivery Area,Delivery Area,12701,Bringelly - Green Valley,127,Sydney - South West,R1,Updated 6-Feb-2020
20518,2571,BALMORAL,NSW,150.5152938,-34.30254366,Delivery Area,Delivery Area,12303,Wollondilly,123,Sydney - Outer South West,R1,Updated 6-Feb-2020
1327,2571,BALMORAL VILLAGE,NSW,150.622493,-34.16715,,,12303,Wollondilly,123,Sydney - Outer South West,R1,Updated 6-Feb-2020
1328,2571,BUXTON,NSW,150.622493,-34.16715,Delivery Area,Delivery Area,12303,Wollondilly,123,Sydney - Outer South West,R1,Updated 6-Feb-2020
1329,2571,COURIDJAH,NSW,150.622493,-34.16715,Delivery Area,Delivery Area,12303,Wollondilly,123,Sydney - Outer South West,R1,Updated 6-Feb-2020
1330,2571,MALDON,NSW,150.622493,-34.16715,Delivery Area,Delivery Area,12303,Wollondilly,123,Sydney - Outer South West,R1,Updated 6-Feb-2020
1331,2571,MOWBRAY PARK,NSW,150.622493,-34.16715,Delivery Area,Delivery Area,12303,Wollondilly,123,Sydney - Outer South West,R1,Updated 6-Feb-2020
1332,2571,PICTON,NSW,150.622493,-34.16715,Delivery Area,Delivery Area,12303,Wollondilly,123,Sydney - Outer South West,R1,Updated 6-Feb-2020
1333,2571,RAZORBACK,NSW,150.622493,-34.16715,Delivery Area,Delivery Area,12303,Wollondilly,123,Sydney - Outer South West,R1,Updated 6-Feb-2020
1334,2571,WILTON,NSW,150.622493,-34.16715,Delivery Area,Delivery Area,12303,Wollondilly,123,Sydney - Outer South West,R1,Updated 6-Feb-2020
1335,2572,LAKESLAND,NSW,150.559186,-34.193052,Delivery Area,Delivery Area,12303,Wollondilly,123,Sydney - Outer South West,R1,Updated 6-Feb-2020
1336,2572,THIRLMERE,NSW,150.559186,-34.193052,Delivery Area,Delivery Area,12303,Wollondilly,123,Sydney - Outer South West,R1,Updated 6-Feb-2020
1337,2573,TAHMOOR,NSW,150.584634,-34.218439,Delivery Area,Delivery Area,12303,Wollondilly,123,Sydney - Outer South West,R1,Updated 6-Feb-2020
20519,2574,AVON,NSW,150.6685734,-34.4254438,Delivery Area,Delivery Area,12303,Wollondilly,123,Sydney - Outer South West,R2,Updated 6-Feb-2020
1338,2574,BARGO,NSW,150.575238,-34.295634,Delivery Area,Delivery Area,12303,Wollondilly,123,Sydney - Outer South West,R2,Updated 6-Feb-2020
1339,2574,PHEASANTS NEST,NSW,150.575238,-34.295634,Delivery Area,Delivery Area,12303,Wollondilly,123,Sydney - Outer South West,R2,Updated 6-Feb-2020
1340,2574,YANDERRA,NSW,150.575238,-34.295634,Delivery Area,Delivery Area,12303,Wollondilly,123,Sydney - Outer South West,R2,Updated 6-Feb-2020
1341,2575,ALPINE,NSW,150.342214,-34.347195,Delivery Area,Delivery Area,11402,Southern Highlands,114,Southern Highlands and Shoalhaven,R3,Updated 6-Feb-2020
1342,2575,AYLMERTON,NSW,150.342214,-34.347195,Delivery Area,Delivery Area,11402,Southern Highlands,114,Southern Highlands and Shoalhaven,R3,Updated 6-Feb-2020
20520,2575,BALACLAVA,NSW,150.4826706,-34.44150439,Delivery Area,Delivery Area,11402,Southern Highlands,114,Southern Highlands and Shoalhaven,R3,Updated 6-Feb-2020
1343,2575,BARRALLIER,NSW,150.342214,-34.347195,,,11402,Southern Highlands,114,Southern Highlands and Shoalhaven,R3,Updated 6-Feb-2020
1344,2575,BRAEMAR,NSW,150.342214,-34.347195,Delivery Area,Delivery Area,11402,Southern Highlands,114,Southern Highlands and Shoalhaven,R3,Updated 6-Feb-2020
1345,2575,BULLIO,NSW,150.342214,-34.347195,Delivery Area,Delivery Area,11402,Southern Highlands,114,Southern Highlands and Shoalhaven,R3,Updated 6-Feb-2020
1346,2575,COLO VALE,NSW,150.342214,-34.347195,Delivery Area,Delivery Area,11402,Southern Highlands,114,Southern Highlands and Shoalhaven,R3,Updated 6-Feb-2020
20521,2575,GOODMANS FORD,NSW,150.0663753,-34.29792221,Delivery Area,Delivery Area,11402,Southern Highlands,114,Southern Highlands and Shoalhaven,R3,Updated 6-Feb-2020
1347,2575,HIGH RANGE,NSW,150.342214,-34.347195,Delivery Area,Delivery Area,11402,Southern Highlands,114,Southern Highlands and Shoalhaven,R3,Updated 6-Feb-2020
1348,2575,HILL TOP,NSW,150.342214,-34.347195,Delivery Area,Delivery Area,11402,Southern Highlands,114,Southern Highlands and Shoalhaven,R3,Updated 6-Feb-2020
1349,2575,JOADJA,NSW,150.342214,-34.347195,Delivery Area,Delivery Area,11402,Southern Highlands,114,Southern Highlands and Shoalhaven,R3,Updated 6-Feb-2020
1350,2575,MANDEMAR,NSW,150.342214,-34.347195,Delivery Area,Delivery Area,11402,Southern Highlands,114,Southern Highlands and Shoalhaven,R3,Updated 6-Feb-2020
1351,2575,MITTAGONG,NSW,150.342214,-34.347195,Delivery Area,Delivery Area,11402,Southern Highlands,114,Southern Highlands and Shoalhaven,R3,Updated 6-Feb-2020
20522,2575,MOUNT LINDSEY,NSW,150.5702043,-34.45199189,Delivery Area,Delivery Area,11402,Southern Highlands,114,Southern Highlands and Shoalhaven,R3,Updated 6-Feb-2020
20523,2575,RENWICK,NSW,150.473561,-34.4499186,Delivery Area,Delivery Area,11402,Southern Highlands,114,Southern Highlands and Shoalhaven,R3,Updated 6-Feb-2020
20524,2575,WATTLE RIDGE,NSW,150.4274089,-34.28320094,Delivery Area,Delivery Area,11402,Southern Highlands,114,Southern Highlands and Shoalhaven,R3,Updated 6-Feb-2020
1352,2575,WELBY,NSW,150.342214,-34.347195,Delivery Area,Delivery Area,11402,Southern Highlands,114,Southern Highlands and Shoalhaven,R3,Updated 6-Feb-2020
1353,2575,WILLOW VALE,NSW,150.342214,-34.347195,Delivery Area,Delivery Area,11402,Southern Highlands,114,Southern Highlands and Shoalhaven,R3,Updated 6-Feb-2020
20525,2575,WOODLANDS,NSW,150.3943541,-34.40830246,Delivery Area,Delivery Area,11402,Southern Highlands,114,Southern Highlands and Shoalhaven,R3,Updated 6-Feb-2020
1354,2575,YERRINBOOL,NSW,150.342214,-34.347195,Delivery Area,Delivery Area,11402,Southern Highlands,114,Southern Highlands and Shoalhaven,R3,Updated 6-Feb-2020
1355,2576,BONG BONG,NSW,150.503502,-34.525612,Delivery Area,Delivery Area,11402,Southern Highlands,114,Southern Highlands and Shoalhaven,R3,Updated 6-Feb-2020
1356,2576,BOWRAL,NSW,150.503502,-34.525612,Delivery Area,Delivery Area,11402,Southern Highlands,114,Southern Highlands and Shoalhaven,R3,Updated 6-Feb-2020
1357,2576,BURRADOO,NSW,150.503502,-34.525612,Delivery Area,Delivery Area,11402,Southern Highlands,114,Southern Highlands and Shoalhaven,R3,Updated 6-Feb-2020
1358,2576,EAST BOWRAL,NSW,150.503502,-34.525612,Delivery Area,Delivery Area,11402,Southern Highlands,114,Southern Highlands and Shoalhaven,R3,Updated 6-Feb-2020
1359,2576,EAST KANGALOON,NSW,150.503502,-34.525612,Delivery Area,Delivery Area,11402,Southern Highlands,114,Southern Highlands and Shoalhaven,R3,Updated 6-Feb-2020
1360,2576,GLENQUARRY,NSW,150.503502,-34.525612,Delivery Area,Delivery Area,11402,Southern Highlands,114,Southern Highlands and Shoalhaven,R3,Updated 6-Feb-2020
1361,2576,KANGALOON,NSW,150.503502,-34.525612,Delivery Area,Delivery Area,11402,Southern Highlands,114,Southern Highlands and Shoalhaven,R3,Updated 6-Feb-2020
1362,2577,AVOCA,NSW,150.410978,-34.595027,Delivery Area,Delivery Area,11402,Southern Highlands,114,Southern Highlands and Shoalhaven,R3,Updated 6-Feb-2020
1363,2577,BARREN GROUNDS,NSW,150.410978,-34.595027,Delivery Area,Delivery Area,11402,Southern Highlands,114,Southern Highlands and Shoalhaven,R3,Updated 6-Feb-2020
1364,2577,BARRENGARRY,NSW,150.410978,-34.595027,Delivery Area,Delivery Area,11402,Southern Highlands,114,Southern Highlands and Shoalhaven,R3,Updated 6-Feb-2020
1365,2577,BEAUMONT,NSW,150.410978,-34.595027,Delivery Area,Delivery Area,11402,Southern Highlands,114,Southern Highlands and Shoalhaven,R3,Updated 6-Feb-2020
20526,2577,BELANGLO,NSW,150.2216722,-34.51311499,Delivery Area,Delivery Area,11402,Southern Highlands,114,Southern Highlands and Shoalhaven,R3,Updated 6-Feb-2020
1366,2577,BENDEELA,NSW,150.410978,-34.595027,,,11402,Southern Highlands,114,Southern Highlands and Shoalhaven,R3,Updated 6-Feb-2020
1367,2577,BERRIMA,NSW,150.410978,-34.595027,Delivery Area,Delivery Area,11402,Southern Highlands,114,Southern Highlands and Shoalhaven,R3,Updated 6-Feb-2020
20527,2577,BUDGONG,NSW,150.4631128,-34.81032086,Delivery Area,Delivery Area,11402,Southern Highlands,114,Southern Highlands and Shoalhaven,R3,Updated 6-Feb-2020
941,2577,BURRAWANG,NSW,150.410978,-34.595027,Delivery Area,Delivery Area,11402,Southern Highlands,114,Southern Highlands and Shoalhaven,R3,Updated 6-Feb-2020
942,2577,CALWALLA,NSW,150.410978,-34.595027,Delivery Area,Delivery Area,11402,Southern Highlands,114,Southern Highlands and Shoalhaven,R3,Updated 6-Feb-2020
943,2577,CANYONLEIGH,NSW,150.410978,-34.595027,Delivery Area,Delivery Area,11402,Southern Highlands,114,Southern Highlands and Shoalhaven,R3,Updated 6-Feb-2020
944,2577,CARRINGTON FALLS,NSW,150.410978,-34.595027,Delivery Area,Delivery Area,11402,Southern Highlands,114,Southern Highlands and Shoalhaven,R3,Updated 6-Feb-2020
945,2577,FITZROY FALLS,NSW,150.410978,-34.595027,Delivery Area,Delivery Area,11402,Southern Highlands,114,Southern Highlands and Shoalhaven,R3,Updated 6-Feb-2020
946,2577,KANGAROO VALLEY,NSW,150.410978,-34.595027,Delivery Area,Delivery Area,11402,Southern Highlands,114,Southern Highlands and Shoalhaven,R3,Updated 6-Feb-2020
947,2577,KNIGHTS HILL,NSW,150.410978,-34.595027,Delivery Area,Delivery Area,11402,Southern Highlands,114,Southern Highlands and Shoalhaven,R3,Updated 6-Feb-2020
948,2577,MACQUARIE PASS,NSW,150.410978,-34.595027,Delivery Area,Delivery Area,11402,Southern Highlands,114,Southern Highlands and Shoalhaven,R3,Updated 6-Feb-2020
949,2577,MANCHESTER SQUARE,NSW,150.410978,-34.595027,Delivery Area,Delivery Area,11402,Southern Highlands,114,Southern Highlands and Shoalhaven,R3,Updated 6-Feb-2020
950,2577,MEDWAY,NSW,150.410978,-34.595027,Delivery Area,Delivery Area,11402,Southern Highlands,114,Southern Highlands and Shoalhaven,R3,Updated 6-Feb-2020
951,2577,MERYLA,NSW,150.410978,-34.595027,Delivery Area,Delivery Area,11402,Southern Highlands,114,Southern Highlands and Shoalhaven,R3,Updated 6-Feb-2020
952,2577,MOSS VALE,NSW,150.410978,-34.595027,Delivery Area,Delivery Area,11402,Southern Highlands,114,Southern Highlands and Shoalhaven,R3,Updated 6-Feb-2020
20528,2577,MOUNT MURRAY,NSW,150.6350962,-34.5497728,Delivery Area,Delivery Area,11402,Southern Highlands,114,Southern Highlands and Shoalhaven,R3,Updated 6-Feb-2020
953,2577,MYRA VALE,NSW,150.410978,-34.595027,Delivery Area,Delivery Area,11402,Southern Highlands,114,Southern Highlands and Shoalhaven,R3,Updated 6-Feb-2020
954,2577,NEW BERRIMA,NSW,150.410978,-34.595027,Delivery Area,Delivery Area,11402,Southern Highlands,114,Southern Highlands and Shoalhaven,R3,Updated 6-Feb-2020
955,2577,PADDYS RIVER,NSW,150.410978,-34.595027,Delivery Area,Delivery Area,11402,Southern Highlands,114,Southern Highlands and Shoalhaven,R3,Updated 6-Feb-2020
956,2577,PHEASANT GROUND,NSW,150.410978,-34.595027,Delivery Area,Delivery Area,11402,Southern Highlands,114,Southern Highlands and Shoalhaven,R3,Updated 6-Feb-2020
20529,2577,RED ROCKS,NSW,150.5395935,-34.77302506,Delivery Area,Delivery Area,11402,Southern Highlands,114,Southern Highlands and Shoalhaven,R3,Updated 6-Feb-2020
957,2577,ROBERTSON,NSW,150.410978,-34.595027,Delivery Area,Delivery Area,11402,Southern Highlands,114,Southern Highlands and Shoalhaven,R3,Updated 6-Feb-2020
958,2577,SUTTON FOREST,NSW,150.410978,-34.595027,Delivery Area,Delivery Area,11402,Southern Highlands,114,Southern Highlands and Shoalhaven,R3,Updated 6-Feb-2020
20530,2577,UPPER KANGAROO RIVER,NSW,150.593118,-34.69317438,Delivery Area,Delivery Area,11402,Southern Highlands,114,Southern Highlands and Shoalhaven,R3,Updated 6-Feb-2020
959,2577,UPPER KANGAROO VALLEY,NSW,150.410978,-34.595027,Delivery Area,Delivery Area,11402,Southern Highlands,114,Southern Highlands and Shoalhaven,R3,Updated 6-Feb-2020
960,2577,WERAI,NSW,150.410978,-34.595027,Delivery Area,Delivery Area,11402,Southern Highlands,114,Southern Highlands and Shoalhaven,R3,Updated 6-Feb-2020
961,2577,WILDES MEADOW,NSW,150.410978,-34.595027,Delivery Area,Delivery Area,11402,Southern Highlands,114,Southern Highlands and Shoalhaven,R3,Updated 6-Feb-2020
962,2577,YARRUNGA,NSW,150.410978,-34.595027,Delivery Area,Delivery Area,11402,Southern Highlands,114,Southern Highlands and Shoalhaven,R3,Updated 6-Feb-2020
963,2578,BUNDANOON,NSW,150.293226,-34.715579,Delivery Area,Delivery Area,11402,Southern Highlands,114,Southern Highlands and Shoalhaven,R3,Updated 6-Feb-2020
964,2579,BIG HILL,NSW,150.13033,-34.711848,Delivery Area,Delivery Area,11402,Southern Highlands,114,Southern Highlands and Shoalhaven,R3,Updated 6-Feb-2020
965,2579,BRAYTON,NSW,150.13033,-34.711848,Delivery Area,Delivery Area,11402,Southern Highlands,114,Southern Highlands and Shoalhaven,R3,Updated 6-Feb-2020
966,2579,EXETER,NSW,150.13033,-34.711848,Delivery Area,Delivery Area,11402,Southern Highlands,114,Southern Highlands and Shoalhaven,R3,Updated 6-Feb-2020
967,2579,MARULAN,NSW,150.13033,-34.711848,Delivery Area,Delivery Area,11402,Southern Highlands,114,Southern Highlands and Shoalhaven,R3,Updated 6-Feb-2020
968,2579,MARULAN SOUTH,NSW,150.13033,-34.711848,Delivery Area,Delivery Area,11402,Southern Highlands,114,Southern Highlands and Shoalhaven,R3,Updated 6-Feb-2020
969,2579,PENROSE,NSW,150.13033,-34.711848,Delivery Area,Delivery Area,11402,Southern Highlands,114,Southern Highlands and Shoalhaven,R3,Updated 6-Feb-2020
970,2579,TALLONG,NSW,150.13033,-34.711848,Delivery Area,Delivery Area,11402,Southern Highlands,114,Southern Highlands and Shoalhaven,R3,Updated 6-Feb-2020
971,2579,WINGELLO,NSW,150.13033,-34.711848,Delivery Area,Delivery Area,11402,Southern Highlands,114,Southern Highlands and Shoalhaven,R3,Updated 6-Feb-2020
972,2580,BANNABY,NSW,149.729215,-34.726283,Delivery Area,Delivery Area,12402,Blue Mountains - South,124,Sydney - Outer West and Blue Mountains,R3,Updated 6-Feb-2020
973,2580,BANNISTER,NSW,149.729215,-34.726283,Delivery Area,Delivery Area,12402,Blue Mountains - South,124,Sydney - Outer West and Blue Mountains,R3,Updated 6-Feb-2020
20531,2580,BAW BAW,NSW,149.6385035,-34.71904177,Delivery Area,Delivery Area,12402,Blue Mountains - South,124,Sydney - Outer West and Blue Mountains,R3,Updated 6-Feb-2020
20532,2580,BOXERS CREEK,NSW,149.8389899,-34.76109469,Delivery Area,Delivery Area,12402,Blue Mountains - South,124,Sydney - Outer West and Blue Mountains,R3,Updated 6-Feb-2020
974,2580,BRISBANE GROVE,NSW,149.729215,-34.726283,Delivery Area,Delivery Area,12402,Blue Mountains - South,124,Sydney - Outer West and Blue Mountains,R3,Updated 6-Feb-2020
975,2580,BUNGONIA,NSW,149.729215,-34.726283,Delivery Area,Delivery Area,12402,Blue Mountains - South,124,Sydney - Outer West and Blue Mountains,R3,Updated 6-Feb-2020
20533,2580,CARRICK,NSW,149.9056718,-34.70547025,Delivery Area,Delivery Area,12402,Blue Mountains - South,124,Sydney - Outer West and Blue Mountains,R3,Updated 6-Feb-2020
976,2580,CHATSBURY,NSW,149.729215,-34.726283,,,12402,Blue Mountains - South,124,Sydney - Outer West and Blue Mountains,R3,Updated 6-Feb-2020
977,2580,CURRAWANG,NSW,149.729215,-34.726283,Delivery Area,Delivery Area,12402,Blue Mountains - South,124,Sydney - Outer West and Blue Mountains,R3,Updated 6-Feb-2020
20534,2580,CURRAWEELA,NSW,149.787465,-34.24296491,Delivery Area,Delivery Area,12402,Blue Mountains - South,124,Sydney - Outer West and Blue Mountains,R3,Updated 6-Feb-2020
978,2580,GOLSPIE,NSW,149.729215,-34.726283,Delivery Area,Delivery Area,12402,Blue Mountains - South,124,Sydney - Outer West and Blue Mountains,R3,Updated 6-Feb-2020
979,2580,GOULBURN,NSW,149.729215,-34.726283,Delivery Area,Delivery Area,12402,Blue Mountains - South,124,Sydney - Outer West and Blue Mountains,R3,Updated 6-Feb-2020
980,2580,GOULBURN DC,NSW,149.729215,-34.726283,,,12402,Blue Mountains - South,124,Sydney - Outer West and Blue Mountains,R3,Updated 6-Feb-2020
981,2580,GOULBURN NORTH,NSW,149.729215,-34.726283,Delivery Area,Delivery Area,12402,Blue Mountains - South,124,Sydney - Outer West and Blue Mountains,R3,Updated 6-Feb-2020
982,2580,GREENWICH PARK,NSW,149.729215,-34.726283,Delivery Area,Delivery Area,12402,Blue Mountains - South,124,Sydney - Outer West and Blue Mountains,R3,Updated 6-Feb-2020
983,2580,GUNDARY,NSW,149.729215,-34.726283,Delivery Area,Delivery Area,12402,Blue Mountains - South,124,Sydney - Outer West and Blue Mountains,R3,Updated 6-Feb-2020
984,2580,JERRONG,NSW,149.729215,-34.726283,Delivery Area,Delivery Area,12402,Blue Mountains - South,124,Sydney - Outer West and Blue Mountains,R3,Updated 6-Feb-2020
985,2580,KINGSDALE,NSW,149.729215,-34.726283,Delivery Area,Delivery Area,12402,Blue Mountains - South,124,Sydney - Outer West and Blue Mountains,R3,Updated 6-Feb-2020
986,2580,KOMUNGLA,NSW,149.729215,-34.726283,,,12402,Blue Mountains - South,124,Sydney - Outer West and Blue Mountains,R3,Updated 6-Feb-2020
987,2580,LAKE BATHURST,NSW,149.729215,-34.726283,Delivery Area,Delivery Area,12402,Blue Mountains - South,124,Sydney - Outer West and Blue Mountains,R3,Updated 6-Feb-2020
988,2580,LEIGHWOOD,NSW,149.729215,-34.726283,Delivery Area,Delivery Area,12402,Blue Mountains - South,124,Sydney - Outer West and Blue Mountains,R3,Updated 6-Feb-2020
20535,2580,LOWER BORO,NSW,149.786215,-35.13887949,Delivery Area,Delivery Area,12402,Blue Mountains - South,124,Sydney - Outer West and Blue Mountains,R3,Updated 6-Feb-2020
989,2580,MAYFIELD,NSW,149.729215,-34.726283,Delivery Area,Delivery Area,12402,Blue Mountains - South,124,Sydney - Outer West and Blue Mountains,R3,Updated 6-Feb-2020
990,2580,MCALISTER,NSW,149.729215,-34.726283,Delivery Area,Delivery Area,12402,Blue Mountains - South,124,Sydney - Outer West and Blue Mountains,R3,Updated 6-Feb-2020
991,2580,MIDDLE ARM,NSW,149.729215,-34.726283,Delivery Area,Delivery Area,12402,Blue Mountains - South,124,Sydney - Outer West and Blue Mountains,R3,Updated 6-Feb-2020
992,2580,MOUNT FAIRY,NSW,149.729215,-34.726283,Delivery Area,Delivery Area,12402,Blue Mountains - South,124,Sydney - Outer West and Blue Mountains,R3,Updated 6-Feb-2020
993,2580,MOUNT RAE,NSW,149.729215,-34.726283,Delivery Area,Delivery Area,12402,Blue Mountains - South,124,Sydney - Outer West and Blue Mountains,R3,Updated 6-Feb-2020
994,2580,MUMMEL,NSW,149.729215,-34.726283,Delivery Area,Delivery Area,12402,Blue Mountains - South,124,Sydney - Outer West and Blue Mountains,R3,Updated 6-Feb-2020
20536,2580,MYRTLEVILLE,NSW,149.8262885,-34.46802273,Delivery Area,Delivery Area,12402,Blue Mountains - South,124,Sydney - Outer West and Blue Mountains,R3,Updated 6-Feb-2020
20537,2580,PALING YARDS,NSW,149.7321295,-34.1153864,Delivery Area,Delivery Area,12402,Blue Mountains - South,124,Sydney - Outer West and Blue Mountains,R3,Updated 6-Feb-2020
995,2580,PARKESBOURNE,NSW,149.729215,-34.726283,Delivery Area,Delivery Area,12402,Blue Mountains - South,124,Sydney - Outer West and Blue Mountains,R3,Updated 6-Feb-2020
20538,2580,POMEROY,NSW,149.526217,-34.68780312,Delivery Area,Delivery Area,12402,Blue Mountains - South,124,Sydney - Outer West and Blue Mountains,R3,Updated 6-Feb-2020
996,2580,QUIALIGO,NSW,149.729215,-34.726283,Delivery Area,Delivery Area,12402,Blue Mountains - South,124,Sydney - Outer West and Blue Mountains,R3,Updated 6-Feb-2020
20539,2580,RICHLANDS,NSW,149.7944361,-34.33638194,Delivery Area,Delivery Area,12402,Blue Mountains - South,124,Sydney - Outer West and Blue Mountains,R3,Updated 6-Feb-2020
997,2580,ROSLYN,NSW,149.729215,-34.726283,Delivery Area,Delivery Area,12402,Blue Mountains - South,124,Sydney - Outer West and Blue Mountains,R3,Updated 6-Feb-2020
998,2580,RUN-O-WATERS,NSW,149.729215,-34.726283,Delivery Area,Delivery Area,12402,Blue Mountains - South,124,Sydney - Outer West and Blue Mountains,R3,Updated 6-Feb-2020
999,2580,SIX MILE FLAT,NSW,149.729215,-34.726283,,,12402,Blue Mountains - South,124,Sydney - Outer West and Blue Mountains,R3,Updated 6-Feb-2020
1000,2580,SPRING VALLEY,NSW,149.729215,-34.726283,,,12402,Blue Mountains - South,124,Sydney - Outer West and Blue Mountains,R3,Updated 6-Feb-2020
20540,2580,STONEQUARRY,NSW,149.7620311,-34.37457591,Delivery Area,Delivery Area,12402,Blue Mountains - South,124,Sydney - Outer West and Blue Mountains,R3,Updated 6-Feb-2020
1001,2580,TARAGO,NSW,149.729215,-34.726283,Delivery Area,Delivery Area,12402,Blue Mountains - South,124,Sydney - Outer West and Blue Mountains,R3,Updated 6-Feb-2020
1002,2580,TARALGA,NSW,149.729215,-34.726283,Delivery Area,Delivery Area,12402,Blue Mountains - South,124,Sydney - Outer West and Blue Mountains,R3,Updated 6-Feb-2020
1003,2580,TARLO,NSW,149.729215,-34.726283,Delivery Area,Delivery Area,12402,Blue Mountains - South,124,Sydney - Outer West and Blue Mountains,R3,Updated 6-Feb-2020
1004,2580,TIRRANNAVILLE,NSW,149.729215,-34.726283,Delivery Area,Delivery Area,12402,Blue Mountains - South,124,Sydney - Outer West and Blue Mountains,R3,Updated 6-Feb-2020
1005,2580,TOWRANG,NSW,149.729215,-34.726283,Delivery Area,Delivery Area,12402,Blue Mountains - South,124,Sydney - Outer West and Blue Mountains,R3,Updated 6-Feb-2020
1006,2580,WAYO,NSW,149.729215,-34.726283,Delivery Area,Delivery Area,12402,Blue Mountains - South,124,Sydney - Outer West and Blue Mountains,R3,Updated 6-Feb-2020
1007,2580,WIABOROUGH,NSW,149.729215,-34.726283,,,12402,Blue Mountains - South,124,Sydney - Outer West and Blue Mountains,R3,Updated 6-Feb-2020
1008,2580,WIARBOROUGH,NSW,149.729215,-34.726283,Delivery Area,Delivery Area,12402,Blue Mountains - South,124,Sydney - Outer West and Blue Mountains,R3,Updated 6-Feb-2020
1009,2580,WINDELLAMA,NSW,149.729215,-34.726283,Delivery Area,Delivery Area,12402,Blue Mountains - South,124,Sydney - Outer West and Blue Mountains,R3,Updated 6-Feb-2020
1010,2580,WOMBEYAN CAVES,NSW,149.729215,-34.726283,Delivery Area,Delivery Area,12402,Blue Mountains - South,124,Sydney - Outer West and Blue Mountains,R3,Updated 6-Feb-2020
1011,2580,WOODHOUSELEE,NSW,149.729215,-34.726283,Delivery Area,Delivery Area,12402,Blue Mountains - South,124,Sydney - Outer West and Blue Mountains,R3,Updated 6-Feb-2020
1012,2580,WOWAGIN,NSW,149.729215,-34.726283,Delivery Area,Delivery Area,12402,Blue Mountains - South,124,Sydney - Outer West and Blue Mountains,R3,Updated 6-Feb-2020
1013,2580,YALBRAITH,NSW,149.729215,-34.726283,Delivery Area,Delivery Area,12402,Blue Mountains - South,124,Sydney - Outer West and Blue Mountains,R3,Updated 6-Feb-2020
1014,2580,YARRA,NSW,149.729215,-34.726283,Delivery Area,Delivery Area,12402,Blue Mountains - South,124,Sydney - Outer West and Blue Mountains,R3,Updated 6-Feb-2020
1015,2581,BELLMOUNT FOREST,NSW,149.286631,-34.764484,Delivery Area,Delivery Area,10102,Queanbeyan,101,Capital Region,R3,Updated 6-Feb-2020
1016,2581,BEVENDALE,NSW,149.286631,-34.764484,Delivery Area,Delivery Area,10102,Queanbeyan,101,Capital Region,R3,Updated 6-Feb-2020
1017,2581,BIALA,NSW,149.286631,-34.764484,Delivery Area,Delivery Area,10102,Queanbeyan,101,Capital Region,R3,Updated 6-Feb-2020
1018,2581,BLAKNEY CREEK,NSW,149.286631,-34.764484,Delivery Area,Delivery Area,10102,Queanbeyan,101,Capital Region,R3,Updated 6-Feb-2020
1019,2581,BREADALBANE,NSW,149.286631,-34.764484,Delivery Area,Delivery Area,10102,Queanbeyan,101,Capital Region,R3,Updated 6-Feb-2020
1020,2581,BROADWAY,NSW,149.286631,-34.764484,Delivery Area,Delivery Area,10102,Queanbeyan,101,Capital Region,R3,Updated 6-Feb-2020
1021,2581,COLLECTOR,NSW,149.286631,-34.764484,Delivery Area,Delivery Area,10102,Queanbeyan,101,Capital Region,R3,Updated 6-Feb-2020
1022,2581,CULLERIN,NSW,149.286631,-34.764484,Delivery Area,Delivery Area,10102,Queanbeyan,101,Capital Region,R3,Updated 6-Feb-2020
1023,2581,DALTON,NSW,149.286631,-34.764484,Delivery Area,Delivery Area,10102,Queanbeyan,101,Capital Region,R3,Updated 6-Feb-2020
1024,2581,GUNNING,NSW,149.286631,-34.764484,Delivery Area,Delivery Area,10102,Queanbeyan,101,Capital Region,R3,Updated 6-Feb-2020
1025,2581,GURRUNDAH,NSW,149.286631,-34.764484,Delivery Area,Delivery Area,10102,Queanbeyan,101,Capital Region,R3,Updated 6-Feb-2020
1026,2581,LADE VALE,NSW,149.286631,-34.764484,Delivery Area,Delivery Area,10102,Queanbeyan,101,Capital Region,R3,Updated 6-Feb-2020
1027,2581,LAKE GEORGE,NSW,149.286631,-34.764484,Delivery Area,Delivery Area,10102,Queanbeyan,101,Capital Region,R3,Updated 6-Feb-2020
1028,2581,LERIDA,NSW,149.286631,-34.764484,Delivery Area,Delivery Area,10102,Queanbeyan,101,Capital Region,R3,Updated 6-Feb-2020
1029,2581,MERRILL,NSW,149.286631,-34.764484,Delivery Area,Delivery Area,10102,Queanbeyan,101,Capital Region,R3,Updated 6-Feb-2020
1030,2581,OOLONG,NSW,149.286631,-34.764484,Delivery Area,Delivery Area,10102,Queanbeyan,101,Capital Region,R3,Updated 6-Feb-2020
1031,2581,TALLAGANDA,NSW,149.286631,-34.764484,,,10102,Queanbeyan,101,Capital Region,R3,Updated 6-Feb-2020
1032,2581,WOLLOGORANG,NSW,149.286631,-34.764484,Delivery Area,Delivery Area,10102,Queanbeyan,101,Capital Region,R3,Updated 6-Feb-2020
20541,2582,BANGO,NSW,148.9655031,-34.75833012,Delivery Area,Delivery Area,11302,Tumut - Tumbarumba,113,Riverina,R3,Updated 6-Feb-2020
1033,2582,BERREMANGRA,NSW,148.796477,-34.862038,Delivery Area,Delivery Area,11302,Tumut - Tumbarumba,113,Riverina,R3,Updated 6-Feb-2020
20542,2582,BOAMBOLO,NSW,148.8909871,-34.97705237,Delivery Area,Delivery Area,11302,Tumut - Tumbarumba,113,Riverina,R3,Updated 6-Feb-2020
1034,2582,BOOKHAM,NSW,148.796477,-34.862038,Delivery Area,Delivery Area,11302,Tumut - Tumbarumba,113,Riverina,R3,Updated 6-Feb-2020
1035,2582,BOWNING,NSW,148.796477,-34.862038,Delivery Area,Delivery Area,11302,Tumut - Tumbarumba,113,Riverina,R3,Updated 6-Feb-2020
1036,2582,BURRINJUCK,NSW,148.796477,-34.862038,Delivery Area,Delivery Area,11302,Tumut - Tumbarumba,113,Riverina,R3,Updated 6-Feb-2020
1037,2582,CAVAN,NSW,148.796477,-34.862038,Delivery Area,Delivery Area,11302,Tumut - Tumbarumba,113,Riverina,R3,Updated 6-Feb-2020
1038,2582,DOG TRAP CROSSING,NSW,148.796477,-34.862038,,,11302,Tumut - Tumbarumba,113,Riverina,R3,Updated 6-Feb-2020
1039,2582,GOOD HOPE,NSW,148.796477,-34.862038,Delivery Area,Delivery Area,11302,Tumut - Tumbarumba,113,Riverina,R3,Updated 6-Feb-2020
1040,2582,GOONDAH,NSW,148.796477,-34.862038,,,11302,Tumut - Tumbarumba,113,Riverina,R3,Updated 6-Feb-2020
20543,2582,JEIR,NSW,148.9725226,-35.05637116,Delivery Area,Delivery Area,11302,Tumut - Tumbarumba,113,Riverina,R3,Updated 6-Feb-2020
1041,2582,JERRAWA,NSW,148.796477,-34.862038,Delivery Area,Delivery Area,11302,Tumut - Tumbarumba,113,Riverina,R3,Updated 6-Feb-2020
1042,2582,KANGIARA,NSW,148.796477,-34.862038,Delivery Area,Delivery Area,11302,Tumut - Tumbarumba,113,Riverina,R3,Updated 6-Feb-2020
20544,2582,LAVERSTOCK,NSW,148.8748232,-34.65097695,Delivery Area,Delivery Area,11302,Tumut - Tumbarumba,113,Riverina,R3,Updated 6-Feb-2020
1043,2582,MANTON,NSW,148.796477,-34.862038,Delivery Area,Delivery Area,11302,Tumut - Tumbarumba,113,Riverina,R3,Updated 6-Feb-2020
20545,2582,MARCHMONT,NSW,148.9372408,-34.90280517,Delivery Area,Delivery Area,11302,Tumut - Tumbarumba,113,Riverina,R3,Updated 6-Feb-2020
20546,2582,MULLION,NSW,148.875057,-35.14360337,Delivery Area,Delivery Area,11302,Tumut - Tumbarumba,113,Riverina,R3,Updated 6-Feb-2020
1044,2582,MURRUMBATEMAN,NSW,148.796477,-34.862038,Delivery Area,Delivery Area,11302,Tumut - Tumbarumba,113,Riverina,R3,Updated 6-Feb-2020
1045,2582,NANANGROE,NSW,148.796477,-34.862038,Delivery Area,Delivery Area,11302,Tumut - Tumbarumba,113,Riverina,R3,Updated 6-Feb-2020
20547,2582,NANIMA,NSW,149.1269791,-35.01630563,Delivery Area,Delivery Area,11302,Tumut - Tumbarumba,113,Riverina,R3,Updated 6-Feb-2020
20548,2582,NARRANGULLEN,NSW,148.7278088,-35.02111866,Delivery Area,Delivery Area,11302,Tumut - Tumbarumba,113,Riverina,R3,Updated 6-Feb-2020
1046,2582,TANGMANGAROO,NSW,148.796477,-34.862038,,,11302,Tumut - Tumbarumba,113,Riverina,R3,Updated 6-Feb-2020
1047,2582,WEE JASPER,NSW,148.796477,-34.862038,Delivery Area,Delivery Area,11302,Tumut - Tumbarumba,113,Riverina,R3,Updated 6-Feb-2020
1048,2582,WOOLGARLO,NSW,148.796477,-34.862038,Delivery Area,Delivery Area,11302,Tumut - Tumbarumba,113,Riverina,R3,Updated 6-Feb-2020
1049,2582,YASS,NSW,148.796477,-34.862038,Delivery Area,Delivery Area,11302,Tumut - Tumbarumba,113,Riverina,R3,Updated 6-Feb-2020
20549,2582,YASS RIVER,NSW,149.125192,-34.92659793,Delivery Area,Delivery Area,11302,Tumut - Tumbarumba,113,Riverina,R3,Updated 6-Feb-2020
1050,2583,BIGGA,NSW,149.254163,-34.196526,Delivery Area,Delivery Area,10301,Bathurst,103,Central West,R3,Updated 6-Feb-2020
1051,2583,BINDA,NSW,149.254163,-34.196526,Delivery Area,Delivery Area,10301,Bathurst,103,Central West,R3,Updated 6-Feb-2020
1052,2583,BLANKET FLAT,NSW,149.254163,-34.196526,Delivery Area,Delivery Area,10301,Bathurst,103,Central West,R3,Updated 6-Feb-2020
1053,2583,BROOKLANDS,NSW,149.254163,-34.196526,Delivery Area,Delivery Area,10301,Bathurst,103,Central West,R3,Updated 6-Feb-2020
1054,2583,COTTAWALLA,NSW,149.254163,-34.196526,Delivery Area,Delivery Area,10301,Bathurst,103,Central West,R3,Updated 6-Feb-2020
1055,2583,CROOKED CORNER,NSW,149.254163,-34.196526,Delivery Area,Delivery Area,10301,Bathurst,103,Central West,R3,Updated 6-Feb-2020
1056,2583,CROOKWELL,NSW,149.254163,-34.196526,Delivery Area,Delivery Area,10301,Bathurst,103,Central West,R3,Updated 6-Feb-2020
1057,2583,FULLERTON,NSW,149.254163,-34.196526,Delivery Area,Delivery Area,10301,Bathurst,103,Central West,R3,Updated 6-Feb-2020
1058,2583,GLENERIN,NSW,149.254163,-34.196526,Delivery Area,Delivery Area,10301,Bathurst,103,Central West,R3,Updated 6-Feb-2020
1059,2583,GRABBEN GULLEN,NSW,149.254163,-34.196526,Delivery Area,Delivery Area,10301,Bathurst,103,Central West,R3,Updated 6-Feb-2020
1060,2583,GREENMANTLE,NSW,149.254163,-34.196526,Delivery Area,Delivery Area,10301,Bathurst,103,Central West,R3,Updated 6-Feb-2020
1061,2583,HADLEY,NSW,149.254163,-34.196526,Delivery Area,Delivery Area,10301,Bathurst,103,Central West,R3,Updated 6-Feb-2020
1062,2583,JUNCTION POINT,NSW,149.254163,-34.196526,Delivery Area,Delivery Area,10301,Bathurst,103,Central West,R3,Updated 6-Feb-2020
1063,2583,KEMPTON,NSW,149.254163,-34.196526,Delivery Area,Delivery Area,10301,Bathurst,103,Central West,R3,Updated 6-Feb-2020
1064,2583,KIALLA,NSW,149.254163,-34.196526,Delivery Area,Delivery Area,10301,Bathurst,103,Central West,R3,Updated 6-Feb-2020
1065,2583,LAGGAN,NSW,149.254163,-34.196526,Delivery Area,Delivery Area,10301,Bathurst,103,Central West,R3,Updated 6-Feb-2020
1066,2583,LIMERICK,NSW,149.254163,-34.196526,Delivery Area,Delivery Area,10301,Bathurst,103,Central West,R3,Updated 6-Feb-2020
20550,2583,LOST RIVER,NSW,149.3176639,-34.43609164,Delivery Area,Delivery Area,10301,Bathurst,103,Central West,R3,Updated 6-Feb-2020
1067,2583,MULGOWRIE,NSW,149.254163,-34.196526,Delivery Area,Delivery Area,10301,Bathurst,103,Central West,R3,Updated 6-Feb-2020
1068,2583,NARRAWA,NSW,149.254163,-34.196526,Delivery Area,Delivery Area,10301,Bathurst,103,Central West,R3,Updated 6-Feb-2020
1069,2583,PEELWOOD,NSW,149.254163,-34.196526,Delivery Area,Delivery Area,10301,Bathurst,103,Central West,R3,Updated 6-Feb-2020
20551,2583,PEJAR,NSW,149.5365849,-34.53358441,Delivery Area,Delivery Area,10301,Bathurst,103,Central West,R3,Updated 6-Feb-2020
1070,2583,RUGBY,NSW,149.254163,-34.196526,Delivery Area,Delivery Area,10301,Bathurst,103,Central West,R3,Updated 6-Feb-2020
1071,2583,THALABA,NSW,149.254163,-34.196526,Delivery Area,Delivery Area,10301,Bathurst,103,Central West,R3,Updated 6-Feb-2020
1072,2583,THIRD CREEK,NSW,149.254163,-34.196526,Delivery Area,Delivery Area,10301,Bathurst,103,Central West,R3,Updated 6-Feb-2020
1073,2583,TUENA,NSW,149.254163,-34.196526,Delivery Area,Delivery Area,10301,Bathurst,103,Central West,R3,Updated 6-Feb-2020
1074,2583,WHEEO,NSW,149.254163,-34.196526,Delivery Area,Delivery Area,10301,Bathurst,103,Central West,R3,Updated 6-Feb-2020
1075,2584,BINALONG,NSW,148.555243,-34.711018,Delivery Area,Delivery Area,10101,Goulburn - Yass,101,Capital Region,R3,Updated 6-Feb-2020
1076,2584,ILLALONG CREEK,NSW,148.555243,-34.711018,,,10101,Goulburn - Yass,101,Capital Region,R3,Updated 6-Feb-2020
1077,2585,GALONG,NSW,148.498501,-34.572329,Delivery Area,Delivery Area,10101,Goulburn - Yass,101,Capital Region,R3,Updated 6-Feb-2020
1078,2586,BOOROWA,NSW,148.797264,-34.378631,Delivery Area,Delivery Area,10101,Goulburn - Yass,101,Capital Region,R3,Updated 6-Feb-2020
1079,2586,FROGMORE,NSW,148.797264,-34.378631,Delivery Area,Delivery Area,10101,Goulburn - Yass,101,Capital Region,R3,Updated 6-Feb-2020
1080,2586,GOBA CREEK,NSW,148.797264,-34.378631,Delivery Area,Delivery Area,10101,Goulburn - Yass,101,Capital Region,R3,Updated 6-Feb-2020
1081,2586,GODFREYS CREEK,NSW,148.797264,-34.378631,Delivery Area,Delivery Area,10101,Goulburn - Yass,101,Capital Region,R3,Updated 6-Feb-2020
1082,2586,KENYU,NSW,148.797264,-34.378631,Delivery Area,Delivery Area,10101,Goulburn - Yass,101,Capital Region,R3,Updated 6-Feb-2020
1083,2586,MURRINGO,NSW,148.797264,-34.378631,Delivery Area,Delivery Area,10101,Goulburn - Yass,101,Capital Region,R3,Updated 6-Feb-2020
1084,2586,REIDS FLAT,NSW,148.797264,-34.378631,Delivery Area,Delivery Area,10101,Goulburn - Yass,101,Capital Region,R3,Updated 6-Feb-2020
1085,2586,RYE PARK,NSW,148.797264,-34.378631,Delivery Area,Delivery Area,10101,Goulburn - Yass,101,Capital Region,R3,Updated 6-Feb-2020
1086,2586,TAYLORS FLAT,NSW,148.797264,-34.378631,Delivery Area,Delivery Area,10101,Goulburn - Yass,101,Capital Region,R3,Updated 6-Feb-2020
1087,2587,AURVILLE,NSW,148.360971,-34.505797,Delivery Area,Delivery Area,10101,Goulburn - Yass,101,Capital Region,R3,Updated 6-Feb-2020
20552,2587,BEGGAN BEGGAN,NSW,148.2926805,-34.64538957,Delivery Area,Delivery Area,10101,Goulburn - Yass,101,Capital Region,R3,Updated 6-Feb-2020
1088,2587,CUNNINGAR,NSW,148.360971,-34.505797,Delivery Area,Delivery Area,10101,Goulburn - Yass,101,Capital Region,R3,Updated 6-Feb-2020
1089,2587,DEMONDRILLE,NSW,148.360971,-34.505797,Delivery Area,Delivery Area,10101,Goulburn - Yass,101,Capital Region,R3,Updated 6-Feb-2020
1090,2587,GARANGULA,NSW,148.360971,-34.505797,Delivery Area,Delivery Area,10101,Goulburn - Yass,101,Capital Region,R3,Updated 6-Feb-2020
1091,2587,HARDEN,NSW,148.360971,-34.505797,Delivery Area,Delivery Area,10101,Goulburn - Yass,101,Capital Region,R3,Updated 6-Feb-2020
1092,2587,KINGSVALE,NSW,148.360971,-34.505797,Delivery Area,Delivery Area,10101,Goulburn - Yass,101,Capital Region,R3,Updated 6-Feb-2020
20553,2587,MCMAHONS REEF,NSW,148.4157318,-34.68367599,Delivery Area,Delivery Area,10101,Goulburn - Yass,101,Capital Region,R3,Updated 6-Feb-2020
1093,2587,MURRUMBURRAH,NSW,148.360971,-34.505797,Delivery Area,Delivery Area,10101,Goulburn - Yass,101,Capital Region,R3,Updated 6-Feb-2020
1094,2587,NUBBA,NSW,148.360971,-34.505797,Delivery Area,Delivery Area,10101,Goulburn - Yass,101,Capital Region,R3,Updated 6-Feb-2020
1095,2587,PRUNEVALE,NSW,148.360971,-34.505797,Delivery Area,Delivery Area,10101,Goulburn - Yass,101,Capital Region,R3,Updated 6-Feb-2020
1096,2587,WOMBAT,NSW,148.360971,-34.505797,Delivery Area,Delivery Area,10101,Goulburn - Yass,101,Capital Region,R3,Updated 6-Feb-2020
1097,2588,CULLINGA,NSW,148.255601,-34.599488,,,11303,Wagga Wagga,113,Riverina,R3,Updated 6-Feb-2020
1098,2588,WALLENDBEEN,NSW,148.255601,-34.599488,Delivery Area,Delivery Area,11303,Wagga Wagga,113,Riverina,R3,Updated 6-Feb-2020
1099,2590,BETHUNGRA,NSW,147.896911,-34.714515,Delivery Area,Delivery Area,11303,Wagga Wagga,113,Riverina,R3,Updated 6-Feb-2020
1100,2590,COOTAMUNDRA,NSW,147.896911,-34.714515,Delivery Area,Delivery Area,11303,Wagga Wagga,113,Riverina,R3,Updated 6-Feb-2020
1101,2590,ILLABO,NSW,147.896911,-34.714515,Delivery Area,Delivery Area,11303,Wagga Wagga,113,Riverina,R3,Updated 6-Feb-2020
1102,2594,ASHVILLE,NSW,148.10732,-34.231083,,,11303,Wagga Wagga,113,Riverina,R3,Updated 6-Feb-2020
20554,2594,BARWANG,NSW,148.4641719,-34.43967074,Delivery Area,Delivery Area,11303,Wagga Wagga,113,Riverina,R3,Updated 6-Feb-2020
1103,2594,BERTHONG,NSW,148.10732,-34.231083,Delivery Area,Delivery Area,11303,Wagga Wagga,113,Riverina,R3,Updated 6-Feb-2020
1104,2594,BRIBBAREE,NSW,148.10732,-34.231083,Delivery Area,Delivery Area,11303,Wagga Wagga,113,Riverina,R3,Updated 6-Feb-2020
1105,2594,BULLA CREEK,NSW,148.10732,-34.231083,Delivery Area,Delivery Area,11303,Wagga Wagga,113,Riverina,R3,Updated 6-Feb-2020
1106,2594,BURRANGONG,NSW,148.10732,-34.231083,Delivery Area,Delivery Area,11303,Wagga Wagga,113,Riverina,R3,Updated 6-Feb-2020
1107,2594,KIKIAMAH,NSW,148.10732,-34.231083,Delivery Area,Delivery Area,11303,Wagga Wagga,113,Riverina,R3,Updated 6-Feb-2020
1108,2594,MAIMURU,NSW,148.10732,-34.231083,Delivery Area,Delivery Area,11303,Wagga Wagga,113,Riverina,R3,Updated 6-Feb-2020
1109,2594,MEMAGONG,NSW,148.10732,-34.231083,Delivery Area,Delivery Area,11303,Wagga Wagga,113,Riverina,R3,Updated 6-Feb-2020
1110,2594,MILVALE,NSW,148.10732,-34.231083,Delivery Area,Delivery Area,11303,Wagga Wagga,113,Riverina,R3,Updated 6-Feb-2020
1111,2594,MONTEAGLE,NSW,148.10732,-34.231083,Delivery Area,Delivery Area,11303,Wagga Wagga,113,Riverina,R3,Updated 6-Feb-2020
1112,2594,THUDDUNGRA,NSW,148.10732,-34.231083,Delivery Area,Delivery Area,11303,Wagga Wagga,113,Riverina,R3,Updated 6-Feb-2020
1113,2594,TUBBUL,NSW,148.10732,-34.231083,Delivery Area,Delivery Area,11303,Wagga Wagga,113,Riverina,R3,Updated 6-Feb-2020
1114,2594,WEEDALLION,NSW,148.10732,-34.231083,Delivery Area,Delivery Area,11303,Wagga Wagga,113,Riverina,R3,Updated 6-Feb-2020
1115,2594,YANNAWAH,NSW,148.10732,-34.231083,,,11303,Wagga Wagga,113,Riverina,R3,Updated 6-Feb-2020
1116,2594,YOUNG,NSW,148.10732,-34.231083,Delivery Area,Delivery Area,11303,Wagga Wagga,113,Riverina,R3,Updated 6-Feb-2020
20557,2611,BIMBERI,NSW,148.7089956,-35.57315758,Delivery Area,Delivery Area,80108,Weston Creek,801,Australian Capital Territory,R3,Updated 6-Feb-2020
4310,2611,BRINDABELLA,NSW,148.784415,-35.322291,Delivery Area,Delivery Area,80108,Weston Creek,801,Australian Capital Territory,R3,Updated 6-Feb-2020
20558,2611,COOLEMAN,NSW,148.6603843,-35.62966271,Delivery Area,Delivery Area,80108,Weston Creek,801,Australian Capital Territory,R3,Updated 6-Feb-2020
4320,2611,URIARRA,NSW,148.784415,-35.322291,Delivery Area,Delivery Area,80108,Weston Creek,801,Australian Capital Territory,R3,Updated 6-Feb-2020
20565,2618,SPRINGRANGE,NSW,149.0841891,-35.09024203,Delivery Area,Delivery Area,80104,Gungahlin,801,Australian Capital Territory,R3,Updated 6-Feb-2020
4079,2618,WALLAROO,NSW,149.043278,-35.135588,Delivery Area,Delivery Area,80104,Gungahlin,801,Australian Capital Territory,R3,Updated 6-Feb-2020
4080,2619,JERRABOMBERRA,NSW,149.194535,-35.378159,Delivery Area,Delivery Area,10102,Queanbeyan,101,Capital Region,R3,Updated 6-Feb-2020
4081,2620,BURBONG,NSW,149.257101,-35.317402,,,80107,Tuggeranong,801,Australian Capital Territory,R3,Updated 6-Feb-2020
4082,2620,BURRA,NSW,149.257101,-35.317402,Delivery Area,Delivery Area,80107,Tuggeranong,801,Australian Capital Territory,R3,Updated 6-Feb-2020
4083,2620,CARWOOLA,NSW,149.257101,-35.317402,Delivery Area,Delivery Area,80107,Tuggeranong,801,Australian Capital Territory,R3,Updated 6-Feb-2020
4084,2620,CLEAR RANGE,NSW,149.257101,-35.317402,Delivery Area,Delivery Area,80107,Tuggeranong,801,Australian Capital Territory,R3,Updated 6-Feb-2020
20567,2620,CRESTWOOD,NSW,149.2175312,-35.34845457,Delivery Area,Delivery Area,80107,Tuggeranong,801,Australian Capital Territory,R3,Updated 6-Feb-2020
4085,2620,DODSWORTH,NSW,149.257101,-35.317402,Delivery Area,Delivery Area,80107,Tuggeranong,801,Australian Capital Territory,R3,Updated 6-Feb-2020
4086,2620,ENVIRONA,NSW,149.257101,-35.317402,Delivery Area,Delivery Area,80107,Tuggeranong,801,Australian Capital Territory,R3,Updated 6-Feb-2020
4087,2620,GOOGONG,NSW,149.257101,-35.317402,Delivery Area,Delivery Area,80107,Tuggeranong,801,Australian Capital Territory,R3,Updated 6-Feb-2020
4088,2620,GREENLEIGH,NSW,149.257101,-35.317402,Delivery Area,Delivery Area,80107,Tuggeranong,801,Australian Capital Territory,R3,Updated 6-Feb-2020
4089,2620,GUNDAROO,NSW,149.257101,-35.317402,Delivery Area,Delivery Area,80107,Tuggeranong,801,Australian Capital Territory,R3,Updated 6-Feb-2020
4091,2620,KARABAR,NSW,149.257101,-35.317402,Delivery Area,Delivery Area,80107,Tuggeranong,801,Australian Capital Territory,R3,Updated 6-Feb-2020
4093,2620,LETCHWORTH,NSW,149.257101,-35.317402,Delivery Area,Delivery Area,80107,Tuggeranong,801,Australian Capital Territory,R3,Updated 6-Feb-2020
4094,2620,MICHELAGO,NSW,149.257101,-35.317402,Delivery Area,Delivery Area,80107,Tuggeranong,801,Australian Capital Territory,R3,Updated 6-Feb-2020
4096,2620,QUEANBEYAN,NSW,149.257101,-35.317402,Delivery Area,Delivery Area,80107,Tuggeranong,801,Australian Capital Territory,R3,Updated 6-Feb-2020
4097,2620,QUEANBEYAN DC,NSW,149.257101,-35.317402,,,80107,Tuggeranong,801,Australian Capital Territory,R3,Updated 6-Feb-2020
4098,2620,QUEANBEYAN EAST,NSW,149.257101,-35.317402,Delivery Area,Delivery Area,80107,Tuggeranong,801,Australian Capital Territory,R3,Updated 6-Feb-2020
20568,2620,QUEANBEYAN WEST,NSW,149.2081703,-35.35615941,Delivery Area,Delivery Area,80107,Tuggeranong,801,Australian Capital Territory,R3,Updated 6-Feb-2020
4099,2620,RIDGEWAY,NSW,149.257101,-35.317402,Delivery Area,Delivery Area,80107,Tuggeranong,801,Australian Capital Territory,R3,Updated 6-Feb-2020
4100,2620,ROYALLA,NSW,149.257101,-35.317402,Delivery Area,Delivery Area,80107,Tuggeranong,801,Australian Capital Territory,R3,Updated 6-Feb-2020
4101,2620,SUTTON,NSW,149.257101,-35.317402,Delivery Area,Delivery Area,80107,Tuggeranong,801,Australian Capital Territory,R3,Updated 6-Feb-2020
4103,2620,THE ANGLE,NSW,149.257101,-35.317402,Delivery Area,Delivery Area,80107,Tuggeranong,801,Australian Capital Territory,R3,Updated 6-Feb-2020
20569,2620,THE RIDGEWAY,NSW,149.260861,-35.33886581,Delivery Area,Delivery Area,80107,Tuggeranong,801,Australian Capital Territory,R3,Updated 6-Feb-2020
4104,2620,TINDERRY,NSW,149.257101,-35.317402,Delivery Area,Delivery Area,80107,Tuggeranong,801,Australian Capital Territory,R3,Updated 6-Feb-2020
4106,2620,TRALEE,NSW,149.257101,-35.317402,Delivery Area,Delivery Area,80107,Tuggeranong,801,Australian Capital Territory,R3,Updated 6-Feb-2020
4107,2620,URILA,NSW,149.257101,-35.317402,Delivery Area,Delivery Area,80107,Tuggeranong,801,Australian Capital Territory,R3,Updated 6-Feb-2020
4108,2620,WAMBOIN,NSW,149.257101,-35.317402,Delivery Area,Delivery Area,80107,Tuggeranong,801,Australian Capital Territory,R3,Updated 6-Feb-2020
4109,2620,WILLIAMSDALE,NSW,149.257101,-35.317402,Delivery Area,Delivery Area,80107,Tuggeranong,801,Australian Capital Territory,R3,Updated 6-Feb-2020
4110,2620,YARROW,NSW,149.257101,-35.317402,Delivery Area,Delivery Area,80107,Tuggeranong,801,Australian Capital Territory,R3,Updated 6-Feb-2020
4111,2621,ANEMBO,NSW,149.484038,-35.4698,Delivery Area,Delivery Area,10102,Queanbeyan,101,Capital Region,R3,Updated 6-Feb-2020
4112,2621,BUNGENDORE,NSW,149.484038,-35.4698,Delivery Area,Delivery Area,10102,Queanbeyan,101,Capital Region,R3,Updated 6-Feb-2020
4113,2621,BYWONG,NSW,149.484038,-35.4698,Delivery Area,Delivery Area,10102,Queanbeyan,101,Capital Region,R3,Updated 6-Feb-2020
4114,2621,FORBES CREEK,NSW,149.484038,-35.4698,Delivery Area,Delivery Area,10102,Queanbeyan,101,Capital Region,R3,Updated 6-Feb-2020
4115,2621,HOSKINSTOWN,NSW,149.484038,-35.4698,Delivery Area,Delivery Area,10102,Queanbeyan,101,Capital Region,R3,Updated 6-Feb-2020
4116,2621,PRIMROSE VALLEY,NSW,149.484038,-35.4698,Delivery Area,Delivery Area,10102,Queanbeyan,101,Capital Region,R3,Updated 6-Feb-2020
4117,2621,ROSSI,NSW,149.484038,-35.4698,Delivery Area,Delivery Area,10102,Queanbeyan,101,Capital Region,R3,Updated 6-Feb-2020
4118,2622,ARALUEN,NSW,149.752107,-35.628428,Delivery Area,Delivery Area,11401,Shoalhaven,114,Southern Highlands and Shoalhaven,R3,Updated 6-Feb-2020
4119,2622,ARALUEN NORTH,NSW,149.752107,-35.628428,Delivery Area,Delivery Area,11401,Shoalhaven,114,Southern Highlands and Shoalhaven,R3,Updated 6-Feb-2020
4120,2622,BACK CREEK,NSW,149.752107,-35.628428,Delivery Area,Delivery Area,11401,Shoalhaven,114,Southern Highlands and Shoalhaven,R3,Updated 6-Feb-2020
4121,2622,BALLALABA,NSW,149.752107,-35.628428,Delivery Area,Delivery Area,11401,Shoalhaven,114,Southern Highlands and Shoalhaven,R3,Updated 6-Feb-2020
4122,2622,BENDOURA,NSW,149.752107,-35.628428,Delivery Area,Delivery Area,11401,Shoalhaven,114,Southern Highlands and Shoalhaven,R3,Updated 6-Feb-2020
4123,2622,BERLANG,NSW,149.752107,-35.628428,Delivery Area,Delivery Area,11401,Shoalhaven,114,Southern Highlands and Shoalhaven,R3,Updated 6-Feb-2020
4124,2622,BOMBAY,NSW,149.752107,-35.628428,Delivery Area,Delivery Area,11401,Shoalhaven,114,Southern Highlands and Shoalhaven,R3,Updated 6-Feb-2020
4125,2622,BORO,NSW,149.752107,-35.628428,Delivery Area,Delivery Area,11401,Shoalhaven,114,Southern Highlands and Shoalhaven,R3,Updated 6-Feb-2020
4126,2622,BRAIDWOOD,NSW,149.752107,-35.628428,Delivery Area,Delivery Area,11401,Shoalhaven,114,Southern Highlands and Shoalhaven,R3,Updated 6-Feb-2020
4127,2622,BUDAWANG,NSW,149.752107,-35.628428,Delivery Area,Delivery Area,11401,Shoalhaven,114,Southern Highlands and Shoalhaven,R3,Updated 6-Feb-2020
20570,2622,BULEE,NSW,150.1309524,-35.00947243,Delivery Area,Delivery Area,11401,Shoalhaven,114,Southern Highlands and Shoalhaven,R3,Updated 6-Feb-2020
4128,2622,CHARLEYS FOREST,NSW,149.752107,-35.628428,Delivery Area,Delivery Area,11401,Shoalhaven,114,Southern Highlands and Shoalhaven,R3,Updated 6-Feb-2020
20571,2622,COOLUMBURRA,NSW,150.1050797,-35.04794638,Delivery Area,Delivery Area,11401,Shoalhaven,114,Southern Highlands and Shoalhaven,R3,Updated 6-Feb-2020
4129,2622,CORANG,NSW,149.752107,-35.628428,Delivery Area,Delivery Area,11401,Shoalhaven,114,Southern Highlands and Shoalhaven,R3,Updated 6-Feb-2020
4130,2622,DURRAN DURRA,NSW,149.752107,-35.628428,Delivery Area,Delivery Area,11401,Shoalhaven,114,Southern Highlands and Shoalhaven,R3,Updated 6-Feb-2020
20572,2622,ENDRICK,NSW,150.2481323,-35.24070292,Delivery Area,Delivery Area,11401,Shoalhaven,114,Southern Highlands and Shoalhaven,R3,Updated 6-Feb-2020
4131,2622,FARRINGDON,NSW,149.752107,-35.628428,Delivery Area,Delivery Area,11401,Shoalhaven,114,Southern Highlands and Shoalhaven,R3,Updated 6-Feb-2020
4132,2622,GUNDILLION,NSW,149.752107,-35.628428,Delivery Area,Delivery Area,11401,Shoalhaven,114,Southern Highlands and Shoalhaven,R3,Updated 6-Feb-2020
4133,2622,HAROLDS CROSS,NSW,149.752107,-35.628428,Delivery Area,Delivery Area,11401,Shoalhaven,114,Southern Highlands and Shoalhaven,R3,Updated 6-Feb-2020
4134,2622,HEREFORD HALL,NSW,149.752107,-35.628428,Delivery Area,Delivery Area,11401,Shoalhaven,114,Southern Highlands and Shoalhaven,R3,Updated 6-Feb-2020
4135,2622,JEMBAICUMBENE,NSW,149.752107,-35.628428,Delivery Area,Delivery Area,11401,Shoalhaven,114,Southern Highlands and Shoalhaven,R3,Updated 6-Feb-2020
4136,2622,JERRABATTCULLA,NSW,149.752107,-35.628428,,,11401,Shoalhaven,114,Southern Highlands and Shoalhaven,R3,Updated 6-Feb-2020
20573,2622,JERRABATTGULLA,NSW,149.5828158,-35.68412522,Delivery Area,Delivery Area,11401,Shoalhaven,114,Southern Highlands and Shoalhaven,R3,Updated 6-Feb-2020
4137,2622,JINDEN,NSW,149.752107,-35.628428,Delivery Area,Delivery Area,11401,Shoalhaven,114,Southern Highlands and Shoalhaven,R3,Updated 6-Feb-2020
4138,2622,JINGERA,NSW,149.752107,-35.628428,Delivery Area,Delivery Area,11401,Shoalhaven,114,Southern Highlands and Shoalhaven,R3,Updated 6-Feb-2020
4139,2622,KAIN,NSW,149.752107,-35.628428,,,11401,Shoalhaven,114,Southern Highlands and Shoalhaven,R3,Updated 6-Feb-2020
4140,2622,KINDERVALE,NSW,149.752107,-35.628428,Delivery Area,Delivery Area,11401,Shoalhaven,114,Southern Highlands and Shoalhaven,R3,Updated 6-Feb-2020
4141,2622,KRAWARREE,NSW,149.752107,-35.628428,Delivery Area,Delivery Area,11401,Shoalhaven,114,Southern Highlands and Shoalhaven,R3,Updated 6-Feb-2020
4142,2622,LARBERT,NSW,149.752107,-35.628428,Delivery Area,Delivery Area,11401,Shoalhaven,114,Southern Highlands and Shoalhaven,R3,Updated 6-Feb-2020
4143,2622,MAJORS CREEK,NSW,149.752107,-35.628428,Delivery Area,Delivery Area,11401,Shoalhaven,114,Southern Highlands and Shoalhaven,R3,Updated 6-Feb-2020
4144,2622,MANAR,NSW,149.752107,-35.628428,Delivery Area,Delivery Area,11401,Shoalhaven,114,Southern Highlands and Shoalhaven,R3,Updated 6-Feb-2020
4145,2622,MARLOWE,NSW,149.752107,-35.628428,Delivery Area,Delivery Area,11401,Shoalhaven,114,Southern Highlands and Shoalhaven,R3,Updated 6-Feb-2020
4146,2622,MAYFIELD,NSW,149.752107,-35.628428,,,11401,Shoalhaven,114,Southern Highlands and Shoalhaven,R3,Updated 6-Feb-2020
20574,2622,MERRICUMBENE,NSW,149.872747,-35.73121517,Delivery Area,Delivery Area,11401,Shoalhaven,114,Southern Highlands and Shoalhaven,R3,Updated 6-Feb-2020
4147,2622,MONGA,NSW,149.752107,-35.628428,Delivery Area,Delivery Area,11401,Shoalhaven,114,Southern Highlands and Shoalhaven,R3,Updated 6-Feb-2020
4148,2622,MONGARLOWE,NSW,149.752107,-35.628428,Delivery Area,Delivery Area,11401,Shoalhaven,114,Southern Highlands and Shoalhaven,R3,Updated 6-Feb-2020
4149,2622,MULLOON,NSW,149.752107,-35.628428,Delivery Area,Delivery Area,11401,Shoalhaven,114,Southern Highlands and Shoalhaven,R3,Updated 6-Feb-2020
20575,2622,MURRENGENBURG,NSW,149.9850502,-35.53522574,Delivery Area,Delivery Area,11401,Shoalhaven,114,Southern Highlands and Shoalhaven,R3,Updated 6-Feb-2020
4150,2622,NERINGLA,NSW,149.752107,-35.628428,Delivery Area,Delivery Area,11401,Shoalhaven,114,Southern Highlands and Shoalhaven,R3,Updated 6-Feb-2020
4151,2622,NERRIGA,NSW,149.752107,-35.628428,Delivery Area,Delivery Area,11401,Shoalhaven,114,Southern Highlands and Shoalhaven,R3,Updated 6-Feb-2020
4152,2622,NORTHANGERA,NSW,149.752107,-35.628428,Delivery Area,Delivery Area,11401,Shoalhaven,114,Southern Highlands and Shoalhaven,R3,Updated 6-Feb-2020
4153,2622,OALLEN,NSW,149.752107,-35.628428,Delivery Area,Delivery Area,11401,Shoalhaven,114,Southern Highlands and Shoalhaven,R3,Updated 6-Feb-2020
4154,2622,ORANMEIR,NSW,149.752107,-35.628428,,,11401,Shoalhaven,114,Southern Highlands and Shoalhaven,R3,Updated 6-Feb-2020
4155,2622,PALERANG,NSW,149.752107,-35.628428,Delivery Area,Delivery Area,11401,Shoalhaven,114,Southern Highlands and Shoalhaven,R3,Updated 6-Feb-2020
20576,2622,QUIERA,NSW,150.1954391,-34.93244031,Delivery Area,Delivery Area,11401,Shoalhaven,114,Southern Highlands and Shoalhaven,R3,Updated 6-Feb-2020
4156,2622,REIDSDALE,NSW,149.752107,-35.628428,Delivery Area,Delivery Area,11401,Shoalhaven,114,Southern Highlands and Shoalhaven,R3,Updated 6-Feb-2020
4157,2622,SASSAFRAS,NSW,149.752107,-35.628428,Delivery Area,Delivery Area,11401,Shoalhaven,114,Southern Highlands and Shoalhaven,R3,Updated 6-Feb-2020
4158,2622,SNOWBALL,NSW,149.752107,-35.628428,Delivery Area,Delivery Area,11401,Shoalhaven,114,Southern Highlands and Shoalhaven,R3,Updated 6-Feb-2020
20577,2622,ST GEORGE,NSW,150.2223806,-35.03262153,Delivery Area,Delivery Area,11401,Shoalhaven,114,Southern Highlands and Shoalhaven,R3,Updated 6-Feb-2020
20578,2622,TIANJARA,NSW,150.3147711,-35.14023316,Delivery Area,Delivery Area,11401,Shoalhaven,114,Southern Highlands and Shoalhaven,R3,Updated 6-Feb-2020
20579,2622,TOLWONG,NSW,150.1017196,-34.83565356,Delivery Area,Delivery Area,11401,Shoalhaven,114,Southern Highlands and Shoalhaven,R3,Updated 6-Feb-2020
4159,2622,TOMBOYE,NSW,149.752107,-35.628428,Delivery Area,Delivery Area,11401,Shoalhaven,114,Southern Highlands and Shoalhaven,R3,Updated 6-Feb-2020
20580,2622,TOUGA,NSW,150.1100916,-34.92721168,Delivery Area,Delivery Area,11401,Shoalhaven,114,Southern Highlands and Shoalhaven,R3,Updated 6-Feb-2020
4160,2622,WARRI,NSW,149.752107,-35.628428,Delivery Area,Delivery Area,11401,Shoalhaven,114,Southern Highlands and Shoalhaven,R3,Updated 6-Feb-2020
4161,2622,WOG WOG,NSW,149.752107,-35.628428,Delivery Area,Delivery Area,11401,Shoalhaven,114,Southern Highlands and Shoalhaven,R3,Updated 6-Feb-2020
4162,2622,WYANBENE,NSW,149.752107,-35.628428,Delivery Area,Delivery Area,11401,Shoalhaven,114,Southern Highlands and Shoalhaven,R3,Updated 6-Feb-2020
4163,2623,CAPTAINS FLAT,NSW,149.445083,-35.552827,Delivery Area,Delivery Area,10102,Queanbeyan,101,Capital Region,R3,Updated 6-Feb-2020
4164,2624,BLUE COW,NSW,148.441281,-36.180818,,,11302,Tumut - Tumbarumba,113,Riverina,R3,Updated 6-Feb-2020
4165,2624,CHARLOTTES PASS,NSW,148.441281,-36.180818,,,11302,Tumut - Tumbarumba,113,Riverina,R3,Updated 6-Feb-2020
4166,2624,GUTHEGA,NSW,148.441281,-36.180818,,,11302,Tumut - Tumbarumba,113,Riverina,R3,Updated 6-Feb-2020
4167,2624,KOSCIUSKO,NSW,148.441281,-36.180818,,,11302,Tumut - Tumbarumba,113,Riverina,R3,Updated 6-Feb-2020
4168,2624,PERISHER VALLEY,NSW,148.441281,-36.180818,Delivery Area,Delivery Area,11302,Tumut - Tumbarumba,113,Riverina,R3,Updated 6-Feb-2020
4169,2624,SMIGGIN HOLES,NSW,148.441281,-36.180818,,,11302,Tumut - Tumbarumba,113,Riverina,R3,Updated 6-Feb-2020
4170,2625,THREDBO,NSW,148.301005,-36.50661,Delivery Area,Delivery Area,10103,Snowy Mountains,101,Capital Region,R3,Updated 6-Feb-2020
4171,2625,THREDBO VILLAGE,NSW,148.301005,-36.50661,Delivery Area,Delivery Area,10103,Snowy Mountains,101,Capital Region,R3,Updated 6-Feb-2020
4172,2626,BREDBO,NSW,149.168553,-35.941228,Delivery Area,Delivery Area,10103,Snowy Mountains,101,Capital Region,R3,Updated 6-Feb-2020
4173,2626,BUMBALONG,NSW,149.168553,-35.941228,Delivery Area,Delivery Area,10103,Snowy Mountains,101,Capital Region,R3,Updated 6-Feb-2020
4174,2626,COLINTON,NSW,149.168553,-35.941228,Delivery Area,Delivery Area,10103,Snowy Mountains,101,Capital Region,R3,Updated 6-Feb-2020
4175,2627,BULLOCKS FLAT,NSW,148.232341,-36.409113,,,11302,Tumut - Tumbarumba,113,Riverina,R3,Updated 6-Feb-2020
4176,2627,CRACKENBACK,NSW,148.232341,-36.409113,Delivery Area,Delivery Area,11302,Tumut - Tumbarumba,113,Riverina,R3,Updated 6-Feb-2020
4177,2627,EAST JINDABYNE,NSW,148.232341,-36.409113,Delivery Area,Delivery Area,11302,Tumut - Tumbarumba,113,Riverina,R3,Updated 6-Feb-2020
4178,2627,GROSSES PLAIN,NSW,148.232341,-36.409113,Delivery Area,Delivery Area,11302,Tumut - Tumbarumba,113,Riverina,R3,Updated 6-Feb-2020
4179,2627,GUNGARLIN,NSW,148.232341,-36.409113,Delivery Area,Delivery Area,11302,Tumut - Tumbarumba,113,Riverina,R3,Updated 6-Feb-2020
4180,2627,HILL TOP,NSW,148.232341,-36.409113,Delivery Area,Delivery Area,11302,Tumut - Tumbarumba,113,Riverina,R3,Updated 6-Feb-2020
20581,2627,INGEBIRAH,NSW,148.5276885,-36.63383861,Delivery Area,Delivery Area,11302,Tumut - Tumbarumba,113,Riverina,R3,Updated 6-Feb-2020
4181,2627,INGEBYRA,NSW,148.232341,-36.409113,,,11302,Tumut - Tumbarumba,113,Riverina,R3,Updated 6-Feb-2020
4182,2627,JINDABYNE,NSW,148.232341,-36.409113,Delivery Area,Delivery Area,11302,Tumut - Tumbarumba,113,Riverina,R3,Updated 6-Feb-2020
3897,2627,KALKITE,NSW,148.232341,-36.409113,Delivery Area,Delivery Area,11302,Tumut - Tumbarumba,113,Riverina,R3,Updated 6-Feb-2020
20582,2627,KOSCIUSZKO,NSW,148.2032728,-36.49033032,Delivery Area,Delivery Area,11302,Tumut - Tumbarumba,113,Riverina,R3,Updated 6-Feb-2020
20583,2627,KOSCIUSZKO NATIONAL PARK,NSW,148.3096588,-36.71983893,Delivery Area,Delivery Area,11302,Tumut - Tumbarumba,113,Riverina,R3,Updated 6-Feb-2020
3898,2627,LOWER THREDBO,NSW,148.232341,-36.409113,,,11302,Tumut - Tumbarumba,113,Riverina,R3,Updated 6-Feb-2020
3899,2627,MOONBAH,NSW,148.232341,-36.409113,Delivery Area,Delivery Area,11302,Tumut - Tumbarumba,113,Riverina,R3,Updated 6-Feb-2020
3900,2627,PILOT WILDERNESS,NSW,148.232341,-36.409113,Delivery Area,Delivery Area,11302,Tumut - Tumbarumba,113,Riverina,R3,Updated 6-Feb-2020
3901,2627,SAWPIT CREEK,NSW,148.232341,-36.409113,,,11302,Tumut - Tumbarumba,113,Riverina,R3,Updated 6-Feb-2020
22825,2628,AVONSIDE,NSW,148.7203767,-36.39806355,,,,,,,R3,Added 25-Mar-2020
22874,2628,AVONSIDE,NSW,,,,,,,,,,Added 16-May-2020
3902,2628,BELOKA,NSW,148.833511,-36.404324,Delivery Area,Delivery Area,10103,Snowy Mountains,101,Capital Region,R3,Updated 6-Feb-2020
3903,2628,BERRIDALE,NSW,148.833511,-36.404324,Delivery Area,Delivery Area,10103,Snowy Mountains,101,Capital Region,R3,Updated 6-Feb-2020
3904,2628,BRAEMAR BAY,NSW,148.833511,-36.404324,,,10103,Snowy Mountains,101,Capital Region,R3,Updated 6-Feb-2020
3905,2628,BYADBO WILDERNESS,NSW,148.833511,-36.404324,Delivery Area,Delivery Area,10103,Snowy Mountains,101,Capital Region,R3,Updated 6-Feb-2020
3906,2628,COOTRALANTRA,NSW,148.833511,-36.404324,Delivery Area,Delivery Area,10103,Snowy Mountains,101,Capital Region,R3,Updated 6-Feb-2020
3907,2628,DALGETY,NSW,148.833511,-36.404324,Delivery Area,Delivery Area,10103,Snowy Mountains,101,Capital Region,R3,Updated 6-Feb-2020
3908,2628,EUCUMBENE,NSW,148.833511,-36.404324,Delivery Area,Delivery Area,10103,Snowy Mountains,101,Capital Region,R3,Updated 6-Feb-2020
3909,2628,LOWER EUCEMBENE,NSW,148.833511,-36.404324,,,10103,Snowy Mountains,101,Capital Region,R3,Updated 6-Feb-2020
3910,2628,NUMBLA VALE,NSW,148.833511,-36.404324,Delivery Area,Delivery Area,10103,Snowy Mountains,101,Capital Region,R3,Updated 6-Feb-2020
3911,2628,PAUPONG,NSW,148.833511,-36.404324,Delivery Area,Delivery Area,10103,Snowy Mountains,101,Capital Region,R3,Updated 6-Feb-2020
3912,2628,ROCKY PLAIN,NSW,148.833511,-36.404324,Delivery Area,Delivery Area,10103,Snowy Mountains,101,Capital Region,R3,Updated 6-Feb-2020
3913,2628,SNOWY PLAIN,NSW,148.833511,-36.404324,Delivery Area,Delivery Area,10103,Snowy Mountains,101,Capital Region,R3,Updated 6-Feb-2020
3914,2629,ADAMINABY,NSW,148.769744,-35.997349,Delivery Area,Delivery Area,11302,Tumut - Tumbarumba,113,Riverina,R3,Updated 6-Feb-2020
3915,2629,ANGLERS REACH,NSW,148.769744,-35.997349,Delivery Area,Delivery Area,11302,Tumut - Tumbarumba,113,Riverina,R3,Updated 6-Feb-2020
22829,2629,BROKEN DAM,NSW,0,0,,,,,,,R3,Added 25-Mar-2020
3916,2629,CABRAMURRA,NSW,148.769744,-35.997349,Delivery Area,Delivery Area,11302,Tumut - Tumbarumba,113,Riverina,R3,Updated 6-Feb-2020
3917,2629,KIANDRA,NSW,148.769744,-35.997349,,,11302,Tumut - Tumbarumba,113,Riverina,R3,Updated 6-Feb-2020
22876,2629,LONG PLAIN,NSW,,,,,,,,,,Added 16-May-2020
3918,2629,OLD ADAMINABY,NSW,148.769744,-35.997349,Delivery Area,Delivery Area,11302,Tumut - Tumbarumba,113,Riverina,R3,Updated 6-Feb-2020
3919,2629,PROVIDENCE PORTAL,NSW,148.769744,-35.997349,Delivery Area,Delivery Area,11302,Tumut - Tumbarumba,113,Riverina,R3,Updated 6-Feb-2020
3920,2629,TANTANGARA,NSW,148.769744,-35.997349,Delivery Area,Delivery Area,11302,Tumut - Tumbarumba,113,Riverina,R3,Updated 6-Feb-2020
3921,2629,YAOUK,NSW,148.769744,-35.997349,Delivery Area,Delivery Area,11302,Tumut - Tumbarumba,113,Riverina,R3,Updated 6-Feb-2020
3922,2630,ARABLE,NSW,149.129166,-36.177296,Delivery Area,Delivery Area,10103,Snowy Mountains,101,Capital Region,R3,Updated 6-Feb-2020
3923,2630,BADJA,NSW,149.129166,-36.177296,Delivery Area,Delivery Area,10103,Snowy Mountains,101,Capital Region,R3,Updated 6-Feb-2020
3924,2630,BILLILINGRA,NSW,149.129166,-36.177296,Delivery Area,Delivery Area,10103,Snowy Mountains,101,Capital Region,R3,Updated 6-Feb-2020
3925,2630,BINJURA,NSW,149.129166,-36.177296,Delivery Area,Delivery Area,10103,Snowy Mountains,101,Capital Region,R3,Updated 6-Feb-2020
3926,2630,BOBUNDARA,NSW,149.129166,-36.177296,Delivery Area,Delivery Area,10103,Snowy Mountains,101,Capital Region,R3,Updated 6-Feb-2020
3927,2630,BOLARO,NSW,149.129166,-36.177296,,,10103,Snowy Mountains,101,Capital Region,R3,Updated 6-Feb-2020
3928,2630,BUCKENDERRA,NSW,149.129166,-36.177296,Delivery Area,Delivery Area,10103,Snowy Mountains,101,Capital Region,R3,Updated 6-Feb-2020
3929,2630,BUNGARBY,NSW,149.129166,-36.177296,Delivery Area,Delivery Area,10103,Snowy Mountains,101,Capital Region,R3,Updated 6-Feb-2020
3930,2630,BUNYAN,NSW,149.129166,-36.177296,Delivery Area,Delivery Area,10103,Snowy Mountains,101,Capital Region,R3,Updated 6-Feb-2020
3931,2630,CARLAMINDA,NSW,149.129166,-36.177296,Delivery Area,Delivery Area,10103,Snowy Mountains,101,Capital Region,R3,Updated 6-Feb-2020
3932,2630,CHAKOLA,NSW,149.129166,-36.177296,Delivery Area,Delivery Area,10103,Snowy Mountains,101,Capital Region,R3,Updated 6-Feb-2020
3933,2630,COOLRINGDON,NSW,149.129166,-36.177296,Delivery Area,Delivery Area,10103,Snowy Mountains,101,Capital Region,R3,Updated 6-Feb-2020
3934,2630,COOMA,NSW,149.129166,-36.177296,Delivery Area,Delivery Area,10103,Snowy Mountains,101,Capital Region,R3,Updated 6-Feb-2020
3935,2630,COOMA NORTH,NSW,149.129166,-36.177296,Delivery Area,Delivery Area,10103,Snowy Mountains,101,Capital Region,R3,Updated 6-Feb-2020
3936,2630,COONERANG,NSW,149.129166,-36.177296,,,10103,Snowy Mountains,101,Capital Region,R3,Updated 6-Feb-2020
3937,2630,COUNTEGANY,NSW,149.129166,-36.177296,Delivery Area,Delivery Area,10103,Snowy Mountains,101,Capital Region,R3,Updated 6-Feb-2020
3938,2630,DAIRYMANS PLAINS,NSW,149.129166,-36.177296,Delivery Area,Delivery Area,10103,Snowy Mountains,101,Capital Region,R3,Updated 6-Feb-2020
3939,2630,DANGELONG,NSW,149.129166,-36.177296,Delivery Area,Delivery Area,10103,Snowy Mountains,101,Capital Region,R3,Updated 6-Feb-2020
3940,2630,DRY PLAIN,NSW,149.129166,-36.177296,Delivery Area,Delivery Area,10103,Snowy Mountains,101,Capital Region,R3,Updated 6-Feb-2020
3941,2630,FRYING PAN,NSW,149.129166,-36.177296,Delivery Area,Delivery Area,10103,Snowy Mountains,101,Capital Region,R3,Updated 6-Feb-2020
3942,2630,GLEN FERGUS,NSW,149.129166,-36.177296,Delivery Area,Delivery Area,10103,Snowy Mountains,101,Capital Region,R3,Updated 6-Feb-2020
3943,2630,IRONMUNGY,NSW,149.129166,-36.177296,Delivery Area,Delivery Area,10103,Snowy Mountains,101,Capital Region,R3,Updated 6-Feb-2020
3944,2630,JERANGLE,NSW,149.129166,-36.177296,Delivery Area,Delivery Area,10103,Snowy Mountains,101,Capital Region,R3,Updated 6-Feb-2020
3945,2630,JIMENBUEN,NSW,149.129166,-36.177296,Delivery Area,Delivery Area,10103,Snowy Mountains,101,Capital Region,R3,Updated 6-Feb-2020
3946,2630,LONG PLAIN,NSW,149.129166,-36.177296,,,10103,Snowy Mountains,101,Capital Region,R3,Updated 6-Feb-2020
3947,2630,MAFFRA,NSW,149.129166,-36.177296,Delivery Area,Delivery Area,10103,Snowy Mountains,101,Capital Region,R3,Updated 6-Feb-2020
3948,2630,MIDDLE FLAT,NSW,149.129166,-36.177296,Delivery Area,Delivery Area,10103,Snowy Mountains,101,Capital Region,R3,Updated 6-Feb-2020
3949,2630,MIDDLINGBANK,NSW,149.129166,-36.177296,Delivery Area,Delivery Area,10103,Snowy Mountains,101,Capital Region,R3,Updated 6-Feb-2020
3950,2630,MURRUMBUCCA,NSW,149.129166,-36.177296,Delivery Area,Delivery Area,10103,Snowy Mountains,101,Capital Region,R3,Updated 6-Feb-2020
3951,2630,MYALLA,NSW,149.129166,-36.177296,Delivery Area,Delivery Area,10103,Snowy Mountains,101,Capital Region,R3,Updated 6-Feb-2020
3952,2630,NIMMO,NSW,149.129166,-36.177296,,,10103,Snowy Mountains,101,Capital Region,R3,Updated 6-Feb-2020
3953,2630,NUMERALLA,NSW,149.129166,-36.177296,Delivery Area,Delivery Area,10103,Snowy Mountains,101,Capital Region,R3,Updated 6-Feb-2020
3954,2630,PEAK VIEW,NSW,149.129166,-36.177296,Delivery Area,Delivery Area,10103,Snowy Mountains,101,Capital Region,R3,Updated 6-Feb-2020
3955,2630,PINE VALLEY,NSW,149.129166,-36.177296,Delivery Area,Delivery Area,10103,Snowy Mountains,101,Capital Region,R3,Updated 6-Feb-2020
3956,2630,POLO FLAT,NSW,149.129166,-36.177296,Delivery Area,Delivery Area,10103,Snowy Mountains,101,Capital Region,R3,Updated 6-Feb-2020
3957,2630,RHINE FALLS,NSW,149.129166,-36.177296,Delivery Area,Delivery Area,10103,Snowy Mountains,101,Capital Region,R3,Updated 6-Feb-2020
3958,2630,ROCK FLAT,NSW,149.129166,-36.177296,Delivery Area,Delivery Area,10103,Snowy Mountains,101,Capital Region,R3,Updated 6-Feb-2020
3959,2630,ROSE VALLEY,NSW,149.129166,-36.177296,Delivery Area,Delivery Area,10103,Snowy Mountains,101,Capital Region,R3,Updated 6-Feb-2020
3960,2630,SHANNONS FLAT,NSW,149.129166,-36.177296,Delivery Area,Delivery Area,10103,Snowy Mountains,101,Capital Region,R3,Updated 6-Feb-2020
20584,2630,SPRINGFIELD,NSW,149.1240028,-36.53249186,Delivery Area,Delivery Area,10103,Snowy Mountains,101,Capital Region,R3,Updated 6-Feb-2020
3961,2630,THE BROTHERS,NSW,149.129166,-36.177296,Delivery Area,Delivery Area,10103,Snowy Mountains,101,Capital Region,R3,Updated 6-Feb-2020
3962,2630,TUROSS,NSW,149.129166,-36.177296,Delivery Area,Delivery Area,10103,Snowy Mountains,101,Capital Region,R3,Updated 6-Feb-2020
3963,2630,WAMBROOK,NSW,149.129166,-36.177296,Delivery Area,Delivery Area,10103,Snowy Mountains,101,Capital Region,R3,Updated 6-Feb-2020
3964,2631,ANDO,NSW,149.306729,-36.529386,Delivery Area,Delivery Area,10103,Snowy Mountains,101,Capital Region,R3,Updated 6-Feb-2020
3965,2631,BOCCI,NSW,149.306729,-36.529386,,,10103,Snowy Mountains,101,Capital Region,R3,Updated 6-Feb-2020
20585,2631,BOCO,NSW,149.1558323,-36.60719832,Delivery Area,Delivery Area,10103,Snowy Mountains,101,Capital Region,R3,Updated 6-Feb-2020
3966,2631,CREEWAH,NSW,149.306729,-36.529386,Delivery Area,Delivery Area,10103,Snowy Mountains,101,Capital Region,R3,Updated 6-Feb-2020
3967,2631,GLEN ALLEN,NSW,149.306729,-36.529386,Delivery Area,Delivery Area,10103,Snowy Mountains,101,Capital Region,R3,Updated 6-Feb-2020
3968,2631,GREENLANDS,NSW,149.306729,-36.529386,Delivery Area,Delivery Area,10103,Snowy Mountains,101,Capital Region,R3,Updated 6-Feb-2020
3969,2631,HOLTS FLAT,NSW,149.306729,-36.529386,Delivery Area,Delivery Area,10103,Snowy Mountains,101,Capital Region,R3,Updated 6-Feb-2020
3970,2631,JIMCUMBILLY,NSW,149.306729,-36.529386,,,10103,Snowy Mountains,101,Capital Region,R3,Updated 6-Feb-2020
20586,2631,JINCUMBILLY,NSW,149.258075,-36.68592548,Delivery Area,Delivery Area,10103,Snowy Mountains,101,Capital Region,R3,Updated 6-Feb-2020
3971,2631,KYBEYAN,NSW,149.306729,-36.529386,Delivery Area,Delivery Area,10103,Snowy Mountains,101,Capital Region,R3,Updated 6-Feb-2020
3972,2631,MOUNT COOPER,NSW,149.306729,-36.529386,Delivery Area,Delivery Area,10103,Snowy Mountains,101,Capital Region,R3,Updated 6-Feb-2020
3973,2631,NIMMITABEL,NSW,149.306729,-36.529386,Delivery Area,Delivery Area,10103,Snowy Mountains,101,Capital Region,R3,Updated 6-Feb-2020
3974,2631,STEEPLE FLAT,NSW,149.306729,-36.529386,Delivery Area,Delivery Area,10103,Snowy Mountains,101,Capital Region,R3,Updated 6-Feb-2020
3975,2631,WINIFRED,NSW,149.306729,-36.529386,Delivery Area,Delivery Area,10103,Snowy Mountains,101,Capital Region,R3,Updated 6-Feb-2020
3976,2632,BIBBENLUKE,NSW,149.220453,-37.020122,Delivery Area,Delivery Area,10104,South Coast,101,Capital Region,R3,Updated 6-Feb-2020
3977,2632,BOMBALA,NSW,149.220453,-37.020122,Delivery Area,Delivery Area,10104,South Coast,101,Capital Region,R3,Updated 6-Feb-2020
3978,2632,BONDI FOREST,NSW,149.220453,-37.020122,Delivery Area,Delivery Area,10104,South Coast,101,Capital Region,R3,Updated 6-Feb-2020
3979,2632,BUKALONG,NSW,149.220453,-37.020122,Delivery Area,Delivery Area,10104,South Coast,101,Capital Region,R3,Updated 6-Feb-2020
3980,2632,CAMBALONG,NSW,149.220453,-37.020122,Delivery Area,Delivery Area,10104,South Coast,101,Capital Region,R3,Updated 6-Feb-2020
3981,2632,CATHCART,NSW,149.220453,-37.020122,Delivery Area,Delivery Area,10104,South Coast,101,Capital Region,R3,Updated 6-Feb-2020
3982,2632,COOLUMBOOKA,NSW,149.220453,-37.020122,Delivery Area,Delivery Area,10104,South Coast,101,Capital Region,R3,Updated 6-Feb-2020
3983,2632,CRAIGIE,NSW,149.220453,-37.020122,Delivery Area,Delivery Area,10104,South Coast,101,Capital Region,R3,Updated 6-Feb-2020
3984,2632,GUNNINGRAH,NSW,149.220453,-37.020122,Delivery Area,Delivery Area,10104,South Coast,101,Capital Region,R3,Updated 6-Feb-2020
3985,2632,LORDS HILL,NSW,149.220453,-37.020122,Delivery Area,Delivery Area,10104,South Coast,101,Capital Region,R3,Updated 6-Feb-2020
3986,2632,MERRIANGAAH,NSW,149.220453,-37.020122,Delivery Area,Delivery Area,10104,South Coast,101,Capital Region,R3,Updated 6-Feb-2020
3987,2632,MILA,NSW,149.220453,-37.020122,Delivery Area,Delivery Area,10104,South Coast,101,Capital Region,R3,Updated 6-Feb-2020
3988,2632,MOUNT DARRAGH,NSW,149.220453,-37.020122,Delivery Area,Delivery Area,10104,South Coast,101,Capital Region,R3,Updated 6-Feb-2020
3989,2632,NUNGATTA,NSW,149.220453,-37.020122,,,10104,South Coast,101,Capital Region,R3,Updated 6-Feb-2020
3990,2632,PADDYS FLAT,NSW,149.220453,-37.020122,Delivery Area,Delivery Area,10104,South Coast,101,Capital Region,R3,Updated 6-Feb-2020
3991,2632,PALARANG,NSW,149.220453,-37.020122,Delivery Area,Delivery Area,10104,South Coast,101,Capital Region,R3,Updated 6-Feb-2020
3992,2632,QUIDONG,NSW,149.220453,-37.020122,Delivery Area,Delivery Area,10104,South Coast,101,Capital Region,R3,Updated 6-Feb-2020
3993,2632,ROCKTON,NSW,149.220453,-37.020122,Delivery Area,Delivery Area,10104,South Coast,101,Capital Region,R3,Updated 6-Feb-2020
3994,2632,ROSEMEATH,NSW,149.220453,-37.020122,Delivery Area,Delivery Area,10104,South Coast,101,Capital Region,R3,Updated 6-Feb-2020
3995,2633,CORROWONG,NSW,148.701564,-36.865206,Delivery Area,Delivery Area,20502,Gippsland - East,205,Latrobe - Gippsland,R3,Updated 6-Feb-2020
3996,2633,DELEGATE,NSW,148.701564,-36.865206,Delivery Area,Delivery Area,20502,Gippsland - East,205,Latrobe - Gippsland,R3,Updated 6-Feb-2020
3997,2633,TOMBONG,NSW,148.701564,-36.865206,Delivery Area,Delivery Area,20502,Gippsland - East,205,Latrobe - Gippsland,R3,Updated 6-Feb-2020
3998,2640,ALBURY,NSW,147.026549,-36.016196,Delivery Area,Delivery Area,20403,Wodonga - Alpine,204,Hume,R3,Updated 6-Feb-2020
3999,2640,BUNGOWANNAH,NSW,147.026549,-36.016196,Delivery Area,Delivery Area,20403,Wodonga - Alpine,204,Hume,R3,Updated 6-Feb-2020
4000,2640,EAST ALBURY,NSW,147.026549,-36.016196,Delivery Area,Delivery Area,20403,Wodonga - Alpine,204,Hume,R3,Updated 6-Feb-2020
4001,2640,ETTAMOGAH,NSW,147.026549,-36.016196,Delivery Area,Delivery Area,20403,Wodonga - Alpine,204,Hume,R3,Updated 6-Feb-2020
4002,2640,GLENROY,NSW,147.026549,-36.016196,Delivery Area,Delivery Area,20403,Wodonga - Alpine,204,Hume,R3,Updated 6-Feb-2020
4003,2640,LAVINGTON DC,NSW,147.026549,-36.016196,,,20403,Wodonga - Alpine,204,Hume,R3,Updated 6-Feb-2020
4004,2640,MOORWATHA,NSW,147.026549,-36.016196,Delivery Area,Delivery Area,20403,Wodonga - Alpine,204,Hume,R3,Updated 6-Feb-2020
4005,2640,NORTH ALBURY,NSW,147.026549,-36.016196,Delivery Area,Delivery Area,20403,Wodonga - Alpine,204,Hume,R3,Updated 6-Feb-2020
4006,2640,OURNIE,NSW,147.026549,-36.016196,Delivery Area,Delivery Area,20403,Wodonga - Alpine,204,Hume,R3,Updated 6-Feb-2020
4007,2640,SOUTH ALBURY,NSW,147.026549,-36.016196,Delivery Area,Delivery Area,20403,Wodonga - Alpine,204,Hume,R3,Updated 6-Feb-2020
4008,2640,SPLITTERS CREEK,NSW,147.026549,-36.016196,Delivery Area,Delivery Area,20403,Wodonga - Alpine,204,Hume,R3,Updated 6-Feb-2020
4009,2640,TABLE TOP,NSW,147.026549,-36.016196,Delivery Area,Delivery Area,20403,Wodonga - Alpine,204,Hume,R3,Updated 6-Feb-2020
4010,2640,TALMALMO,NSW,147.026549,-36.016196,Delivery Area,Delivery Area,20403,Wodonga - Alpine,204,Hume,R3,Updated 6-Feb-2020
4011,2640,THURGOONA,NSW,147.026549,-36.016196,Delivery Area,Delivery Area,20403,Wodonga - Alpine,204,Hume,R3,Updated 6-Feb-2020
4012,2640,WEST ALBURY,NSW,147.026549,-36.016196,Delivery Area,Delivery Area,20403,Wodonga - Alpine,204,Hume,R3,Updated 6-Feb-2020
4013,2640,WIRLINGA,NSW,147.026549,-36.016196,Delivery Area,Delivery Area,20403,Wodonga - Alpine,204,Hume,R3,Updated 6-Feb-2020
4014,2640,WYMAH,NSW,147.026549,-36.016196,Delivery Area,Delivery Area,20403,Wodonga - Alpine,204,Hume,R3,Updated 6-Feb-2020
4015,2641,HAMILTON VALLEY,NSW,146.930436,-36.038655,Delivery Area,Delivery Area,10901,Albury,109,Murray,R3,Updated 6-Feb-2020
4016,2641,LAVINGTON,NSW,146.930436,-36.038655,Delivery Area,Delivery Area,10901,Albury,109,Murray,R3,Updated 6-Feb-2020
4017,2641,SPRINGDALE HEIGHTS,NSW,146.930436,-36.038655,Delivery Area,Delivery Area,10901,Albury,109,Murray,R3,Updated 6-Feb-2020
20587,2642,BIDGEEMIA,NSW,146.4617054,-35.39437569,Delivery Area,Delivery Area,20403,Wodonga - Alpine,204,Hume,R3,Updated 6-Feb-2020
4018,2642,BROCKLESBY,NSW,148.094043,-36.044097,Delivery Area,Delivery Area,20403,Wodonga - Alpine,204,Hume,R3,Updated 6-Feb-2020
4019,2642,BURRUMBUTTOCK,NSW,148.094043,-36.044097,Delivery Area,Delivery Area,20403,Wodonga - Alpine,204,Hume,R3,Updated 6-Feb-2020
4020,2642,GEEHI,NSW,148.094043,-36.044097,Delivery Area,Delivery Area,20403,Wodonga - Alpine,204,Hume,R3,Updated 6-Feb-2020
4021,2642,GEROGERY,NSW,148.094043,-36.044097,Delivery Area,Delivery Area,20403,Wodonga - Alpine,204,Hume,R3,Updated 6-Feb-2020
20588,2642,GLENELLEN,NSW,146.9037334,-35.884679,Delivery Area,Delivery Area,20403,Wodonga - Alpine,204,Hume,R3,Updated 6-Feb-2020
4022,2642,GREG GREG,NSW,148.094043,-36.044097,Delivery Area,Delivery Area,20403,Wodonga - Alpine,204,Hume,R3,Updated 6-Feb-2020
4023,2642,INDI,NSW,148.094043,-36.044097,Delivery Area,Delivery Area,20403,Wodonga - Alpine,204,Hume,R3,Updated 6-Feb-2020
4024,2642,JAGUMBA,NSW,148.094043,-36.044097,Delivery Area,Delivery Area,20403,Wodonga - Alpine,204,Hume,R3,Updated 6-Feb-2020
4025,2642,JAGUNGAL WILDERNESS,NSW,148.094043,-36.044097,Delivery Area,Delivery Area,20403,Wodonga - Alpine,204,Hume,R3,Updated 6-Feb-2020
4026,2642,JINDERA,NSW,148.094043,-36.044097,Delivery Area,Delivery Area,20403,Wodonga - Alpine,204,Hume,R3,Updated 6-Feb-2020
4027,2642,JINGELLIC,NSW,148.094043,-36.044097,Delivery Area,Delivery Area,20403,Wodonga - Alpine,204,Hume,R3,Updated 6-Feb-2020
4028,2642,KHANCOBAN,NSW,148.094043,-36.044097,Delivery Area,Delivery Area,20403,Wodonga - Alpine,204,Hume,R3,Updated 6-Feb-2020
4029,2642,MURRAY GORGE,NSW,148.094043,-36.044097,Delivery Area,Delivery Area,20403,Wodonga - Alpine,204,Hume,R3,Updated 6-Feb-2020
4030,2642,RAND,NSW,148.094043,-36.044097,Delivery Area,Delivery Area,20403,Wodonga - Alpine,204,Hume,R3,Updated 6-Feb-2020
4031,2642,TOOMA,NSW,148.094043,-36.044097,Delivery Area,Delivery Area,20403,Wodonga - Alpine,204,Hume,R3,Updated 6-Feb-2020
4032,2642,WALBUNDRIE,NSW,148.094043,-36.044097,Delivery Area,Delivery Area,20403,Wodonga - Alpine,204,Hume,R3,Updated 6-Feb-2020
20589,2642,WELAREGANG,NSW,147.9646879,-36.01137124,Delivery Area,Delivery Area,20403,Wodonga - Alpine,204,Hume,R3,Updated 6-Feb-2020
20590,2642,WRATHALL,NSW,146.8907143,-35.36399542,Delivery Area,Delivery Area,20403,Wodonga - Alpine,204,Hume,R3,Updated 6-Feb-2020
4033,2642,YERONG CREEK,NSW,148.094043,-36.044097,Delivery Area,Delivery Area,20403,Wodonga - Alpine,204,Hume,R3,Updated 6-Feb-2020
4034,2643,HOWLONG,NSW,146.617535,-35.936556,Delivery Area,Delivery Area,10903,Upper Murray exc. Albury,109,Murray,R3,Updated 6-Feb-2020
4035,2644,BOWNA,NSW,147.391271,-35.773247,Delivery Area,Delivery Area,20403,Wodonga - Alpine,204,Hume,R3,Updated 6-Feb-2020
4036,2644,COPPABELLA,NSW,147.391271,-35.773247,Delivery Area,Delivery Area,20403,Wodonga - Alpine,204,Hume,R3,Updated 6-Feb-2020
4037,2644,HOLBROOK,NSW,147.391271,-35.773247,Delivery Area,Delivery Area,20403,Wodonga - Alpine,204,Hume,R3,Updated 6-Feb-2020
4038,2644,LANKEYS CREEK,NSW,147.391271,-35.773247,Delivery Area,Delivery Area,20403,Wodonga - Alpine,204,Hume,R3,Updated 6-Feb-2020
3755,2644,LITTLE BILLABONG,NSW,147.391271,-35.773247,Delivery Area,Delivery Area,20403,Wodonga - Alpine,204,Hume,R3,Updated 6-Feb-2020
3756,2644,MOUNTAIN CREEK,NSW,147.391271,-35.773247,Delivery Area,Delivery Area,20403,Wodonga - Alpine,204,Hume,R3,Updated 6-Feb-2020
3757,2644,MULLENGANDRA,NSW,147.391271,-35.773247,Delivery Area,Delivery Area,20403,Wodonga - Alpine,204,Hume,R3,Updated 6-Feb-2020
3758,2644,WANTAGONG,NSW,147.391271,-35.773247,Delivery Area,Delivery Area,20403,Wodonga - Alpine,204,Hume,R3,Updated 6-Feb-2020
3759,2644,WOOMARGAMA,NSW,147.391271,-35.773247,Delivery Area,Delivery Area,20403,Wodonga - Alpine,204,Hume,R3,Updated 6-Feb-2020
20591,2644,YARARA,NSW,147.6488785,-35.72015098,Delivery Area,Delivery Area,20403,Wodonga - Alpine,204,Hume,R3,Updated 6-Feb-2020
3760,2645,COONONG,NSW,146.332431,-35.333843,Delivery Area,Delivery Area,11303,Wagga Wagga,113,Riverina,R3,Updated 6-Feb-2020
20592,2645,CULLIVEL,NSW,146.4661362,-35.25188138,Delivery Area,Delivery Area,11303,Wagga Wagga,113,Riverina,R3,Updated 6-Feb-2020
3761,2645,URANA,NSW,146.332431,-35.333843,Delivery Area,Delivery Area,11303,Wagga Wagga,113,Riverina,R3,Updated 6-Feb-2020
3762,2645,YULUMA,NSW,146.332431,-35.333843,Delivery Area,Delivery Area,11303,Wagga Wagga,113,Riverina,R3,Updated 6-Feb-2020
3763,2646,BALLDALE,NSW,146.324523,-35.757569,Delivery Area,Delivery Area,10903,Upper Murray exc. Albury,109,Murray,R3,Updated 6-Feb-2020
3764,2646,BULL PLAIN,NSW,146.324523,-35.757569,Delivery Area,Delivery Area,10903,Upper Murray exc. Albury,109,Murray,R3,Updated 6-Feb-2020
3765,2646,BURAJA,NSW,146.324523,-35.757569,Delivery Area,Delivery Area,10903,Upper Murray exc. Albury,109,Murray,R3,Updated 6-Feb-2020
3766,2646,COADS TANK,NSW,146.324523,-35.757569,Delivery Area,Delivery Area,10903,Upper Murray exc. Albury,109,Murray,R3,Updated 6-Feb-2020
3767,2646,COLLENDINA,NSW,146.324523,-35.757569,Delivery Area,Delivery Area,10903,Upper Murray exc. Albury,109,Murray,R3,Updated 6-Feb-2020
3768,2646,COREEN,NSW,146.324523,-35.757569,Delivery Area,Delivery Area,10903,Upper Murray exc. Albury,109,Murray,R3,Updated 6-Feb-2020
3769,2646,COROWA,NSW,146.324523,-35.757569,Delivery Area,Delivery Area,10903,Upper Murray exc. Albury,109,Murray,R3,Updated 6-Feb-2020
3770,2646,DAYSDALE,NSW,146.324523,-35.757569,Delivery Area,Delivery Area,10903,Upper Murray exc. Albury,109,Murray,R3,Updated 6-Feb-2020
3771,2646,GOOMBARGANA,NSW,146.324523,-35.757569,Delivery Area,Delivery Area,10903,Upper Murray exc. Albury,109,Murray,R3,Updated 6-Feb-2020
20593,2646,HOPEFIELD,NSW,146.4627814,-35.91677256,Delivery Area,Delivery Area,10903,Upper Murray exc. Albury,109,Murray,R3,Updated 6-Feb-2020
3772,2646,LOWESDALE,NSW,146.324523,-35.757569,Delivery Area,Delivery Area,10903,Upper Murray exc. Albury,109,Murray,R3,Updated 6-Feb-2020
3773,2646,MERTON VALE,NSW,146.324523,-35.757569,,,10903,Upper Murray exc. Albury,109,Murray,R3,Updated 6-Feb-2020
20594,2646,NYORA,NSW,145.9759818,-35.53527298,Delivery Area,Delivery Area,10903,Upper Murray exc. Albury,109,Murray,R3,Updated 6-Feb-2020
3774,2646,OAKLANDS,NSW,146.324523,-35.757569,Delivery Area,Delivery Area,10903,Upper Murray exc. Albury,109,Murray,R3,Updated 6-Feb-2020
3775,2646,REDLANDS,NSW,146.324523,-35.757569,Delivery Area,Delivery Area,10903,Upper Murray exc. Albury,109,Murray,R3,Updated 6-Feb-2020
3776,2646,RENNIE,NSW,146.324523,-35.757569,Delivery Area,Delivery Area,10903,Upper Murray exc. Albury,109,Murray,R3,Updated 6-Feb-2020
3777,2646,RINGWOOD,NSW,146.324523,-35.757569,Delivery Area,Delivery Area,10903,Upper Murray exc. Albury,109,Murray,R3,Updated 6-Feb-2020
20595,2646,SANGER,NSW,146.1393372,-35.66888015,Delivery Area,Delivery Area,10903,Upper Murray exc. Albury,109,Murray,R3,Updated 6-Feb-2020
3778,2646,SAVERNAKE,NSW,146.324523,-35.757569,Delivery Area,Delivery Area,10903,Upper Murray exc. Albury,109,Murray,R3,Updated 6-Feb-2020
3779,2647,MULWALA,NSW,145.976131,-35.905463,Delivery Area,Delivery Area,10903,Upper Murray exc. Albury,109,Murray,R3,Updated 6-Feb-2020
20596,2648,ANABRANCH NORTH,NSW,141.8018461,-33.29624634,Delivery Area,Delivery Area,10902,Lower Murray,109,Murray,R3,Updated 6-Feb-2020
20597,2648,ANABRANCH SOUTH,NSW,141.6901075,-33.71600464,Delivery Area,Delivery Area,10902,Lower Murray,109,Murray,R3,Updated 6-Feb-2020
3780,2648,BOEILL CREEK,NSW,141.90794,-33.466819,Delivery Area,Delivery Area,10902,Lower Murray,109,Murray,R3,Updated 6-Feb-2020
3781,2648,CAL LAL,NSW,141.90794,-33.466819,Delivery Area,Delivery Area,10902,Lower Murray,109,Murray,R3,Updated 6-Feb-2020
3782,2648,CURLWAA,NSW,141.90794,-33.466819,Delivery Area,Delivery Area,10902,Lower Murray,109,Murray,R3,Updated 6-Feb-2020
20598,2648,ELLERSLIE,NSW,142.0280067,-33.82419252,Delivery Area,Delivery Area,10902,Lower Murray,109,Murray,R3,Updated 6-Feb-2020
20599,2648,MOORARA,NSW,142.6530287,-33.02877594,Delivery Area,Delivery Area,10902,Lower Murray,109,Murray,R3,Updated 6-Feb-2020
3783,2648,MOURQUONG,NSW,141.90794,-33.466819,Delivery Area,Delivery Area,10902,Lower Murray,109,Murray,R3,Updated 6-Feb-2020
3784,2648,PALINYEWAH,NSW,141.90794,-33.466819,Delivery Area,Delivery Area,10902,Lower Murray,109,Murray,R3,Updated 6-Feb-2020
20600,2648,PAN BAN,NSW,143.2073097,-33.05631458,Delivery Area,Delivery Area,10902,Lower Murray,109,Murray,R3,Updated 6-Feb-2020
20601,2648,PARA,NSW,142.0926084,-33.65296503,Delivery Area,Delivery Area,10902,Lower Murray,109,Murray,R3,Updated 6-Feb-2020
20602,2648,PINE CAMP,NSW,141.2234086,-33.67053259,Delivery Area,Delivery Area,10902,Lower Murray,109,Murray,R3,Updated 6-Feb-2020
3785,2648,POMONA,NSW,141.90794,-33.466819,Delivery Area,Delivery Area,10902,Lower Murray,109,Murray,R3,Updated 6-Feb-2020
3786,2648,POONCARIE,NSW,141.90794,-33.466819,Delivery Area,Delivery Area,10902,Lower Murray,109,Murray,R3,Updated 6-Feb-2020
20603,2648,RUFUS,NSW,141.3399533,-33.99434131,Delivery Area,Delivery Area,10902,Lower Murray,109,Murray,R3,Updated 6-Feb-2020
3787,2648,RUFUS RIVER,NSW,141.90794,-33.466819,Delivery Area,Delivery Area,10902,Lower Murray,109,Murray,R3,Updated 6-Feb-2020
20604,2648,SCOTIA,NSW,141.3075309,-33.27956077,Delivery Area,Delivery Area,10902,Lower Murray,109,Murray,R3,Updated 6-Feb-2020
3788,2648,WENTWORTH,NSW,141.90794,-33.466819,Delivery Area,Delivery Area,10902,Lower Murray,109,Murray,R3,Updated 6-Feb-2020
3789,2649,LAUREL HILL,NSW,148.091211,-35.608279,Delivery Area,Delivery Area,11302,Tumut - Tumbarumba,113,Riverina,R3,Updated 6-Feb-2020
3790,2649,NURENMERENMONG,NSW,148.091211,-35.608279,Delivery Area,Delivery Area,11302,Tumut - Tumbarumba,113,Riverina,R3,Updated 6-Feb-2020
3791,2650,ALFREDTOWN,NSW,147.376202,-35.07459,Delivery Area,Delivery Area,11303,Wagga Wagga,113,Riverina,R3,Updated 6-Feb-2020
3792,2650,ASHMONT,NSW,147.376202,-35.07459,Delivery Area,Delivery Area,11303,Wagga Wagga,113,Riverina,R3,Updated 6-Feb-2020
3793,2650,BELFRAYDEN,NSW,147.376202,-35.07459,Delivery Area,Delivery Area,11303,Wagga Wagga,113,Riverina,R3,Updated 6-Feb-2020
3794,2650,BERRY JERRY,NSW,147.376202,-35.07459,Delivery Area,Delivery Area,11303,Wagga Wagga,113,Riverina,R3,Updated 6-Feb-2020
3795,2650,BIG SPRINGS,NSW,147.376202,-35.07459,Delivery Area,Delivery Area,11303,Wagga Wagga,113,Riverina,R3,Updated 6-Feb-2020
3796,2650,BOMEN,NSW,147.376202,-35.07459,Delivery Area,Delivery Area,11303,Wagga Wagga,113,Riverina,R3,Updated 6-Feb-2020
3797,2650,BOOK BOOK,NSW,147.376202,-35.07459,Delivery Area,Delivery Area,11303,Wagga Wagga,113,Riverina,R3,Updated 6-Feb-2020
3798,2650,BOOROOMA,NSW,147.376202,-35.07459,Delivery Area,Delivery Area,11303,Wagga Wagga,113,Riverina,R3,Updated 6-Feb-2020
3799,2650,BORAMBOLA,NSW,147.376202,-35.07459,Delivery Area,Delivery Area,11303,Wagga Wagga,113,Riverina,R3,Updated 6-Feb-2020
3800,2650,BOURKELANDS,NSW,147.376202,-35.07459,Delivery Area,Delivery Area,11303,Wagga Wagga,113,Riverina,R3,Updated 6-Feb-2020
3801,2650,BRUCEDALE,NSW,147.376202,-35.07459,Delivery Area,Delivery Area,11303,Wagga Wagga,113,Riverina,R3,Updated 6-Feb-2020
3802,2650,BULGARY,NSW,147.376202,-35.07459,Delivery Area,Delivery Area,11303,Wagga Wagga,113,Riverina,R3,Updated 6-Feb-2020
3803,2650,BURRANDANA,NSW,147.376202,-35.07459,Delivery Area,Delivery Area,11303,Wagga Wagga,113,Riverina,R3,Updated 6-Feb-2020
3804,2650,CARABOST,NSW,147.376202,-35.07459,Delivery Area,Delivery Area,11303,Wagga Wagga,113,Riverina,R3,Updated 6-Feb-2020
3805,2650,CARTWRIGHTS HILL,NSW,147.376202,-35.07459,Delivery Area,Delivery Area,11303,Wagga Wagga,113,Riverina,R3,Updated 6-Feb-2020
3806,2650,COLLINGULLIE,NSW,147.376202,-35.07459,Delivery Area,Delivery Area,11303,Wagga Wagga,113,Riverina,R3,Updated 6-Feb-2020
3807,2650,COOKARDINIA,NSW,147.376202,-35.07459,Delivery Area,Delivery Area,11303,Wagga Wagga,113,Riverina,R3,Updated 6-Feb-2020
3808,2650,COURSING PARK,NSW,147.376202,-35.07459,,,11303,Wagga Wagga,113,Riverina,R3,Updated 6-Feb-2020
3809,2650,CURRAWANANNA,NSW,147.376202,-35.07459,Delivery Area,Delivery Area,11303,Wagga Wagga,113,Riverina,R3,Updated 6-Feb-2020
3810,2650,CURRAWARNA,NSW,147.376202,-35.07459,Delivery Area,Delivery Area,11303,Wagga Wagga,113,Riverina,R3,Updated 6-Feb-2020
20605,2650,DHULURA,NSW,147.2980075,-35.01626243,Delivery Area,Delivery Area,11303,Wagga Wagga,113,Riverina,R3,Updated 6-Feb-2020
3811,2650,DOWNSIDE,NSW,147.376202,-35.07459,Delivery Area,Delivery Area,11303,Wagga Wagga,113,Riverina,R3,Updated 6-Feb-2020
3812,2650,EAST WAGGA WAGGA,NSW,147.376202,-35.07459,Delivery Area,Delivery Area,11303,Wagga Wagga,113,Riverina,R3,Updated 6-Feb-2020
3813,2650,ESTELLA,NSW,147.376202,-35.07459,Delivery Area,Delivery Area,11303,Wagga Wagga,113,Riverina,R3,Updated 6-Feb-2020
3814,2650,EUBERTA,NSW,147.376202,-35.07459,Delivery Area,Delivery Area,11303,Wagga Wagga,113,Riverina,R3,Updated 6-Feb-2020
20606,2650,EUNANOREENYA,NSW,147.4701477,-35.08301353,Delivery Area,Delivery Area,11303,Wagga Wagga,113,Riverina,R3,Updated 6-Feb-2020
3815,2650,EUNONOREENYA,NSW,147.376202,-35.07459,,,11303,Wagga Wagga,113,Riverina,R3,Updated 6-Feb-2020
20607,2650,GALORE,NSW,146.8276727,-34.98594374,Delivery Area,Delivery Area,11303,Wagga Wagga,113,Riverina,R3,Updated 6-Feb-2020
3816,2650,GELSTON PARK,NSW,147.376202,-35.07459,Delivery Area,Delivery Area,11303,Wagga Wagga,113,Riverina,R3,Updated 6-Feb-2020
3817,2650,GLENFIELD PARK,NSW,147.376202,-35.07459,Delivery Area,Delivery Area,11303,Wagga Wagga,113,Riverina,R3,Updated 6-Feb-2020
3818,2650,GOBBAGOMBALIN,NSW,147.376202,-35.07459,Delivery Area,Delivery Area,11303,Wagga Wagga,113,Riverina,R3,Updated 6-Feb-2020
3819,2650,GREGADOO,NSW,147.376202,-35.07459,Delivery Area,Delivery Area,11303,Wagga Wagga,113,Riverina,R3,Updated 6-Feb-2020
3820,2650,HAREFIELD,NSW,147.376202,-35.07459,Delivery Area,Delivery Area,11303,Wagga Wagga,113,Riverina,R3,Updated 6-Feb-2020
3821,2650,HILLGROVE,NSW,147.376202,-35.07459,Delivery Area,Delivery Area,11303,Wagga Wagga,113,Riverina,R3,Updated 6-Feb-2020
3822,2650,KOORINGAL,NSW,147.376202,-35.07459,Delivery Area,Delivery Area,11303,Wagga Wagga,113,Riverina,R3,Updated 6-Feb-2020
3823,2650,KYEAMBA,NSW,147.376202,-35.07459,Delivery Area,Delivery Area,11303,Wagga Wagga,113,Riverina,R3,Updated 6-Feb-2020
3824,2650,LAKE ALBERT,NSW,147.376202,-35.07459,Delivery Area,Delivery Area,11303,Wagga Wagga,113,Riverina,R3,Updated 6-Feb-2020
3825,2650,LLOYD,NSW,147.376202,-35.07459,Delivery Area,Delivery Area,11303,Wagga Wagga,113,Riverina,R3,Updated 6-Feb-2020
3826,2650,MAXWELL,NSW,147.376202,-35.07459,Delivery Area,Delivery Area,11303,Wagga Wagga,113,Riverina,R3,Updated 6-Feb-2020
3827,2650,MOORONG,NSW,147.376202,-35.07459,Delivery Area,Delivery Area,11303,Wagga Wagga,113,Riverina,R3,Updated 6-Feb-2020
3828,2650,MOUNT AUSTIN,NSW,147.376202,-35.07459,Delivery Area,Delivery Area,11303,Wagga Wagga,113,Riverina,R3,Updated 6-Feb-2020
20608,2650,NORTH WAGGA WAGGA,NSW,147.3881179,-35.09559883,Delivery Area,Delivery Area,11303,Wagga Wagga,113,Riverina,R3,Updated 6-Feb-2020
3829,2650,OBERNE CREEK,NSW,147.376202,-35.07459,Delivery Area,Delivery Area,11303,Wagga Wagga,113,Riverina,R3,Updated 6-Feb-2020
3830,2650,OURA,NSW,147.376202,-35.07459,Delivery Area,Delivery Area,11303,Wagga Wagga,113,Riverina,R3,Updated 6-Feb-2020
3831,2650,PULLETOP,NSW,147.376202,-35.07459,Delivery Area,Delivery Area,11303,Wagga Wagga,113,Riverina,R3,Updated 6-Feb-2020
3832,2650,ROWAN,NSW,147.376202,-35.07459,Delivery Area,Delivery Area,11303,Wagga Wagga,113,Riverina,R3,Updated 6-Feb-2020
3833,2650,SAN ISIDORE,NSW,147.376202,-35.07459,Delivery Area,Delivery Area,11303,Wagga Wagga,113,Riverina,R3,Updated 6-Feb-2020
3834,2650,SPRINGVALE,NSW,147.376202,-35.07459,Delivery Area,Delivery Area,11303,Wagga Wagga,113,Riverina,R3,Updated 6-Feb-2020
3835,2650,TATTON,NSW,147.376202,-35.07459,Delivery Area,Delivery Area,11303,Wagga Wagga,113,Riverina,R3,Updated 6-Feb-2020
3836,2650,THE GAP,NSW,147.376202,-35.07459,Delivery Area,Delivery Area,11303,Wagga Wagga,113,Riverina,R3,Updated 6-Feb-2020
3837,2650,TOLLAND,NSW,147.376202,-35.07459,Delivery Area,Delivery Area,11303,Wagga Wagga,113,Riverina,R3,Updated 6-Feb-2020
3838,2650,TURVEY PARK,NSW,147.376202,-35.07459,Delivery Area,Delivery Area,11303,Wagga Wagga,113,Riverina,R3,Updated 6-Feb-2020
3839,2650,WAGGA WAGGA,NSW,147.376202,-35.07459,Delivery Area,Delivery Area,11303,Wagga Wagga,113,Riverina,R3,Updated 6-Feb-2020
3840,2650,WAGGA WAGGA BC,NSW,147.376202,-35.07459,,,11303,Wagga Wagga,113,Riverina,R3,Updated 6-Feb-2020
3841,2650,WAGGA WAGGA NORTH,NSW,147.376202,-35.07459,,,11303,Wagga Wagga,113,Riverina,R3,Updated 6-Feb-2020
3842,2650,WAGGA WAGGA SOUTH,NSW,147.376202,-35.07459,Delivery Area,Delivery Area,11303,Wagga Wagga,113,Riverina,R3,Updated 6-Feb-2020
3843,2650,WALLACETOWN,NSW,147.376202,-35.07459,Delivery Area,Delivery Area,11303,Wagga Wagga,113,Riverina,R3,Updated 6-Feb-2020
3844,2650,WANTABADGERY,NSW,147.376202,-35.07459,Delivery Area,Delivery Area,11303,Wagga Wagga,113,Riverina,R3,Updated 6-Feb-2020
3845,2650,WESTBY,NSW,147.376202,-35.07459,,,11303,Wagga Wagga,113,Riverina,R3,Updated 6-Feb-2020
3846,2650,WESTDALE,NSW,147.376202,-35.07459,Delivery Area,Delivery Area,11303,Wagga Wagga,113,Riverina,R3,Updated 6-Feb-2020
3847,2650,YARRAGUNDRY,NSW,147.376202,-35.07459,Delivery Area,Delivery Area,11303,Wagga Wagga,113,Riverina,R3,Updated 6-Feb-2020
3848,2650,YATHELLA,NSW,147.376202,-35.07459,Delivery Area,Delivery Area,11303,Wagga Wagga,113,Riverina,R3,Updated 6-Feb-2020
3849,2651,FOREST HILL,NSW,147.463477,-35.162259,Delivery Area,Delivery Area,11303,Wagga Wagga,113,Riverina,R3,Updated 6-Feb-2020
3850,2651,WAGGA WAGGA RAAF,NSW,147.463477,-35.162259,,,11303,Wagga Wagga,113,Riverina,R3,Updated 6-Feb-2020
3851,2652,BOORGA,NSW,147.64961,-35.405064,Delivery Area,Delivery Area,11303,Wagga Wagga,113,Riverina,R3,Updated 6-Feb-2020
3852,2652,BOREE CREEK,NSW,147.64961,-35.405064,Delivery Area,Delivery Area,11303,Wagga Wagga,113,Riverina,R3,Updated 6-Feb-2020
20609,2652,COWABBIE,NSW,146.9538087,-34.58479004,Delivery Area,Delivery Area,11303,Wagga Wagga,113,Riverina,R3,Updated 6-Feb-2020
3853,2652,GALORE,NSW,147.64961,-35.405064,Delivery Area,Delivery Area,11303,Wagga Wagga,113,Riverina,R3,Updated 6-Feb-2020
3854,2652,GOOLGOWI,NSW,147.64961,-35.405064,Delivery Area,Delivery Area,11303,Wagga Wagga,113,Riverina,R3,Updated 6-Feb-2020
3855,2652,GRONG GRONG,NSW,147.64961,-35.405064,Delivery Area,Delivery Area,11303,Wagga Wagga,113,Riverina,R3,Updated 6-Feb-2020
3856,2652,GUMLY GUMLY,NSW,147.64961,-35.405064,Delivery Area,Delivery Area,11303,Wagga Wagga,113,Riverina,R3,Updated 6-Feb-2020
3857,2652,HUMULA,NSW,147.64961,-35.405064,Delivery Area,Delivery Area,11303,Wagga Wagga,113,Riverina,R3,Updated 6-Feb-2020
3858,2652,LADYSMITH,NSW,147.64961,-35.405064,Delivery Area,Delivery Area,11303,Wagga Wagga,113,Riverina,R3,Updated 6-Feb-2020
20610,2652,LANDERVALE,NSW,146.7093983,-34.53721764,Delivery Area,Delivery Area,11303,Wagga Wagga,113,Riverina,R3,Updated 6-Feb-2020
3859,2652,MANGOPLAH,NSW,147.64961,-35.405064,Delivery Area,Delivery Area,11303,Wagga Wagga,113,Riverina,R3,Updated 6-Feb-2020
3860,2652,MARRAR,NSW,147.64961,-35.405064,Delivery Area,Delivery Area,11303,Wagga Wagga,113,Riverina,R3,Updated 6-Feb-2020
3861,2652,MATONG,NSW,147.64961,-35.405064,Delivery Area,Delivery Area,11303,Wagga Wagga,113,Riverina,R3,Updated 6-Feb-2020
3862,2652,MERRIWAGGA,NSW,147.64961,-35.405064,Delivery Area,Delivery Area,11303,Wagga Wagga,113,Riverina,R3,Updated 6-Feb-2020
3863,2652,MURRULEBALE,NSW,147.64961,-35.405064,Delivery Area,Delivery Area,11303,Wagga Wagga,113,Riverina,R3,Updated 6-Feb-2020
3864,2652,OBERNE,NSW,147.64961,-35.405064,,,11303,Wagga Wagga,113,Riverina,R3,Updated 6-Feb-2020
3865,2652,OLD JUNEE,NSW,147.64961,-35.405064,Delivery Area,Delivery Area,11303,Wagga Wagga,113,Riverina,R3,Updated 6-Feb-2020
3866,2652,ROSEWOOD,NSW,147.64961,-35.405064,Delivery Area,Delivery Area,11303,Wagga Wagga,113,Riverina,R3,Updated 6-Feb-2020
3867,2652,TABBITA,NSW,147.64961,-35.405064,Delivery Area,Delivery Area,11303,Wagga Wagga,113,Riverina,R3,Updated 6-Feb-2020
3868,2652,TARCUTTA,NSW,147.64961,-35.405064,Delivery Area,Delivery Area,11303,Wagga Wagga,113,Riverina,R3,Updated 6-Feb-2020
3869,2652,URANQUINTY,NSW,147.64961,-35.405064,Delivery Area,Delivery Area,11303,Wagga Wagga,113,Riverina,R3,Updated 6-Feb-2020
3870,2653,BURRA,NSW,148.041339,-35.776209,Delivery Area,Delivery Area,11302,Tumut - Tumbarumba,113,Riverina,R3,Updated 6-Feb-2020
3871,2653,COURABYRA,NSW,148.041339,-35.776209,Delivery Area,Delivery Area,11302,Tumut - Tumbarumba,113,Riverina,R3,Updated 6-Feb-2020
3872,2653,GLENROY,NSW,148.041339,-35.776209,Delivery Area,Delivery Area,11302,Tumut - Tumbarumba,113,Riverina,R3,Updated 6-Feb-2020
3873,2653,MANNUS,NSW,148.041339,-35.776209,Delivery Area,Delivery Area,11302,Tumut - Tumbarumba,113,Riverina,R3,Updated 6-Feb-2020
3874,2653,MARAGLE,NSW,148.041339,-35.776209,Delivery Area,Delivery Area,11302,Tumut - Tumbarumba,113,Riverina,R3,Updated 6-Feb-2020
3875,2653,MUNDEROO,NSW,148.041339,-35.776209,Delivery Area,Delivery Area,11302,Tumut - Tumbarumba,113,Riverina,R3,Updated 6-Feb-2020
3876,2653,PADDYS RIVER,NSW,148.041339,-35.776209,Delivery Area,Delivery Area,11302,Tumut - Tumbarumba,113,Riverina,R3,Updated 6-Feb-2020
3877,2653,TARADALE,NSW,148.041339,-35.776209,Delivery Area,Delivery Area,11302,Tumut - Tumbarumba,113,Riverina,R3,Updated 6-Feb-2020
3878,2653,TUMBARUMBA,NSW,148.041339,-35.776209,Delivery Area,Delivery Area,11302,Tumut - Tumbarumba,113,Riverina,R3,Updated 6-Feb-2020
20611,2653,WESTDALE,NSW,147.8837054,-35.56985611,Delivery Area,Delivery Area,11302,Tumut - Tumbarumba,113,Riverina,R3,Updated 6-Feb-2020
3879,2653,WILLIGOBUNG,NSW,148.041339,-35.776209,Delivery Area,Delivery Area,11302,Tumut - Tumbarumba,113,Riverina,R3,Updated 6-Feb-2020
3880,2655,BIRDLIP,NSW,147.047366,-35.225102,Delivery Area,Delivery Area,11303,Wagga Wagga,113,Riverina,R3,Updated 6-Feb-2020
3881,2655,FRENCH PARK,NSW,147.047366,-35.225102,Delivery Area,Delivery Area,11303,Wagga Wagga,113,Riverina,R3,Updated 6-Feb-2020
3882,2655,KUBURA,NSW,147.047366,-35.225102,Delivery Area,Delivery Area,11303,Wagga Wagga,113,Riverina,R3,Updated 6-Feb-2020
3883,2655,THE ROCK,NSW,147.047366,-35.225102,Delivery Area,Delivery Area,11303,Wagga Wagga,113,Riverina,R3,Updated 6-Feb-2020
3884,2655,TOOTOOL,NSW,147.047366,-35.225102,Delivery Area,Delivery Area,11303,Wagga Wagga,113,Riverina,R3,Updated 6-Feb-2020
3885,2656,BROOKDALE,NSW,146.767674,-35.356021,Delivery Area,Delivery Area,11303,Wagga Wagga,113,Riverina,R3,Updated 6-Feb-2020
20612,2656,BROOKONG,NSW,146.5848721,-35.30235248,Delivery Area,Delivery Area,11303,Wagga Wagga,113,Riverina,R3,Updated 6-Feb-2020
20613,2656,FARGUNYAH,NSW,146.7447657,-35.12355673,Delivery Area,Delivery Area,11303,Wagga Wagga,113,Riverina,R3,Updated 6-Feb-2020
3886,2656,LOCKHART,NSW,146.767674,-35.356021,Delivery Area,Delivery Area,11303,Wagga Wagga,113,Riverina,R3,Updated 6-Feb-2020
3887,2656,MILBRULONG,NSW,146.767674,-35.356021,Delivery Area,Delivery Area,11303,Wagga Wagga,113,Riverina,R3,Updated 6-Feb-2020
3888,2656,OSBORNE,NSW,146.767674,-35.356021,Delivery Area,Delivery Area,11303,Wagga Wagga,113,Riverina,R3,Updated 6-Feb-2020
3889,2656,URANGELINE,NSW,146.767674,-35.356021,Delivery Area,Delivery Area,11303,Wagga Wagga,113,Riverina,R3,Updated 6-Feb-2020
3890,2656,URANGELINE EAST,NSW,146.767674,-35.356021,Delivery Area,Delivery Area,11303,Wagga Wagga,113,Riverina,R3,Updated 6-Feb-2020
3891,2658,GRUBBEN,NSW,146.977849,-35.535739,Delivery Area,Delivery Area,11303,Wagga Wagga,113,Riverina,R3,Updated 6-Feb-2020
3892,2658,HENTY,NSW,146.977849,-35.535739,Delivery Area,Delivery Area,11303,Wagga Wagga,113,Riverina,R3,Updated 6-Feb-2020
3893,2658,MUNYABLA,NSW,146.977849,-35.535739,Delivery Area,Delivery Area,11303,Wagga Wagga,113,Riverina,R3,Updated 6-Feb-2020
3894,2658,PLEASANT HILLS,NSW,146.977849,-35.535739,Delivery Area,Delivery Area,11303,Wagga Wagga,113,Riverina,R3,Updated 6-Feb-2020
3895,2658,RYAN,NSW,146.977849,-35.535739,Delivery Area,Delivery Area,11303,Wagga Wagga,113,Riverina,R3,Updated 6-Feb-2020
3896,2659,ALMA PARK,NSW,146.767477,-35.610147,Delivery Area,Delivery Area,10901,Albury,109,Murray,R3,Updated 6-Feb-2020
3611,2659,WALLA WALLA,NSW,146.767477,-35.610147,Delivery Area,Delivery Area,10901,Albury,109,Murray,R3,Updated 6-Feb-2020
3612,2660,CARNSDALE,NSW,147.07831,-35.699906,Delivery Area,Delivery Area,10901,Albury,109,Murray,R3,Updated 6-Feb-2020
3613,2660,CULCAIRN,NSW,147.07831,-35.699906,Delivery Area,Delivery Area,10901,Albury,109,Murray,R3,Updated 6-Feb-2020
3614,2660,MORVEN,NSW,147.07831,-35.699906,Delivery Area,Delivery Area,10901,Albury,109,Murray,R3,Updated 6-Feb-2020
3615,2661,KAPOOKA,NSW,147.277559,-35.157697,LVR,LVR,11303,Wagga Wagga,113,Riverina,R3,Updated 6-Feb-2020
3616,2663,BUNDURE,NSW,147.716767,-34.933478,Delivery Area,Delivery Area,11303,Wagga Wagga,113,Riverina,R3,Updated 6-Feb-2020
3617,2663,COOBA,NSW,147.716767,-34.933478,Delivery Area,Delivery Area,11303,Wagga Wagga,113,Riverina,R3,Updated 6-Feb-2020
3618,2663,COWABBIE,NSW,147.716767,-34.933478,Delivery Area,Delivery Area,11303,Wagga Wagga,113,Riverina,R3,Updated 6-Feb-2020
3619,2663,ERIN VALE,NSW,147.716767,-34.933478,Delivery Area,Delivery Area,11303,Wagga Wagga,113,Riverina,R3,Updated 6-Feb-2020
3620,2663,EURONGILLY,NSW,147.716767,-34.933478,Delivery Area,Delivery Area,11303,Wagga Wagga,113,Riverina,R3,Updated 6-Feb-2020
3621,2663,JUNEE,NSW,147.716767,-34.933478,Delivery Area,Delivery Area,11303,Wagga Wagga,113,Riverina,R3,Updated 6-Feb-2020
3622,2663,LANDERVALE,NSW,147.716767,-34.933478,Delivery Area,Delivery Area,11303,Wagga Wagga,113,Riverina,R3,Updated 6-Feb-2020
3623,2663,MARINNA,NSW,147.716767,-34.933478,Delivery Area,Delivery Area,11303,Wagga Wagga,113,Riverina,R3,Updated 6-Feb-2020
3624,2663,WANTIOOL,NSW,147.716767,-34.933478,Delivery Area,Delivery Area,11303,Wagga Wagga,113,Riverina,R3,Updated 6-Feb-2020
3625,2665,ARDLETHAN,NSW,146.841533,-34.313241,Delivery Area,Delivery Area,11303,Wagga Wagga,113,Riverina,R3,Updated 6-Feb-2020
3626,2665,ARIAH PARK,NSW,146.841533,-34.313241,Delivery Area,Delivery Area,11303,Wagga Wagga,113,Riverina,R3,Updated 6-Feb-2020
3627,2665,BARELLAN,NSW,146.841533,-34.313241,Delivery Area,Delivery Area,11303,Wagga Wagga,113,Riverina,R3,Updated 6-Feb-2020
3628,2665,BECKOM,NSW,146.841533,-34.313241,Delivery Area,Delivery Area,11303,Wagga Wagga,113,Riverina,R3,Updated 6-Feb-2020
3629,2665,BECTRIC,NSW,146.841533,-34.313241,Delivery Area,Delivery Area,11303,Wagga Wagga,113,Riverina,R3,Updated 6-Feb-2020
3630,2665,BINYA,NSW,146.841533,-34.313241,Delivery Area,Delivery Area,11303,Wagga Wagga,113,Riverina,R3,Updated 6-Feb-2020
3631,2665,KAMARAH,NSW,146.841533,-34.313241,Delivery Area,Delivery Area,11303,Wagga Wagga,113,Riverina,R3,Updated 6-Feb-2020
3632,2665,MIRROOL,NSW,146.841533,-34.313241,Delivery Area,Delivery Area,11303,Wagga Wagga,113,Riverina,R3,Updated 6-Feb-2020
3633,2665,MOOMBOOLDOOL,NSW,146.841533,-34.313241,Delivery Area,Delivery Area,11303,Wagga Wagga,113,Riverina,R3,Updated 6-Feb-2020
3634,2665,MOUNT CRYSTAL,NSW,146.841533,-34.313241,Delivery Area,Delivery Area,11303,Wagga Wagga,113,Riverina,R3,Updated 6-Feb-2020
20614,2665,QUANDARY,NSW,147.3238472,-34.37221928,Delivery Area,Delivery Area,11303,Wagga Wagga,113,Riverina,R3,Updated 6-Feb-2020
3635,2665,TARA,NSW,146.841533,-34.313241,Delivery Area,Delivery Area,11303,Wagga Wagga,113,Riverina,R3,Updated 6-Feb-2020
3636,2665,WALLEROOBIE,NSW,146.841533,-34.313241,Delivery Area,Delivery Area,11303,Wagga Wagga,113,Riverina,R3,Updated 6-Feb-2020
3637,2666,COMBANING,NSW,147.583811,-34.487779,Delivery Area,Delivery Area,11303,Wagga Wagga,113,Riverina,R3,Updated 6-Feb-2020
3638,2666,DIRNASEER,NSW,147.583811,-34.487779,Delivery Area,Delivery Area,11303,Wagga Wagga,113,Riverina,R3,Updated 6-Feb-2020
3639,2666,GIDGINBUNG,NSW,147.583811,-34.487779,Delivery Area,Delivery Area,11303,Wagga Wagga,113,Riverina,R3,Updated 6-Feb-2020
3640,2666,GROGAN,NSW,147.583811,-34.487779,Delivery Area,Delivery Area,11303,Wagga Wagga,113,Riverina,R3,Updated 6-Feb-2020
3641,2666,JUNEE REEFS,NSW,147.583811,-34.487779,Delivery Area,Delivery Area,11303,Wagga Wagga,113,Riverina,R3,Updated 6-Feb-2020
3642,2666,MIMOSA,NSW,147.583811,-34.487779,Delivery Area,Delivery Area,11303,Wagga Wagga,113,Riverina,R3,Updated 6-Feb-2020
3643,2666,MORANGARELL,NSW,147.583811,-34.487779,Delivery Area,Delivery Area,11303,Wagga Wagga,113,Riverina,R3,Updated 6-Feb-2020
3644,2666,NARRABURRA,NSW,147.583811,-34.487779,Delivery Area,Delivery Area,11303,Wagga Wagga,113,Riverina,R3,Updated 6-Feb-2020
3645,2666,PUCAWAN,NSW,147.583811,-34.487779,Delivery Area,Delivery Area,11303,Wagga Wagga,113,Riverina,R3,Updated 6-Feb-2020
3646,2666,QUANDARY,NSW,147.583811,-34.487779,,,11303,Wagga Wagga,113,Riverina,R3,Updated 6-Feb-2020
3647,2666,REEFTON,NSW,147.583811,-34.487779,Delivery Area,Delivery Area,11303,Wagga Wagga,113,Riverina,R3,Updated 6-Feb-2020
3648,2666,SEBASTOPOL,NSW,147.583811,-34.487779,Delivery Area,Delivery Area,11303,Wagga Wagga,113,Riverina,R3,Updated 6-Feb-2020
3649,2666,SPRINGDALE,NSW,147.583811,-34.487779,Delivery Area,Delivery Area,11303,Wagga Wagga,113,Riverina,R3,Updated 6-Feb-2020
3650,2666,TEMORA,NSW,147.583811,-34.487779,Delivery Area,Delivery Area,11303,Wagga Wagga,113,Riverina,R3,Updated 6-Feb-2020
3651,2666,TRUNGLEY HALL,NSW,147.583811,-34.487779,Delivery Area,Delivery Area,11303,Wagga Wagga,113,Riverina,R3,Updated 6-Feb-2020
3652,2668,BARMEDMAN,NSW,147.405434,-34.121499,Delivery Area,Delivery Area,11303,Wagga Wagga,113,Riverina,R3,Updated 6-Feb-2020
3653,2669,BYGALORIE,NSW,146.667476,-33.814887,Delivery Area,Delivery Area,11301,Griffith - Murrumbidgee (West),113,Riverina,R3,Updated 6-Feb-2020
3654,2669,ERIGOLIA,NSW,146.667476,-33.814887,Delivery Area,Delivery Area,11301,Griffith - Murrumbidgee (West),113,Riverina,R3,Updated 6-Feb-2020
3655,2669,GIRRAL,NSW,146.667476,-33.814887,Delivery Area,Delivery Area,11301,Griffith - Murrumbidgee (West),113,Riverina,R3,Updated 6-Feb-2020
3656,2669,GUBBATA,NSW,146.667476,-33.814887,,,11301,Griffith - Murrumbidgee (West),113,Riverina,R3,Updated 6-Feb-2020
3657,2669,KIKOIRA,NSW,146.667476,-33.814887,Delivery Area,Delivery Area,11301,Griffith - Murrumbidgee (West),113,Riverina,R3,Updated 6-Feb-2020
3658,2669,MELBERGEN,NSW,146.667476,-33.814887,Delivery Area,Delivery Area,11301,Griffith - Murrumbidgee (West),113,Riverina,R3,Updated 6-Feb-2020
3659,2669,NARADHAN,NSW,146.667476,-33.814887,Delivery Area,Delivery Area,11301,Griffith - Murrumbidgee (West),113,Riverina,R3,Updated 6-Feb-2020
3660,2669,NORTH YALGOGRIN,NSW,146.667476,-33.814887,,,11301,Griffith - Murrumbidgee (West),113,Riverina,R3,Updated 6-Feb-2020
3661,2669,RANKINS SPRINGS,NSW,146.667476,-33.814887,Delivery Area,Delivery Area,11301,Griffith - Murrumbidgee (West),113,Riverina,R3,Updated 6-Feb-2020
3662,2669,TALLIMBA,NSW,146.667476,-33.814887,Delivery Area,Delivery Area,11301,Griffith - Murrumbidgee (West),113,Riverina,R3,Updated 6-Feb-2020
3663,2669,TULLIBIGEAL,NSW,146.667476,-33.814887,Delivery Area,Delivery Area,11301,Griffith - Murrumbidgee (West),113,Riverina,R3,Updated 6-Feb-2020
3664,2669,UNGARIE,NSW,146.667476,-33.814887,Delivery Area,Delivery Area,11301,Griffith - Murrumbidgee (West),113,Riverina,R3,Updated 6-Feb-2020
3665,2669,WEETHALLE,NSW,146.667476,-33.814887,Delivery Area,Delivery Area,11301,Griffith - Murrumbidgee (West),113,Riverina,R3,Updated 6-Feb-2020
3666,2669,WEJA,NSW,146.667476,-33.814887,Delivery Area,Delivery Area,11301,Griffith - Murrumbidgee (West),113,Riverina,R3,Updated 6-Feb-2020
3667,2669,YADDRA,NSW,146.667476,-33.814887,,,11301,Griffith - Murrumbidgee (West),113,Riverina,R3,Updated 6-Feb-2020
3668,2671,ALLEENA,NSW,147.308172,-33.839275,Delivery Area,Delivery Area,10302,Lachlan Valley,103,Central West,R3,Updated 6-Feb-2020
20615,2671,BACK CREEK,NSW,147.4605249,-33.8645322,Delivery Area,Delivery Area,10302,Lachlan Valley,103,Central West,R3,Updated 6-Feb-2020
3669,2671,BURCHER,NSW,147.308172,-33.839275,Delivery Area,Delivery Area,10302,Lachlan Valley,103,Central West,R3,Updated 6-Feb-2020
3670,2671,LAKE COWAL,NSW,147.308172,-33.839275,Delivery Area,Delivery Area,10302,Lachlan Valley,103,Central West,R3,Updated 6-Feb-2020
20616,2671,NORTH YALGOGRIN,NSW,146.8481059,-33.83024143,Delivery Area,Delivery Area,10302,Lachlan Valley,103,Central West,R3,Updated 6-Feb-2020
3671,2671,WEST WYALONG,NSW,147.308172,-33.839275,Delivery Area,Delivery Area,10302,Lachlan Valley,103,Central West,R3,Updated 6-Feb-2020
3672,2671,WYALONG,NSW,147.308172,-33.839275,Delivery Area,Delivery Area,10302,Lachlan Valley,103,Central West,R3,Updated 6-Feb-2020
3673,2672,BURGOONEY,NSW,146.40002,-33.24358,Delivery Area,Delivery Area,10501,Bourke - Cobar - Coonamble,105,Far West and Orana,R3,Updated 6-Feb-2020
20617,2672,CURLEW WATERS,NSW,146.4337705,-33.26188202,Delivery Area,Delivery Area,10501,Bourke - Cobar - Coonamble,105,Far West and Orana,R3,Updated 6-Feb-2020
3674,2672,LAKE CARGELLIGO,NSW,146.40002,-33.24358,Delivery Area,Delivery Area,10501,Bourke - Cobar - Coonamble,105,Far West and Orana,R3,Updated 6-Feb-2020
3675,2672,MURRIN BRIDGE,NSW,146.40002,-33.24358,Delivery Area,Delivery Area,10501,Bourke - Cobar - Coonamble,105,Far West and Orana,R3,Updated 6-Feb-2020
3676,2672,WARGAMBEGAL,NSW,146.40002,-33.24358,Delivery Area,Delivery Area,10501,Bourke - Cobar - Coonamble,105,Far West and Orana,R3,Updated 6-Feb-2020
3677,2675,HILLSTON,NSW,145.479249,-33.459192,Delivery Area,Delivery Area,11301,Griffith - Murrumbidgee (West),113,Riverina,R3,Updated 6-Feb-2020
3678,2675,LAKE BREWSTER,NSW,145.479249,-33.459192,Delivery Area,Delivery Area,11301,Griffith - Murrumbidgee (West),113,Riverina,R3,Updated 6-Feb-2020
3679,2675,MONIA GAP,NSW,145.479249,-33.459192,Delivery Area,Delivery Area,11301,Griffith - Murrumbidgee (West),113,Riverina,R3,Updated 6-Feb-2020
3680,2675,ROTO,NSW,145.479249,-33.459192,Delivery Area,Delivery Area,11301,Griffith - Murrumbidgee (West),113,Riverina,R3,Updated 6-Feb-2020
3681,2675,WALLANTHERY,NSW,145.479249,-33.459192,Delivery Area,Delivery Area,11301,Griffith - Murrumbidgee (West),113,Riverina,R3,Updated 6-Feb-2020
3682,2675,WHITE TOP,NSW,145.479249,-33.459192,,,11301,Griffith - Murrumbidgee (West),113,Riverina,R3,Updated 6-Feb-2020
3683,2678,CHARLES STURT UNIVERSITY,NSW,147.351953,-35.059334,Post Office Boxes,Post Office Boxes,11303,Wagga Wagga,113,Riverina,R3,Updated 6-Feb-2020
3684,2678,RIVERINA MSC,NSW,147.351953,-35.059334,,,11303,Wagga Wagga,113,Riverina,R3,Updated 6-Feb-2020
3685,2680,BEELBANGERA,NSW,145.914625,-34.321422,Delivery Area,Delivery Area,11301,Griffith - Murrumbidgee (West),113,Riverina,R3,Updated 6-Feb-2020
3686,2680,BENEREMBAH,NSW,145.914625,-34.321422,Delivery Area,Delivery Area,11301,Griffith - Murrumbidgee (West),113,Riverina,R3,Updated 6-Feb-2020
3687,2680,BILBUL,NSW,145.914625,-34.321422,Delivery Area,Delivery Area,11301,Griffith - Murrumbidgee (West),113,Riverina,R3,Updated 6-Feb-2020
3688,2680,GRIFFITH,NSW,145.914625,-34.321422,Delivery Area,Delivery Area,11301,Griffith - Murrumbidgee (West),113,Riverina,R3,Updated 6-Feb-2020
3689,2680,GRIFFITH DC,NSW,145.914625,-34.321422,,,11301,Griffith - Murrumbidgee (West),113,Riverina,R3,Updated 6-Feb-2020
3690,2680,GRIFFITH EAST,NSW,145.914625,-34.321422,Delivery Area,Delivery Area,11301,Griffith - Murrumbidgee (West),113,Riverina,R3,Updated 6-Feb-2020
3691,2680,HANWOOD,NSW,145.914625,-34.321422,Delivery Area,Delivery Area,11301,Griffith - Murrumbidgee (West),113,Riverina,R3,Updated 6-Feb-2020
3692,2680,KOOBA,NSW,145.914625,-34.321422,Delivery Area,Delivery Area,11301,Griffith - Murrumbidgee (West),113,Riverina,R3,Updated 6-Feb-2020
3693,2680,LAKE WYANGAN,NSW,145.914625,-34.321422,Delivery Area,Delivery Area,11301,Griffith - Murrumbidgee (West),113,Riverina,R3,Updated 6-Feb-2020
3694,2680,NERICON,NSW,145.914625,-34.321422,Delivery Area,Delivery Area,11301,Griffith - Murrumbidgee (West),113,Riverina,R3,Updated 6-Feb-2020
3695,2680,THARBOGANG,NSW,145.914625,-34.321422,Delivery Area,Delivery Area,11301,Griffith - Murrumbidgee (West),113,Riverina,R3,Updated 6-Feb-2020
3696,2680,WARBURN,NSW,145.914625,-34.321422,Delivery Area,Delivery Area,11301,Griffith - Murrumbidgee (West),113,Riverina,R3,Updated 6-Feb-2020
3697,2680,WARRAWIDGEE,NSW,145.914625,-34.321422,Delivery Area,Delivery Area,11301,Griffith - Murrumbidgee (West),113,Riverina,R3,Updated 6-Feb-2020
3698,2680,WIDGELLI,NSW,145.914625,-34.321422,Delivery Area,Delivery Area,11301,Griffith - Murrumbidgee (West),113,Riverina,R3,Updated 6-Feb-2020
3699,2680,WILLBRIGGIE,NSW,145.914625,-34.321422,Delivery Area,Delivery Area,11301,Griffith - Murrumbidgee (West),113,Riverina,R3,Updated 6-Feb-2020
3700,2680,YOOGALI,NSW,145.914625,-34.321422,Delivery Area,Delivery Area,11301,Griffith - Murrumbidgee (West),113,Riverina,R3,Updated 6-Feb-2020
3701,2681,MYALL PARK,NSW,146.14674,-34.116715,Delivery Area,Delivery Area,11301,Griffith - Murrumbidgee (West),113,Riverina,R3,Updated 6-Feb-2020
3702,2681,YENDA,NSW,146.14674,-34.116715,Delivery Area,Delivery Area,11301,Griffith - Murrumbidgee (West),113,Riverina,R3,Updated 6-Feb-2020
3703,2700,BIRREGO,NSW,146.303599,-34.902108,Delivery Area,Delivery Area,11301,Griffith - Murrumbidgee (West),113,Riverina,R3,Updated 6-Feb-2020
20618,2700,BUNDURE,NSW,145.8939638,-35.14236662,Delivery Area,Delivery Area,11301,Griffith - Murrumbidgee (West),113,Riverina,R3,Updated 6-Feb-2020
3704,2700,COLINROOBIE,NSW,146.303599,-34.902108,Delivery Area,Delivery Area,11301,Griffith - Murrumbidgee (West),113,Riverina,R3,Updated 6-Feb-2020
3705,2700,COROBIMILLA,NSW,146.303599,-34.902108,Delivery Area,Delivery Area,11301,Griffith - Murrumbidgee (West),113,Riverina,R3,Updated 6-Feb-2020
3706,2700,CUDGEL,NSW,146.303599,-34.902108,Delivery Area,Delivery Area,11301,Griffith - Murrumbidgee (West),113,Riverina,R3,Updated 6-Feb-2020
20619,2700,EUROLEY,NSW,146.3021114,-34.71006283,Delivery Area,Delivery Area,11301,Griffith - Murrumbidgee (West),113,Riverina,R3,Updated 6-Feb-2020
3707,2700,FAITHFULL,NSW,146.303599,-34.902108,Delivery Area,Delivery Area,11301,Griffith - Murrumbidgee (West),113,Riverina,R3,Updated 6-Feb-2020
20620,2700,GILLENBAH,NSW,146.444884,-34.77821612,Delivery Area,Delivery Area,11301,Griffith - Murrumbidgee (West),113,Riverina,R3,Updated 6-Feb-2020
3708,2700,KYWONG,NSW,146.303599,-34.902108,Delivery Area,Delivery Area,11301,Griffith - Murrumbidgee (West),113,Riverina,R3,Updated 6-Feb-2020
3709,2700,MORUNDAH,NSW,146.303599,-34.902108,Delivery Area,Delivery Area,11301,Griffith - Murrumbidgee (West),113,Riverina,R3,Updated 6-Feb-2020
3710,2700,NARRANDERA,NSW,146.303599,-34.902108,Delivery Area,Delivery Area,11301,Griffith - Murrumbidgee (West),113,Riverina,R3,Updated 6-Feb-2020
3711,2700,PAYNTERS SIDING,NSW,146.303599,-34.902108,Delivery Area,Delivery Area,11301,Griffith - Murrumbidgee (West),113,Riverina,R3,Updated 6-Feb-2020
3712,2700,SANDIGO,NSW,146.303599,-34.902108,Delivery Area,Delivery Area,11301,Griffith - Murrumbidgee (West),113,Riverina,R3,Updated 6-Feb-2020
3713,2700,UROLY,NSW,146.303599,-34.902108,,,11301,Griffith - Murrumbidgee (West),113,Riverina,R3,Updated 6-Feb-2020
3714,2700,WIDGIEWA,NSW,146.303599,-34.902108,Delivery Area,Delivery Area,11301,Griffith - Murrumbidgee (West),113,Riverina,R3,Updated 6-Feb-2020
20621,2701,BERRY JERRY,NSW,147.2465178,-34.70683231,Delivery Area,Delivery Area,11303,Wagga Wagga,113,Riverina,R3,Updated 6-Feb-2020
3715,2701,COOLAMON,NSW,147.193088,-34.804991,Delivery Area,Delivery Area,11303,Wagga Wagga,113,Riverina,R3,Updated 6-Feb-2020
3716,2701,METHUL,NSW,147.193088,-34.804991,Delivery Area,Delivery Area,11303,Wagga Wagga,113,Riverina,R3,Updated 6-Feb-2020
3717,2701,RANNOCK,NSW,147.193088,-34.804991,Delivery Area,Delivery Area,11303,Wagga Wagga,113,Riverina,R3,Updated 6-Feb-2020
3718,2701,TOOYAL,NSW,147.193088,-34.804991,Delivery Area,Delivery Area,11303,Wagga Wagga,113,Riverina,R3,Updated 6-Feb-2020
3719,2702,GANMAIN,NSW,147.014242,-34.86668,Delivery Area,Delivery Area,11303,Wagga Wagga,113,Riverina,R3,Updated 6-Feb-2020
3720,2703,YANCO,NSW,146.370827,-34.607943,Delivery Area,Delivery Area,11301,Griffith - Murrumbidgee (West),113,Riverina,R3,Updated 6-Feb-2020
3721,2705,BROBENAH,NSW,146.373471,-34.489867,Delivery Area,Delivery Area,11301,Griffith - Murrumbidgee (West),113,Riverina,R3,Updated 6-Feb-2020
3722,2705,CALORAFIELD,NSW,146.373471,-34.489867,Delivery Area,Delivery Area,11301,Griffith - Murrumbidgee (West),113,Riverina,R3,Updated 6-Feb-2020
3723,2705,CORBIE HILL,NSW,146.373471,-34.489867,Delivery Area,Delivery Area,11301,Griffith - Murrumbidgee (West),113,Riverina,R3,Updated 6-Feb-2020
3724,2705,GOGELDRIE,NSW,146.373471,-34.489867,Delivery Area,Delivery Area,11301,Griffith - Murrumbidgee (West),113,Riverina,R3,Updated 6-Feb-2020
3725,2705,LEETON,NSW,146.373471,-34.489867,Delivery Area,Delivery Area,11301,Griffith - Murrumbidgee (West),113,Riverina,R3,Updated 6-Feb-2020
3726,2705,MERUNGLE HILL,NSW,146.373471,-34.489867,Delivery Area,Delivery Area,11301,Griffith - Murrumbidgee (West),113,Riverina,R3,Updated 6-Feb-2020
3727,2705,MURRAMI,NSW,146.373471,-34.489867,Delivery Area,Delivery Area,11301,Griffith - Murrumbidgee (West),113,Riverina,R3,Updated 6-Feb-2020
3728,2705,STANBRIDGE,NSW,146.373471,-34.489867,Delivery Area,Delivery Area,11301,Griffith - Murrumbidgee (West),113,Riverina,R3,Updated 6-Feb-2020
3729,2705,WAMOON,NSW,146.373471,-34.489867,Delivery Area,Delivery Area,11301,Griffith - Murrumbidgee (West),113,Riverina,R3,Updated 6-Feb-2020
3730,2705,WHITTON,NSW,146.373471,-34.489867,Delivery Area,Delivery Area,11301,Griffith - Murrumbidgee (West),113,Riverina,R3,Updated 6-Feb-2020
3731,2706,DARLINGTON POINT,NSW,145.937532,-34.569464,Delivery Area,Delivery Area,11301,Griffith - Murrumbidgee (West),113,Riverina,R3,Updated 6-Feb-2020
3732,2707,ARGOON,NSW,145.807866,-34.768863,Delivery Area,Delivery Area,11301,Griffith - Murrumbidgee (West),113,Riverina,R3,Updated 6-Feb-2020
3733,2707,COLEAMBALLY,NSW,145.807866,-34.768863,Delivery Area,Delivery Area,11301,Griffith - Murrumbidgee (West),113,Riverina,R3,Updated 6-Feb-2020
3734,2708,ALBURY MSC,NSW,,,,,,,,,R3,
3735,2708,MURRAY REGION MC,NSW,,,,,,,,,R3,
3736,2710,BARRATTA,NSW,144.984378,-35.357619,Delivery Area,Delivery Area,11301,Griffith - Murrumbidgee (West),113,Riverina,R3,Updated 6-Feb-2020
3737,2710,BENARCA,NSW,144.984378,-35.357619,Delivery Area,Delivery Area,11301,Griffith - Murrumbidgee (West),113,Riverina,R3,Updated 6-Feb-2020
3738,2710,BIRGANBIGIL,NSW,144.984378,-35.357619,Delivery Area,Delivery Area,11301,Griffith - Murrumbidgee (West),113,Riverina,R3,Updated 6-Feb-2020
3739,2710,BOOROORBAN,NSW,144.984378,-35.357619,Delivery Area,Delivery Area,11301,Griffith - Murrumbidgee (West),113,Riverina,R3,Updated 6-Feb-2020
3740,2710,BRASSI,NSW,144.984378,-35.357619,Delivery Area,Delivery Area,11301,Griffith - Murrumbidgee (West),113,Riverina,R3,Updated 6-Feb-2020
20622,2710,BULLATALE,NSW,145.0806383,-35.73842466,Delivery Area,Delivery Area,11301,Griffith - Murrumbidgee (West),113,Riverina,R3,Updated 6-Feb-2020
3741,2710,CALDWELL,NSW,144.984378,-35.357619,Delivery Area,Delivery Area,11301,Griffith - Murrumbidgee (West),113,Riverina,R3,Updated 6-Feb-2020
3742,2710,CALIMO,NSW,144.984378,-35.357619,Delivery Area,Delivery Area,11301,Griffith - Murrumbidgee (West),113,Riverina,R3,Updated 6-Feb-2020
3743,2710,CONARGO,NSW,144.984378,-35.357619,Delivery Area,Delivery Area,11301,Griffith - Murrumbidgee (West),113,Riverina,R3,Updated 6-Feb-2020
3744,2710,COREE,NSW,144.984378,-35.357619,Delivery Area,Delivery Area,11301,Griffith - Murrumbidgee (West),113,Riverina,R3,Updated 6-Feb-2020
3745,2710,CORNALLA,NSW,144.984378,-35.357619,Delivery Area,Delivery Area,11301,Griffith - Murrumbidgee (West),113,Riverina,R3,Updated 6-Feb-2020
3746,2710,DENILIQUIN,NSW,144.984378,-35.357619,Delivery Area,Delivery Area,11301,Griffith - Murrumbidgee (West),113,Riverina,R3,Updated 6-Feb-2020
22836,2710,DENILIQUIN NORTH,NSW,0,0,,,,,,,R3,Added 25-Mar-2020
3747,2710,GULPA,NSW,144.984378,-35.357619,Delivery Area,Delivery Area,11301,Griffith - Murrumbidgee (West),113,Riverina,R3,Updated 6-Feb-2020
3748,2710,HARTWOOD,NSW,144.984378,-35.357619,Delivery Area,Delivery Area,11301,Griffith - Murrumbidgee (West),113,Riverina,R3,Updated 6-Feb-2020
3749,2710,HILL PLAIN,NSW,144.984378,-35.357619,Delivery Area,Delivery Area,11301,Griffith - Murrumbidgee (West),113,Riverina,R3,Updated 6-Feb-2020
3750,2710,JIMARINGLE,NSW,144.984378,-35.357619,,,11301,Griffith - Murrumbidgee (West),113,Riverina,R3,Updated 6-Feb-2020
3751,2710,LINDIFFERON,NSW,144.984378,-35.357619,Delivery Area,Delivery Area,11301,Griffith - Murrumbidgee (West),113,Riverina,R3,Updated 6-Feb-2020
3752,2710,MATHOURA,NSW,144.984378,-35.357619,Delivery Area,Delivery Area,11301,Griffith - Murrumbidgee (West),113,Riverina,R3,Updated 6-Feb-2020
3753,2710,MAYRUNG,NSW,144.984378,-35.357619,Delivery Area,Delivery Area,11301,Griffith - Murrumbidgee (West),113,Riverina,R3,Updated 6-Feb-2020
3754,2710,MOIRA,NSW,144.984378,-35.357619,Delivery Area,Delivery Area,11301,Griffith - Murrumbidgee (West),113,Riverina,R3,Updated 6-Feb-2020
3468,2710,MOONAHCULLAH,NSW,144.984378,-35.357619,Delivery Area,Delivery Area,11301,Griffith - Murrumbidgee (West),113,Riverina,R3,Updated 6-Feb-2020
3469,2710,MOONBRIA,NSW,144.984378,-35.357619,Delivery Area,Delivery Area,11301,Griffith - Murrumbidgee (West),113,Riverina,R3,Updated 6-Feb-2020
3470,2710,MORAGO,NSW,144.984378,-35.357619,Delivery Area,Delivery Area,11301,Griffith - Murrumbidgee (West),113,Riverina,R3,Updated 6-Feb-2020
3471,2710,PRETTY PINE,NSW,144.984378,-35.357619,Delivery Area,Delivery Area,11301,Griffith - Murrumbidgee (West),113,Riverina,R3,Updated 6-Feb-2020
3472,2710,STEAM PLAINS,NSW,144.984378,-35.357619,Delivery Area,Delivery Area,11301,Griffith - Murrumbidgee (West),113,Riverina,R3,Updated 6-Feb-2020
3473,2710,STUD PARK,NSW,144.984378,-35.357619,Delivery Area,Delivery Area,11301,Griffith - Murrumbidgee (West),113,Riverina,R3,Updated 6-Feb-2020
3474,2710,WAKOOL,NSW,144.984378,-35.357619,Delivery Area,Delivery Area,11301,Griffith - Murrumbidgee (West),113,Riverina,R3,Updated 6-Feb-2020
3475,2710,WANDOOK,NSW,144.984378,-35.357619,Delivery Area,Delivery Area,11301,Griffith - Murrumbidgee (West),113,Riverina,R3,Updated 6-Feb-2020
3476,2710,WANGANELLA,NSW,144.984378,-35.357619,Delivery Area,Delivery Area,11301,Griffith - Murrumbidgee (West),113,Riverina,R3,Updated 6-Feb-2020
3477,2710,WARRAGOON,NSW,144.984378,-35.357619,Delivery Area,Delivery Area,11301,Griffith - Murrumbidgee (West),113,Riverina,R3,Updated 6-Feb-2020
3478,2710,WILLURAH,NSW,144.984378,-35.357619,Delivery Area,Delivery Area,11301,Griffith - Murrumbidgee (West),113,Riverina,R3,Updated 6-Feb-2020
3479,2710,YALLAKOOL,NSW,144.984378,-35.357619,Delivery Area,Delivery Area,11301,Griffith - Murrumbidgee (West),113,Riverina,R3,Updated 6-Feb-2020
3480,2711,BOOLIGAL,NSW,144.695233,-34.257669,Delivery Area,Delivery Area,11301,Griffith - Murrumbidgee (West),113,Riverina,R3,Updated 6-Feb-2020
3481,2711,CARRATHOOL,NSW,144.695233,-34.257669,Delivery Area,Delivery Area,11301,Griffith - Murrumbidgee (West),113,Riverina,R3,Updated 6-Feb-2020
20623,2711,CLARE,NSW,143.9680726,-33.50496213,Delivery Area,Delivery Area,11301,Griffith - Murrumbidgee (West),113,Riverina,R3,Updated 6-Feb-2020
20624,2711,CORRONG,NSW,144.4594967,-34.03052425,Delivery Area,Delivery Area,11301,Griffith - Murrumbidgee (West),113,Riverina,R3,Updated 6-Feb-2020
3482,2711,GUNBAR,NSW,144.695233,-34.257669,Delivery Area,Delivery Area,11301,Griffith - Murrumbidgee (West),113,Riverina,R3,Updated 6-Feb-2020
3483,2711,HAY,NSW,144.695233,-34.257669,Delivery Area,Delivery Area,11301,Griffith - Murrumbidgee (West),113,Riverina,R3,Updated 6-Feb-2020
3484,2711,HAY SOUTH,NSW,144.695233,-34.257669,Delivery Area,Delivery Area,11301,Griffith - Murrumbidgee (West),113,Riverina,R3,Updated 6-Feb-2020
20625,2711,KERI KERI,NSW,143.9836996,-34.77433326,Delivery Area,Delivery Area,11301,Griffith - Murrumbidgee (West),113,Riverina,R3,Updated 6-Feb-2020
3485,2711,MAUDE,NSW,144.695233,-34.257669,Delivery Area,Delivery Area,11301,Griffith - Murrumbidgee (West),113,Riverina,R3,Updated 6-Feb-2020
3486,2711,ONE TREE,NSW,144.695233,-34.257669,Delivery Area,Delivery Area,11301,Griffith - Murrumbidgee (West),113,Riverina,R3,Updated 6-Feb-2020
3487,2711,OXLEY,NSW,144.695233,-34.257669,Delivery Area,Delivery Area,11301,Griffith - Murrumbidgee (West),113,Riverina,R3,Updated 6-Feb-2020
20626,2711,WAUGORAH,NSW,143.8100099,-34.50934045,Delivery Area,Delivery Area,11301,Griffith - Murrumbidgee (West),113,Riverina,R3,Updated 6-Feb-2020
20627,2711,YANGA,NSW,143.7165416,-34.73951684,Delivery Area,Delivery Area,11301,Griffith - Murrumbidgee (West),113,Riverina,R3,Updated 6-Feb-2020
3488,2712,BERRIGAN,NSW,145.872814,-35.754185,Delivery Area,Delivery Area,21602,Moira,216,Shepparton,R3,Updated 6-Feb-2020
3489,2712,BOOMANOOMANA,NSW,145.872814,-35.754185,Delivery Area,Delivery Area,21602,Moira,216,Shepparton,R3,Updated 6-Feb-2020
3490,2713,BLIGHTY,NSW,145.52068,-35.586342,Delivery Area,Delivery Area,10903,Upper Murray exc. Albury,109,Murray,R3,Updated 6-Feb-2020
3491,2713,FINLEY,NSW,145.52068,-35.586342,Delivery Area,Delivery Area,10903,Upper Murray exc. Albury,109,Murray,R3,Updated 6-Feb-2020
3492,2713,LOGIE BRAE,NSW,145.52068,-35.586342,Delivery Area,Delivery Area,10903,Upper Murray exc. Albury,109,Murray,R3,Updated 6-Feb-2020
3493,2713,MYRTLE PARK,NSW,145.52068,-35.586342,Delivery Area,Delivery Area,10903,Upper Murray exc. Albury,109,Murray,R3,Updated 6-Feb-2020
3494,2713,RETREAT,NSW,145.52068,-35.586342,,,10903,Upper Murray exc. Albury,109,Murray,R3,Updated 6-Feb-2020
20628,2714,ARATULA,NSW,145.2868727,-35.77427101,Delivery Area,Delivery Area,21602,Moira,216,Shepparton,R3,Updated 6-Feb-2020
3495,2714,PINE LODGE,NSW,145.434084,-35.76294,Delivery Area,Delivery Area,21602,Moira,216,Shepparton,R3,Updated 6-Feb-2020
3496,2714,TOCUMWAL,NSW,145.434084,-35.76294,Delivery Area,Delivery Area,21602,Moira,216,Shepparton,R3,Updated 6-Feb-2020
3497,2714,TUPPAL,NSW,145.434084,-35.76294,Delivery Area,Delivery Area,21602,Moira,216,Shepparton,R3,Updated 6-Feb-2020
20629,2715,ARUMPO,NSW,142.6742276,-33.81289825,Delivery Area,Delivery Area,21503,Murray River - Swan Hill,215,North West,R3,Updated 6-Feb-2020
3498,2715,BALRANALD,NSW,143.491656,-34.329424,Delivery Area,Delivery Area,21503,Murray River - Swan Hill,215,North West,R3,Updated 6-Feb-2020
3499,2715,HATFIELD,NSW,143.491656,-34.329424,Delivery Area,Delivery Area,21503,Murray River - Swan Hill,215,North West,R3,Updated 6-Feb-2020
20630,2715,KYALITE,NSW,143.5241135,-34.89305935,Delivery Area,Delivery Area,21503,Murray River - Swan Hill,215,North West,R3,Updated 6-Feb-2020
20631,2715,MUNGO,NSW,143.0970656,-33.7600638,Delivery Area,Delivery Area,21503,Murray River - Swan Hill,215,North West,R3,Updated 6-Feb-2020
3500,2715,PENARIE,NSW,143.491656,-34.329424,Delivery Area,Delivery Area,21503,Murray River - Swan Hill,215,North West,R3,Updated 6-Feb-2020
3501,2715,THE VALE,NSW,143.491656,-34.329424,,,21503,Murray River - Swan Hill,215,North West,R3,Updated 6-Feb-2020
3502,2716,COREE SOUTH,NSW,145.627125,-35.24588,Delivery Area,Delivery Area,11301,Griffith - Murrumbidgee (West),113,Riverina,R3,Updated 6-Feb-2020
3503,2716,FOUR CORNERS,NSW,145.627125,-35.24588,Delivery Area,Delivery Area,11301,Griffith - Murrumbidgee (West),113,Riverina,R3,Updated 6-Feb-2020
20632,2716,GALA VALE,NSW,145.7501879,-34.96919457,Delivery Area,Delivery Area,11301,Griffith - Murrumbidgee (West),113,Riverina,R3,Updated 6-Feb-2020
3504,2716,JERILDERIE,NSW,145.627125,-35.24588,Delivery Area,Delivery Area,11301,Griffith - Murrumbidgee (West),113,Riverina,R3,Updated 6-Feb-2020
3505,2716,MABINS WELL,NSW,145.627125,-35.24588,Delivery Area,Delivery Area,11301,Griffith - Murrumbidgee (West),113,Riverina,R3,Updated 6-Feb-2020
20633,2716,MAIRJIMMY,NSW,145.7454551,-35.48197899,Delivery Area,Delivery Area,11301,Griffith - Murrumbidgee (West),113,Riverina,R3,Updated 6-Feb-2020
20634,2717,COOMEALLA,NSW,142.0944482,-34.08796357,Delivery Area,Delivery Area,10902,Lower Murray,109,Murray,R3,Updated 6-Feb-2020
3506,2717,DARETON,NSW,142.065808,-34.090426,Delivery Area,Delivery Area,10902,Lower Murray,109,Murray,R3,Updated 6-Feb-2020
3507,2720,ARGALONG,NSW,148.383619,-35.379935,Delivery Area,Delivery Area,11302,Tumut - Tumbarumba,113,Riverina,R3,Updated 6-Feb-2020
3508,2720,BLOWERING,NSW,148.383619,-35.379935,Delivery Area,Delivery Area,11302,Tumut - Tumbarumba,113,Riverina,R3,Updated 6-Feb-2020
3509,2720,BOGONG PEAKS WILDERNESS,NSW,148.383619,-35.379935,Delivery Area,Delivery Area,11302,Tumut - Tumbarumba,113,Riverina,R3,Updated 6-Feb-2020
3510,2720,BOMBOWLEE,NSW,148.383619,-35.379935,Delivery Area,Delivery Area,11302,Tumut - Tumbarumba,113,Riverina,R3,Updated 6-Feb-2020
3511,2720,BOMBOWLEE CREEK,NSW,148.383619,-35.379935,Delivery Area,Delivery Area,11302,Tumut - Tumbarumba,113,Riverina,R3,Updated 6-Feb-2020
3512,2720,BUDDONG,NSW,148.383619,-35.379935,Delivery Area,Delivery Area,11302,Tumut - Tumbarumba,113,Riverina,R3,Updated 6-Feb-2020
20635,2720,COURAGAGO,NSW,148.4924381,-35.10137999,Delivery Area,Delivery Area,11302,Tumut - Tumbarumba,113,Riverina,R3,Updated 6-Feb-2020
3513,2720,COURAJAGO,NSW,148.383619,-35.379935,,,11302,Tumut - Tumbarumba,113,Riverina,R3,Updated 6-Feb-2020
3514,2720,GADARA,NSW,148.383619,-35.379935,Delivery Area,Delivery Area,11302,Tumut - Tumbarumba,113,Riverina,R3,Updated 6-Feb-2020
3515,2720,GILMORE,NSW,148.383619,-35.379935,Delivery Area,Delivery Area,11302,Tumut - Tumbarumba,113,Riverina,R3,Updated 6-Feb-2020
3516,2720,GOCUP,NSW,148.383619,-35.379935,Delivery Area,Delivery Area,11302,Tumut - Tumbarumba,113,Riverina,R3,Updated 6-Feb-2020
3517,2720,GOOBARRAGANDRA,NSW,148.383619,-35.379935,Delivery Area,Delivery Area,11302,Tumut - Tumbarumba,113,Riverina,R3,Updated 6-Feb-2020
3518,2720,JONES BRIDGE,NSW,148.383619,-35.379935,Delivery Area,Delivery Area,11302,Tumut - Tumbarumba,113,Riverina,R3,Updated 6-Feb-2020
3519,2720,KILLIMICAT,NSW,148.383619,-35.379935,Delivery Area,Delivery Area,11302,Tumut - Tumbarumba,113,Riverina,R3,Updated 6-Feb-2020
3520,2720,LACMALAC,NSW,148.383619,-35.379935,Delivery Area,Delivery Area,11302,Tumut - Tumbarumba,113,Riverina,R3,Updated 6-Feb-2020
3521,2720,LITTLE RIVER,NSW,148.383619,-35.379935,Delivery Area,Delivery Area,11302,Tumut - Tumbarumba,113,Riverina,R3,Updated 6-Feb-2020
3522,2720,MIDWAY,NSW,148.383619,-35.379935,,,11302,Tumut - Tumbarumba,113,Riverina,R3,Updated 6-Feb-2020
3523,2720,MINJARY,NSW,148.383619,-35.379935,Delivery Area,Delivery Area,11302,Tumut - Tumbarumba,113,Riverina,R3,Updated 6-Feb-2020
3524,2720,MUNDONGO,NSW,148.383619,-35.379935,Delivery Area,Delivery Area,11302,Tumut - Tumbarumba,113,Riverina,R3,Updated 6-Feb-2020
3525,2720,PINBEYAN,NSW,148.383619,-35.379935,Delivery Area,Delivery Area,11302,Tumut - Tumbarumba,113,Riverina,R3,Updated 6-Feb-2020
3526,2720,RED HILL,NSW,148.383619,-35.379935,Delivery Area,Delivery Area,11302,Tumut - Tumbarumba,113,Riverina,R3,Updated 6-Feb-2020
3527,2720,TALBINGO,NSW,148.383619,-35.379935,Delivery Area,Delivery Area,11302,Tumut - Tumbarumba,113,Riverina,R3,Updated 6-Feb-2020
3528,2720,TUMORRAMA,NSW,148.383619,-35.379935,Delivery Area,Delivery Area,11302,Tumut - Tumbarumba,113,Riverina,R3,Updated 6-Feb-2020
3529,2720,TUMUT,NSW,148.383619,-35.379935,Delivery Area,Delivery Area,11302,Tumut - Tumbarumba,113,Riverina,R3,Updated 6-Feb-2020
3530,2720,TUMUT PLAINS,NSW,148.383619,-35.379935,Delivery Area,Delivery Area,11302,Tumut - Tumbarumba,113,Riverina,R3,Updated 6-Feb-2020
3531,2720,WEREBOLDERA,NSW,148.383619,-35.379935,Delivery Area,Delivery Area,11302,Tumut - Tumbarumba,113,Riverina,R3,Updated 6-Feb-2020
3532,2720,WERMATONG,NSW,148.383619,-35.379935,Delivery Area,Delivery Area,11302,Tumut - Tumbarumba,113,Riverina,R3,Updated 6-Feb-2020
3533,2720,WINDOWIE,NSW,148.383619,-35.379935,Delivery Area,Delivery Area,11302,Tumut - Tumbarumba,113,Riverina,R3,Updated 6-Feb-2020
3534,2720,WYANGLE,NSW,148.383619,-35.379935,Delivery Area,Delivery Area,11302,Tumut - Tumbarumba,113,Riverina,R3,Updated 6-Feb-2020
3535,2720,YARRANGOBILLY,NSW,148.383619,-35.379935,Delivery Area,Delivery Area,11302,Tumut - Tumbarumba,113,Riverina,R3,Updated 6-Feb-2020
3536,2721,BLAND,NSW,147.712064,-34.04948,Delivery Area,Delivery Area,10302,Lachlan Valley,103,Central West,R3,Updated 6-Feb-2020
3537,2721,QUANDIALLA,NSW,147.712064,-34.04948,Delivery Area,Delivery Area,10302,Lachlan Valley,103,Central West,R3,Updated 6-Feb-2020
3538,2722,BONGALONG,NSW,148.102866,-35.053523,Delivery Area,Delivery Area,11303,Wagga Wagga,113,Riverina,R3,Updated 6-Feb-2020
3539,2722,BONGONGALONG,NSW,148.102866,-35.053523,Delivery Area,Delivery Area,11303,Wagga Wagga,113,Riverina,R3,Updated 6-Feb-2020
3540,2722,BRUNGLE,NSW,148.102866,-35.053523,Delivery Area,Delivery Area,11303,Wagga Wagga,113,Riverina,R3,Updated 6-Feb-2020
3541,2722,BRUNGLE CREEK,NSW,148.102866,-35.053523,Delivery Area,Delivery Area,11303,Wagga Wagga,113,Riverina,R3,Updated 6-Feb-2020
3542,2722,BURRA,NSW,148.102866,-35.053523,Delivery Area,Delivery Area,11303,Wagga Wagga,113,Riverina,R3,Updated 6-Feb-2020
20636,2722,BURRA CREEK,NSW,148.0050151,-34.89719598,Delivery Area,Delivery Area,11303,Wagga Wagga,113,Riverina,R3,Updated 6-Feb-2020
3543,2722,DARBALARA,NSW,148.102866,-35.053523,Delivery Area,Delivery Area,11303,Wagga Wagga,113,Riverina,R3,Updated 6-Feb-2020
3544,2722,EDWARDSTOWN,NSW,148.102866,-35.053523,Delivery Area,Delivery Area,11303,Wagga Wagga,113,Riverina,R3,Updated 6-Feb-2020
3545,2722,GUNDAGAI,NSW,148.102866,-35.053523,Delivery Area,Delivery Area,11303,Wagga Wagga,113,Riverina,R3,Updated 6-Feb-2020
3546,2722,JACKALASS,NSW,148.102866,-35.053523,Delivery Area,Delivery Area,11303,Wagga Wagga,113,Riverina,R3,Updated 6-Feb-2020
3547,2722,JONES CREEK,NSW,148.102866,-35.053523,Delivery Area,Delivery Area,11303,Wagga Wagga,113,Riverina,R3,Updated 6-Feb-2020
3548,2722,MUTTAMA,NSW,148.102866,-35.053523,Delivery Area,Delivery Area,11303,Wagga Wagga,113,Riverina,R3,Updated 6-Feb-2020
3549,2722,NANGUS,NSW,148.102866,-35.053523,Delivery Area,Delivery Area,11303,Wagga Wagga,113,Riverina,R3,Updated 6-Feb-2020
3550,2722,RENO,NSW,148.102866,-35.053523,Delivery Area,Delivery Area,11303,Wagga Wagga,113,Riverina,R3,Updated 6-Feb-2020
3551,2722,SOUTH GUNDAGAI,NSW,148.102866,-35.053523,Delivery Area,Delivery Area,11303,Wagga Wagga,113,Riverina,R3,Updated 6-Feb-2020
3552,2722,TARRABANDRA,NSW,148.102866,-35.053523,Delivery Area,Delivery Area,11303,Wagga Wagga,113,Riverina,R3,Updated 6-Feb-2020
3553,2722,WAGRAGOBILLY,NSW,148.102866,-35.053523,Delivery Area,Delivery Area,11303,Wagga Wagga,113,Riverina,R3,Updated 6-Feb-2020
3554,2722,WILLIE PLOMA,NSW,148.102866,-35.053523,Delivery Area,Delivery Area,11303,Wagga Wagga,113,Riverina,R3,Updated 6-Feb-2020
3555,2725,STOCKINBINGAL,NSW,147.815806,-34.44817,Delivery Area,Delivery Area,11303,Wagga Wagga,113,Riverina,R3,Updated 6-Feb-2020
3556,2726,BUNDARBO,NSW,148.326675,-34.78436,Delivery Area,Delivery Area,10101,Goulburn - Yass,101,Capital Region,R3,Updated 6-Feb-2020
20637,2726,COONEYS CREEK,NSW,148.2883342,-34.73997602,Delivery Area,Delivery Area,10101,Goulburn - Yass,101,Capital Region,R3,Updated 6-Feb-2020
3557,2726,JUGIONG,NSW,148.326675,-34.78436,Delivery Area,Delivery Area,10101,Goulburn - Yass,101,Capital Region,R3,Updated 6-Feb-2020
3558,2727,ADJUNGBILLY,NSW,148.390372,-34.983539,Delivery Area,Delivery Area,11303,Wagga Wagga,113,Riverina,R3,Updated 6-Feb-2020
3559,2727,COOLAC,NSW,148.390372,-34.983539,Delivery Area,Delivery Area,11303,Wagga Wagga,113,Riverina,R3,Updated 6-Feb-2020
20638,2727,GOBARRALONG,NSW,148.3555828,-34.95207419,Delivery Area,Delivery Area,11303,Wagga Wagga,113,Riverina,R3,Updated 6-Feb-2020
3560,2727,MINGAY,NSW,148.390372,-34.983539,Delivery Area,Delivery Area,11303,Wagga Wagga,113,Riverina,R3,Updated 6-Feb-2020
3561,2729,ADELONG,NSW,147.923797,-35.227753,Delivery Area,Delivery Area,11303,Wagga Wagga,113,Riverina,R3,Updated 6-Feb-2020
3562,2729,BACK CREEK,NSW,147.923797,-35.227753,,,11303,Wagga Wagga,113,Riverina,R3,Updated 6-Feb-2020
3563,2729,BANGADANG,NSW,147.923797,-35.227753,Delivery Area,Delivery Area,11303,Wagga Wagga,113,Riverina,R3,Updated 6-Feb-2020
3564,2729,BLACK CREEK,NSW,147.923797,-35.227753,Delivery Area,Delivery Area,11303,Wagga Wagga,113,Riverina,R3,Updated 6-Feb-2020
3565,2729,CALIFAT,NSW,147.923797,-35.227753,Delivery Area,Delivery Area,11303,Wagga Wagga,113,Riverina,R3,Updated 6-Feb-2020
3566,2729,COOLEYS CREEK,NSW,147.923797,-35.227753,Delivery Area,Delivery Area,11303,Wagga Wagga,113,Riverina,R3,Updated 6-Feb-2020
3567,2729,DARLOW,NSW,147.923797,-35.227753,Delivery Area,Delivery Area,11303,Wagga Wagga,113,Riverina,R3,Updated 6-Feb-2020
3568,2729,ELLERSLIE,NSW,147.923797,-35.227753,Delivery Area,Delivery Area,11303,Wagga Wagga,113,Riverina,R3,Updated 6-Feb-2020
3569,2729,GRAHAMSTOWN,NSW,147.923797,-35.227753,Delivery Area,Delivery Area,11303,Wagga Wagga,113,Riverina,R3,Updated 6-Feb-2020
3570,2729,MOUNT ADRAH,NSW,147.923797,-35.227753,Delivery Area,Delivery Area,11303,Wagga Wagga,113,Riverina,R3,Updated 6-Feb-2020
3571,2729,MOUNT HOREB,NSW,147.923797,-35.227753,Delivery Area,Delivery Area,11303,Wagga Wagga,113,Riverina,R3,Updated 6-Feb-2020
3572,2729,MUNDARLO,NSW,147.923797,-35.227753,Delivery Area,Delivery Area,11303,Wagga Wagga,113,Riverina,R3,Updated 6-Feb-2020
3573,2729,SANDY GULLY,NSW,147.923797,-35.227753,Delivery Area,Delivery Area,11303,Wagga Wagga,113,Riverina,R3,Updated 6-Feb-2020
3574,2729,SHARPS CREEK,NSW,147.923797,-35.227753,Delivery Area,Delivery Area,11303,Wagga Wagga,113,Riverina,R3,Updated 6-Feb-2020
3575,2729,THE GROVE,NSW,147.923797,-35.227753,,,11303,Wagga Wagga,113,Riverina,R3,Updated 6-Feb-2020
3576,2729,TUMBLONG,NSW,147.923797,-35.227753,Delivery Area,Delivery Area,11303,Wagga Wagga,113,Riverina,R3,Updated 6-Feb-2020
3577,2729,WESTWOOD,NSW,147.923797,-35.227753,Delivery Area,Delivery Area,11303,Wagga Wagga,113,Riverina,R3,Updated 6-Feb-2020
3578,2729,WONDALGA,NSW,147.923797,-35.227753,Delivery Area,Delivery Area,11303,Wagga Wagga,113,Riverina,R3,Updated 6-Feb-2020
3579,2729,YAVEN CREEK,NSW,147.923797,-35.227753,Delivery Area,Delivery Area,11303,Wagga Wagga,113,Riverina,R3,Updated 6-Feb-2020
3580,2730,BAGO,NSW,148.034012,-35.510039,Delivery Area,Delivery Area,11302,Tumut - Tumbarumba,113,Riverina,R3,Updated 6-Feb-2020
3581,2730,BATLOW,NSW,148.034012,-35.510039,Delivery Area,Delivery Area,11302,Tumut - Tumbarumba,113,Riverina,R3,Updated 6-Feb-2020
3582,2730,GREEN HILLS,NSW,148.034012,-35.510039,Delivery Area,Delivery Area,11302,Tumut - Tumbarumba,113,Riverina,R3,Updated 6-Feb-2020
3583,2730,KUNAMA,NSW,148.034012,-35.510039,Delivery Area,Delivery Area,11302,Tumut - Tumbarumba,113,Riverina,R3,Updated 6-Feb-2020
3584,2730,LOWER BAGO,NSW,148.034012,-35.510039,Delivery Area,Delivery Area,11302,Tumut - Tumbarumba,113,Riverina,R3,Updated 6-Feb-2020
3585,2731,BUNNALOO,NSW,144.641831,-35.893394,Delivery Area,Delivery Area,21601,Campaspe,216,Shepparton,R3,Updated 6-Feb-2020
3586,2731,MOAMA,NSW,144.641831,-35.893394,Delivery Area,Delivery Area,21601,Campaspe,216,Shepparton,R3,Updated 6-Feb-2020
3587,2731,TANTONAN,NSW,144.641831,-35.893394,Delivery Area,Delivery Area,21601,Campaspe,216,Shepparton,R3,Updated 6-Feb-2020
20639,2731,THYRA,NSW,144.7439889,-35.84487627,Delivery Area,Delivery Area,21601,Campaspe,216,Shepparton,R3,Updated 6-Feb-2020
3588,2731,WOMBOOTA,NSW,144.641831,-35.893394,Delivery Area,Delivery Area,21601,Campaspe,216,Shepparton,R3,Updated 6-Feb-2020
3589,2732,BARHAM,NSW,144.230168,-35.542622,Delivery Area,Delivery Area,21503,Murray River - Swan Hill,215,North West,R3,Updated 6-Feb-2020
3590,2732,BURRABOI,NSW,144.230168,-35.542622,Delivery Area,Delivery Area,21503,Murray River - Swan Hill,215,North West,R3,Updated 6-Feb-2020
20640,2732,COBRAMUNGA,NSW,143.8871707,-35.44135241,Delivery Area,Delivery Area,21503,Murray River - Swan Hill,215,North West,R3,Updated 6-Feb-2020
20641,2732,GONN,NSW,143.9975836,-35.47505701,Delivery Area,Delivery Area,21503,Murray River - Swan Hill,215,North West,R3,Updated 6-Feb-2020
3591,2732,NOORONG,NSW,144.230168,-35.542622,Delivery Area,Delivery Area,21503,Murray River - Swan Hill,215,North West,R3,Updated 6-Feb-2020
3592,2732,THULE,NSW,144.230168,-35.542622,Delivery Area,Delivery Area,21503,Murray River - Swan Hill,215,North West,R3,Updated 6-Feb-2020
3593,2732,TULLAKOOL,NSW,144.230168,-35.542622,Delivery Area,Delivery Area,21503,Murray River - Swan Hill,215,North West,R3,Updated 6-Feb-2020
3594,2733,DHURAGOON,NSW,144.206139,-35.013711,Delivery Area,Delivery Area,10903,Upper Murray exc. Albury,109,Murray,R3,Updated 6-Feb-2020
3595,2733,MOULAMEIN,NSW,144.206139,-35.013711,Delivery Area,Delivery Area,10903,Upper Murray exc. Albury,109,Murray,R3,Updated 6-Feb-2020
3596,2733,NIEMUR,NSW,144.206139,-35.013711,Delivery Area,Delivery Area,10903,Upper Murray exc. Albury,109,Murray,R3,Updated 6-Feb-2020
3597,2733,PEREKERTEN,NSW,144.206139,-35.013711,,,10903,Upper Murray exc. Albury,109,Murray,R3,Updated 6-Feb-2020
3598,2734,COOBOOL,NSW,143.387009,-34.770931,,,21503,Murray River - Swan Hill,215,North West,R3,Updated 6-Feb-2020
3599,2734,CUNNINYEUK,NSW,143.387009,-34.770931,Delivery Area,Delivery Area,21503,Murray River - Swan Hill,215,North West,R3,Updated 6-Feb-2020
3600,2734,DILPURRA,NSW,143.387009,-34.770931,Delivery Area,Delivery Area,21503,Murray River - Swan Hill,215,North West,R3,Updated 6-Feb-2020
3601,2734,KYALITE,NSW,143.387009,-34.770931,Delivery Area,Delivery Area,21503,Murray River - Swan Hill,215,North West,R3,Updated 6-Feb-2020
20642,2734,MALLAN,NSW,143.7613874,-35.10473046,Delivery Area,Delivery Area,21503,Murray River - Swan Hill,215,North West,R3,Updated 6-Feb-2020
3602,2734,MELLOOL,NSW,143.387009,-34.770931,Delivery Area,Delivery Area,21503,Murray River - Swan Hill,215,North West,R3,Updated 6-Feb-2020
20643,2734,MOOLPA,NSW,143.7615111,-34.92354777,Delivery Area,Delivery Area,21503,Murray River - Swan Hill,215,North West,R3,Updated 6-Feb-2020
20644,2734,MURRAY DOWNS,NSW,143.6445003,-35.30882479,Delivery Area,Delivery Area,21503,Murray River - Swan Hill,215,North West,R3,Updated 6-Feb-2020
3603,2734,NACURRIE,NSW,143.387009,-34.770931,,,21503,Murray River - Swan Hill,215,North West,R3,Updated 6-Feb-2020
3604,2734,SPEEWA ISLAND,NSW,143.387009,-34.770931,,,21503,Murray River - Swan Hill,215,North West,R3,Updated 6-Feb-2020
3605,2734,STONY CROSSING,NSW,143.387009,-34.770931,Delivery Area,Delivery Area,21503,Murray River - Swan Hill,215,North West,R3,Updated 6-Feb-2020
20645,2734,TOORANIE,NSW,143.6562244,-35.03529204,Delivery Area,Delivery Area,21503,Murray River - Swan Hill,215,North West,R3,Updated 6-Feb-2020
3606,2734,TUELOGA,NSW,143.387009,-34.770931,,,21503,Murray River - Swan Hill,215,North West,R3,Updated 6-Feb-2020
3607,2734,WETUPPA,NSW,143.387009,-34.770931,Delivery Area,Delivery Area,21503,Murray River - Swan Hill,215,North West,R3,Updated 6-Feb-2020
3608,2735,KORALEIGH,NSW,143.426745,-35.129137,,,21503,Murray River - Swan Hill,215,North West,R3,Updated 6-Feb-2020
20646,2735,SPEEWA,NSW,143.544483,-35.17512903,Delivery Area,Delivery Area,21503,Murray River - Swan Hill,215,North West,R3,Updated 6-Feb-2020
3609,2736,GOODNIGHT,NSW,143.375822,-34.965178,Delivery Area,Delivery Area,10902,Lower Murray,109,Murray,R3,Updated 6-Feb-2020
3610,2736,TOOLEYBUC,NSW,143.375822,-34.965178,Delivery Area,Delivery Area,10902,Lower Murray,109,Murray,R3,Updated 6-Feb-2020
5584,2737,BENANEE,NSW,142.87381,-34.574113,Delivery Area,Delivery Area,10902,Lower Murray,109,Murray,R3,Updated 6-Feb-2020
5585,2737,EUSTON,NSW,142.87381,-34.574113,Delivery Area,Delivery Area,10902,Lower Murray,109,Murray,R3,Updated 6-Feb-2020
5586,2738,GOL GOL,NSW,142.225122,-34.164709,Delivery Area,Delivery Area,21502,Mildura,215,North West,R3,Updated 6-Feb-2020
20647,2738,MALLEE,NSW,142.5325619,-34.23436964,Delivery Area,Delivery Area,21502,Mildura,215,North West,R3,Updated 6-Feb-2020
5587,2738,MONAK,NSW,142.225122,-34.164709,Delivery Area,Delivery Area,21502,Mildura,215,North West,R3,Updated 6-Feb-2020
17686,2738,PARINGI,NSW,142.219531,-34.180087,,,21502,Mildura,215,North West,R3,Updated 6-Feb-2020
5588,2738,TRENTHAM CLIFFS,NSW,142.225122,-34.164709,Delivery Area,Delivery Area,21502,Mildura,215,North West,R3,Updated 6-Feb-2020
20648,2739,BOEILL CREEK,NSW,142.1056955,-34.15375195,Delivery Area,Delivery Area,10902,Lower Murray,109,Murray,R3,Updated 6-Feb-2020
5589,2739,BURONGA,NSW,142.182794,-34.171443,Delivery Area,Delivery Area,10902,Lower Murray,109,Murray,R3,Updated 6-Feb-2020
20649,2739,MOURQUONG,NSW,142.1657571,-34.13844435,Delivery Area,Delivery Area,10902,Lower Murray,109,Murray,R3,Updated 6-Feb-2020
5590,2745,GLENMORE PARK,NSW,150.671487,-33.871341,Delivery Area,Delivery Area,12701,Bringelly - Green Valley,127,Sydney - South West,R1,Updated 6-Feb-2020
5591,2745,GREENDALE,NSW,150.671487,-33.871341,Delivery Area,Delivery Area,12701,Bringelly - Green Valley,127,Sydney - South West,R1,Updated 6-Feb-2020
5592,2745,LUDDENHAM,NSW,150.671487,-33.871341,Delivery Area,Delivery Area,12701,Bringelly - Green Valley,127,Sydney - South West,R1,Updated 6-Feb-2020
5593,2745,MULGOA,NSW,150.671487,-33.871341,Delivery Area,Delivery Area,12701,Bringelly - Green Valley,127,Sydney - South West,R1,Updated 6-Feb-2020
5594,2745,REGENTVILLE,NSW,150.671487,-33.871341,Delivery Area,Delivery Area,12701,Bringelly - Green Valley,127,Sydney - South West,R1,Updated 6-Feb-2020
5595,2745,WALLACIA,NSW,150.671487,-33.871341,Delivery Area,Delivery Area,12701,Bringelly - Green Valley,127,Sydney - South West,R1,Updated 6-Feb-2020
20650,2747,CADDENS,NSW,150.7376907,-33.77413222,Delivery Area,Delivery Area,12403,Penrith,124,Sydney - Outer West and Blue Mountains,R1,Updated 6-Feb-2020
5596,2747,CAMBRIDGE GARDENS,NSW,150.739398,-33.722323,Delivery Area,Delivery Area,12403,Penrith,124,Sydney - Outer West and Blue Mountains,R1,Updated 6-Feb-2020
5597,2747,CAMBRIDGE PARK,NSW,150.739398,-33.722323,Delivery Area,Delivery Area,12403,Penrith,124,Sydney - Outer West and Blue Mountains,R1,Updated 6-Feb-2020
5598,2747,CLAREMONT MEADOWS,NSW,150.739398,-33.722323,Delivery Area,Delivery Area,12403,Penrith,124,Sydney - Outer West and Blue Mountains,R1,Updated 6-Feb-2020
20651,2747,JORDAN SPRINGS,NSW,150.727449,-33.721863,Delivery Area,Delivery Area,12403,Penrith,124,Sydney - Outer West and Blue Mountains,R1,Updated 6-Feb-2020
5599,2747,KINGSWOOD,NSW,150.739398,-33.722323,Delivery Area,Delivery Area,12403,Penrith,124,Sydney - Outer West and Blue Mountains,R1,Updated 6-Feb-2020
5600,2747,LLANDILO,NSW,150.739398,-33.722323,Delivery Area,Delivery Area,12403,Penrith,124,Sydney - Outer West and Blue Mountains,R1,Updated 6-Feb-2020
5601,2747,SHANES PARK,NSW,150.739398,-33.722323,Delivery Area,Delivery Area,12403,Penrith,124,Sydney - Outer West and Blue Mountains,R1,Updated 6-Feb-2020
5602,2747,WERRINGTON,NSW,150.739398,-33.722323,Delivery Area,Delivery Area,12403,Penrith,124,Sydney - Outer West and Blue Mountains,R1,Updated 6-Feb-2020
5603,2747,WERRINGTON COUNTY,NSW,150.739398,-33.722323,Delivery Area,Delivery Area,12403,Penrith,124,Sydney - Outer West and Blue Mountains,R1,Updated 6-Feb-2020
5604,2747,WERRINGTON DOWNS,NSW,150.739398,-33.722323,Delivery Area,Delivery Area,12403,Penrith,124,Sydney - Outer West and Blue Mountains,R1,Updated 6-Feb-2020
5605,2748,ORCHARD HILLS,NSW,150.72319,-33.811042,Delivery Area,Delivery Area,12405,St Marys,124,Sydney - Outer West and Blue Mountains,R1,Updated 6-Feb-2020
5606,2749,CASTLEREAGH,NSW,150.686816,-33.702167,Delivery Area,Delivery Area,12403,Penrith,124,Sydney - Outer West and Blue Mountains,R1,Updated 6-Feb-2020
5607,2749,CRANEBROOK,NSW,150.686816,-33.702167,Delivery Area,Delivery Area,12403,Penrith,124,Sydney - Outer West and Blue Mountains,R1,Updated 6-Feb-2020
5608,2750,EMU HEIGHTS,NSW,150.678551,-33.755476,Delivery Area,Delivery Area,12403,Penrith,124,Sydney - Outer West and Blue Mountains,R1,Updated 6-Feb-2020
5609,2750,EMU PLAINS,NSW,150.678551,-33.755476,Delivery Area,Delivery Area,12403,Penrith,124,Sydney - Outer West and Blue Mountains,R1,Updated 6-Feb-2020
5610,2750,JAMISONTOWN,NSW,150.678551,-33.755476,Delivery Area,Delivery Area,12403,Penrith,124,Sydney - Outer West and Blue Mountains,R1,Updated 6-Feb-2020
5611,2750,LEONAY,NSW,150.678551,-33.755476,Delivery Area,Delivery Area,12403,Penrith,124,Sydney - Outer West and Blue Mountains,R1,Updated 6-Feb-2020
5612,2750,PENRITH,NSW,150.678551,-33.755476,Delivery Area,Delivery Area,12403,Penrith,124,Sydney - Outer West and Blue Mountains,R1,Updated 6-Feb-2020
5613,2750,PENRITH PLAZA,NSW,150.678551,-33.755476,Delivery Area,Delivery Area,12403,Penrith,124,Sydney - Outer West and Blue Mountains,R1,Updated 6-Feb-2020
5614,2750,PENRITH SOUTH,NSW,150.678551,-33.755476,Delivery Area,Delivery Area,12403,Penrith,124,Sydney - Outer West and Blue Mountains,R1,Updated 6-Feb-2020
5615,2750,SOUTH PENRITH,NSW,150.678551,-33.755476,Delivery Area,Delivery Area,12403,Penrith,124,Sydney - Outer West and Blue Mountains,R1,Updated 6-Feb-2020
5616,2751,PENRITH,NSW,151.280352,-33.732127,Post Office Boxes,Post Office Boxes,12403,Penrith,124,Sydney - Outer West and Blue Mountains,R1,Updated 25-Mar-2020 SA3
5617,2752,SILVERDALE,NSW,150.585995,-33.936534,Delivery Area,Delivery Area,12701,Bringelly - Green Valley,127,Sydney - South West,R1,Updated 6-Feb-2020
5618,2752,WARRAGAMBA,NSW,150.585995,-33.936534,Delivery Area,Delivery Area,12701,Bringelly - Green Valley,127,Sydney - South West,R1,Updated 6-Feb-2020
5619,2753,AGNES BANKS,NSW,150.646053,-33.604022,Delivery Area,Delivery Area,12404,Richmond - Windsor,124,Sydney - Outer West and Blue Mountains,R3,Updated 6-Feb-2020
5620,2753,BOWEN MOUNTAIN,NSW,150.646053,-33.604022,Delivery Area,Delivery Area,12404,Richmond - Windsor,124,Sydney - Outer West and Blue Mountains,R3,Updated 6-Feb-2020
5621,2753,GROSE VALE,NSW,150.646053,-33.604022,Delivery Area,Delivery Area,12404,Richmond - Windsor,124,Sydney - Outer West and Blue Mountains,R3,Updated 6-Feb-2020
5622,2753,GROSE WOLD,NSW,150.646053,-33.604022,Delivery Area,Delivery Area,12404,Richmond - Windsor,124,Sydney - Outer West and Blue Mountains,R3,Updated 6-Feb-2020
5623,2753,HOBARTVILLE,NSW,150.646053,-33.604022,Delivery Area,Delivery Area,12404,Richmond - Windsor,124,Sydney - Outer West and Blue Mountains,R3,Updated 6-Feb-2020
5624,2753,LONDONDERRY,NSW,150.646053,-33.604022,Delivery Area,Delivery Area,12404,Richmond - Windsor,124,Sydney - Outer West and Blue Mountains,R3,Updated 6-Feb-2020
5625,2753,RICHMOND,NSW,150.646053,-33.604022,Delivery Area,Delivery Area,12404,Richmond - Windsor,124,Sydney - Outer West and Blue Mountains,R3,Updated 6-Feb-2020
20652,2753,RICHMOND LOWLANDS,NSW,150.7529264,-33.57904416,Delivery Area,Delivery Area,12404,Richmond - Windsor,124,Sydney - Outer West and Blue Mountains,R3,Updated 6-Feb-2020
5626,2753,YARRAMUNDI,NSW,150.646053,-33.604022,Delivery Area,Delivery Area,12404,Richmond - Windsor,124,Sydney - Outer West and Blue Mountains,R3,Updated 6-Feb-2020
5627,2754,NORTH RICHMOND,NSW,150.72802,-33.557893,Delivery Area,Delivery Area,12404,Richmond - Windsor,124,Sydney - Outer West and Blue Mountains,R3,Updated 6-Feb-2020
5628,2754,TENNYSON,NSW,150.72802,-33.557893,Delivery Area,Delivery Area,12404,Richmond - Windsor,124,Sydney - Outer West and Blue Mountains,R3,Updated 6-Feb-2020
5629,2754,THE SLOPES,NSW,150.72802,-33.557893,Delivery Area,Delivery Area,12404,Richmond - Windsor,124,Sydney - Outer West and Blue Mountains,R3,Updated 6-Feb-2020
5630,2755,RICHMOND,NSW,150.780589,-33.60319,LVR,LVR,12404,Richmond - Windsor,124,Sydney - Outer West and Blue Mountains,R1,Updated 6-Feb-2020
5631,2756,BLIGH PARK,NSW,150.88744,-33.466271,Delivery Area,Delivery Area,12404,Richmond - Windsor,124,Sydney - Outer West and Blue Mountains,R3,Updated 6-Feb-2020
5632,2756,CATTAI,NSW,150.88744,-33.466271,Delivery Area,Delivery Area,12404,Richmond - Windsor,124,Sydney - Outer West and Blue Mountains,R3,Updated 6-Feb-2020
5633,2756,CENTRAL COLO,NSW,150.88744,-33.466271,Delivery Area,Delivery Area,12404,Richmond - Windsor,124,Sydney - Outer West and Blue Mountains,R3,Updated 6-Feb-2020
5634,2756,CLARENDON,NSW,150.88744,-33.466271,Delivery Area,Delivery Area,12404,Richmond - Windsor,124,Sydney - Outer West and Blue Mountains,R3,Updated 6-Feb-2020
5635,2756,COLO,NSW,150.88744,-33.466271,Delivery Area,Delivery Area,12404,Richmond - Windsor,124,Sydney - Outer West and Blue Mountains,R3,Updated 6-Feb-2020
5636,2756,COLO HEIGHTS,NSW,150.88744,-33.466271,Delivery Area,Delivery Area,12404,Richmond - Windsor,124,Sydney - Outer West and Blue Mountains,R3,Updated 6-Feb-2020
5637,2756,CORNWALLIS,NSW,150.88744,-33.466271,Delivery Area,Delivery Area,12404,Richmond - Windsor,124,Sydney - Outer West and Blue Mountains,R3,Updated 6-Feb-2020
20653,2756,CUMBERLAND REACH,NSW,150.8949988,-33.46471971,Delivery Area,Delivery Area,12404,Richmond - Windsor,124,Sydney - Outer West and Blue Mountains,R3,Updated 6-Feb-2020
5638,2756,EBENEZER,NSW,150.88744,-33.466271,Delivery Area,Delivery Area,12404,Richmond - Windsor,124,Sydney - Outer West and Blue Mountains,R3,Updated 6-Feb-2020
5639,2756,FREEMANS REACH,NSW,150.88744,-33.466271,Delivery Area,Delivery Area,12404,Richmond - Windsor,124,Sydney - Outer West and Blue Mountains,R3,Updated 6-Feb-2020
5640,2756,GLOSSODIA,NSW,150.88744,-33.466271,Delivery Area,Delivery Area,12404,Richmond - Windsor,124,Sydney - Outer West and Blue Mountains,R3,Updated 6-Feb-2020
5641,2756,LEETS VALE,NSW,150.88744,-33.466271,,,12404,Richmond - Windsor,124,Sydney - Outer West and Blue Mountains,R3,Updated 6-Feb-2020
5642,2756,LOWER PORTLAND,NSW,150.88744,-33.466271,Delivery Area,Delivery Area,12404,Richmond - Windsor,124,Sydney - Outer West and Blue Mountains,R3,Updated 6-Feb-2020
5643,2756,MAROOTA,NSW,150.88744,-33.466271,Delivery Area,Delivery Area,12404,Richmond - Windsor,124,Sydney - Outer West and Blue Mountains,R3,Updated 6-Feb-2020
5644,2756,MCGRATHS HILL,NSW,150.88744,-33.466271,Delivery Area,Delivery Area,12404,Richmond - Windsor,124,Sydney - Outer West and Blue Mountains,R3,Updated 6-Feb-2020
5645,2756,MELLONG,NSW,150.88744,-33.466271,Delivery Area,Delivery Area,12404,Richmond - Windsor,124,Sydney - Outer West and Blue Mountains,R3,Updated 6-Feb-2020
5646,2756,MULGRAVE,NSW,150.88744,-33.466271,Delivery Area,Delivery Area,12404,Richmond - Windsor,124,Sydney - Outer West and Blue Mountains,R3,Updated 6-Feb-2020
5647,2756,PITT TOWN,NSW,150.88744,-33.466271,Delivery Area,Delivery Area,12404,Richmond - Windsor,124,Sydney - Outer West and Blue Mountains,R3,Updated 6-Feb-2020
20654,2756,PITT TOWN BOTTOMS,NSW,150.8460686,-33.58586014,Delivery Area,Delivery Area,12404,Richmond - Windsor,124,Sydney - Outer West and Blue Mountains,R3,Updated 6-Feb-2020
5648,2756,SACKVILLE,NSW,150.88744,-33.466271,Delivery Area,Delivery Area,12404,Richmond - Windsor,124,Sydney - Outer West and Blue Mountains,R3,Updated 6-Feb-2020
5649,2756,SACKVILLE NORTH,NSW,150.88744,-33.466271,Delivery Area,Delivery Area,12404,Richmond - Windsor,124,Sydney - Outer West and Blue Mountains,R3,Updated 6-Feb-2020
5650,2756,SCHEYVILLE,NSW,150.88744,-33.466271,Delivery Area,Delivery Area,12404,Richmond - Windsor,124,Sydney - Outer West and Blue Mountains,R3,Updated 6-Feb-2020
5651,2756,SOUTH MAROOTA,NSW,150.88744,-33.466271,Delivery Area,Delivery Area,12404,Richmond - Windsor,124,Sydney - Outer West and Blue Mountains,R3,Updated 6-Feb-2020
5652,2756,SOUTH WINDSOR,NSW,150.88744,-33.466271,Delivery Area,Delivery Area,12404,Richmond - Windsor,124,Sydney - Outer West and Blue Mountains,R3,Updated 6-Feb-2020
5653,2756,UPPER COLO,NSW,150.88744,-33.466271,Delivery Area,Delivery Area,12404,Richmond - Windsor,124,Sydney - Outer West and Blue Mountains,R3,Updated 6-Feb-2020
5654,2756,WILBERFORCE,NSW,150.88744,-33.466271,Delivery Area,Delivery Area,12404,Richmond - Windsor,124,Sydney - Outer West and Blue Mountains,R3,Updated 6-Feb-2020
5655,2756,WINDSOR,NSW,150.88744,-33.466271,Delivery Area,Delivery Area,12404,Richmond - Windsor,124,Sydney - Outer West and Blue Mountains,R3,Updated 6-Feb-2020
5656,2756,WINDSOR DOWNS,NSW,150.88744,-33.466271,Delivery Area,Delivery Area,12404,Richmond - Windsor,124,Sydney - Outer West and Blue Mountains,R3,Updated 6-Feb-2020
20655,2756,WOMERAH,NSW,150.8001824,-33.23594291,Delivery Area,Delivery Area,12404,Richmond - Windsor,124,Sydney - Outer West and Blue Mountains,R3,Updated 6-Feb-2020
5657,2757,KURMOND,NSW,150.692086,-33.554839,Delivery Area,Delivery Area,11503,Hawkesbury,115,Sydney - Baulkham Hills and Hawkesbury,R3,Updated 6-Feb-2020
5658,2758,BERAMBING,NSW,150.601824,-33.483614,Delivery Area,Delivery Area,12401,Blue Mountains,124,Sydney - Outer West and Blue Mountains,R3,Updated 6-Feb-2020
5659,2758,BILPIN,NSW,150.601824,-33.483614,Delivery Area,Delivery Area,12401,Blue Mountains,124,Sydney - Outer West and Blue Mountains,R3,Updated 6-Feb-2020
5660,2758,BLAXLANDS RIDGE,NSW,150.601824,-33.483614,Delivery Area,Delivery Area,12401,Blue Mountains,124,Sydney - Outer West and Blue Mountains,R3,Updated 6-Feb-2020
5661,2758,EAST KURRAJONG,NSW,150.601824,-33.483614,Delivery Area,Delivery Area,12401,Blue Mountains,124,Sydney - Outer West and Blue Mountains,R3,Updated 6-Feb-2020
5662,2758,KURRAJONG,NSW,150.601824,-33.483614,Delivery Area,Delivery Area,12401,Blue Mountains,124,Sydney - Outer West and Blue Mountains,R3,Updated 6-Feb-2020
5663,2758,KURRAJONG HEIGHTS,NSW,150.601824,-33.483614,Delivery Area,Delivery Area,12401,Blue Mountains,124,Sydney - Outer West and Blue Mountains,R3,Updated 6-Feb-2020
5664,2758,KURRAJONG HILLS,NSW,150.601824,-33.483614,Delivery Area,Delivery Area,12401,Blue Mountains,124,Sydney - Outer West and Blue Mountains,R3,Updated 6-Feb-2020
5665,2758,MOUNT TOMAH,NSW,150.601824,-33.483614,Delivery Area,Delivery Area,12401,Blue Mountains,124,Sydney - Outer West and Blue Mountains,R3,Updated 6-Feb-2020
20656,2758,MOUNTAIN LAGOON,NSW,150.6262801,-33.43759323,Delivery Area,Delivery Area,12401,Blue Mountains,124,Sydney - Outer West and Blue Mountains,R3,Updated 6-Feb-2020
20657,2758,THE DEVILS WILDERNESS,NSW,150.5320309,-33.54288496,Delivery Area,Delivery Area,12401,Blue Mountains,124,Sydney - Outer West and Blue Mountains,R3,Updated 6-Feb-2020
5666,2758,WHEENY CREEK,NSW,150.601824,-33.483614,Delivery Area,Delivery Area,12401,Blue Mountains,124,Sydney - Outer West and Blue Mountains,R3,Updated 6-Feb-2020
5667,2759,ERSKINE PARK,NSW,150.781767,-33.82252,Delivery Area,Delivery Area,12405,St Marys,124,Sydney - Outer West and Blue Mountains,R1,Updated 6-Feb-2020
5668,2759,ST CLAIR,NSW,150.781767,-33.82252,Delivery Area,Delivery Area,12405,St Marys,124,Sydney - Outer West and Blue Mountains,R1,Updated 6-Feb-2020
5669,2760,COLYTON,NSW,150.780073,-33.763976,Delivery Area,Delivery Area,12405,St Marys,124,Sydney - Outer West and Blue Mountains,R1,Updated 6-Feb-2020
5670,2760,NORTH ST MARYS,NSW,150.780073,-33.763976,Delivery Area,Delivery Area,12405,St Marys,124,Sydney - Outer West and Blue Mountains,R1,Updated 6-Feb-2020
5671,2760,OXLEY PARK,NSW,150.780073,-33.763976,Delivery Area,Delivery Area,12405,St Marys,124,Sydney - Outer West and Blue Mountains,R1,Updated 6-Feb-2020
20658,2760,ROPES CROSSING,NSW,150.7798669,-33.72914494,Delivery Area,Delivery Area,12405,St Marys,124,Sydney - Outer West and Blue Mountains,R1,Updated 6-Feb-2020
5672,2760,ST MARYS,NSW,150.780073,-33.763976,Delivery Area,Delivery Area,12405,St Marys,124,Sydney - Outer West and Blue Mountains,R1,Updated 6-Feb-2020
5673,2760,ST MARYS EAST,NSW,150.780073,-33.763976,Delivery Area,Delivery Area,12405,St Marys,124,Sydney - Outer West and Blue Mountains,R1,Updated 6-Feb-2020
5674,2760,ST MARYS SOUTH,NSW,150.780073,-33.763976,Delivery Area,Delivery Area,12405,St Marys,124,Sydney - Outer West and Blue Mountains,R1,Updated 6-Feb-2020
5675,2761,COLEBEE,NSW,150.84746,-33.742006,Delivery Area,Delivery Area,11603,Mount Druitt,116,Sydney - Blacktown,R1,Updated 6-Feb-2020
5676,2761,DEAN PARK,NSW,150.84746,-33.742006,Delivery Area,Delivery Area,11603,Mount Druitt,116,Sydney - Blacktown,R1,Updated 6-Feb-2020
5677,2761,GLENDENNING,NSW,150.84746,-33.742006,Delivery Area,Delivery Area,11603,Mount Druitt,116,Sydney - Blacktown,R1,Updated 6-Feb-2020
5678,2761,GLENDENNING DC,NSW,150.84746,-33.742006,,,11603,Mount Druitt,116,Sydney - Blacktown,R1,Updated 6-Feb-2020
5679,2761,HASSALL GROVE,NSW,150.84746,-33.742006,Delivery Area,Delivery Area,11603,Mount Druitt,116,Sydney - Blacktown,R1,Updated 6-Feb-2020
5680,2761,OAKHURST,NSW,150.84746,-33.742006,Delivery Area,Delivery Area,11603,Mount Druitt,116,Sydney - Blacktown,R1,Updated 6-Feb-2020
5681,2761,PLUMPTON,NSW,150.84746,-33.742006,Delivery Area,Delivery Area,11603,Mount Druitt,116,Sydney - Blacktown,R1,Updated 6-Feb-2020
5682,2762,SCHOFIELDS,NSW,150.880097,-33.700603,Delivery Area,Delivery Area,11602,Blacktown - North,116,Sydney - Blacktown,R1,Updated 6-Feb-2020
5683,2763,ACACIA GARDENS,NSW,150.89547,-33.725619,Delivery Area,Delivery Area,11602,Blacktown - North,116,Sydney - Blacktown,R1,Updated 6-Feb-2020
5684,2763,QUAKERS HILL,NSW,150.89547,-33.725619,Delivery Area,Delivery Area,11602,Blacktown - North,116,Sydney - Blacktown,R1,Updated 6-Feb-2020
5685,2765,BERKSHIRE PARK,NSW,150.860258,-33.663002,Delivery Area,Delivery Area,12404,Richmond - Windsor,124,Sydney - Outer West and Blue Mountains,R1,Updated 6-Feb-2020
5686,2765,BOX HILL,NSW,150.860258,-33.663002,Delivery Area,Delivery Area,12404,Richmond - Windsor,124,Sydney - Outer West and Blue Mountains,R1,Updated 6-Feb-2020
5687,2765,MARAYLYA,NSW,150.860258,-33.663002,Delivery Area,Delivery Area,12404,Richmond - Windsor,124,Sydney - Outer West and Blue Mountains,R1,Updated 6-Feb-2020
5688,2765,MARSDEN PARK,NSW,150.860258,-33.663002,Delivery Area,Delivery Area,12404,Richmond - Windsor,124,Sydney - Outer West and Blue Mountains,R1,Updated 6-Feb-2020
5689,2765,NELSON,NSW,150.860258,-33.663002,Delivery Area,Delivery Area,12404,Richmond - Windsor,124,Sydney - Outer West and Blue Mountains,R1,Updated 6-Feb-2020
5690,2765,OAKVILLE,NSW,150.860258,-33.663002,Delivery Area,Delivery Area,12404,Richmond - Windsor,124,Sydney - Outer West and Blue Mountains,R1,Updated 6-Feb-2020
5691,2765,RIVERSTONE,NSW,150.860258,-33.663002,Delivery Area,Delivery Area,12404,Richmond - Windsor,124,Sydney - Outer West and Blue Mountains,R1,Updated 6-Feb-2020
5692,2765,VINEYARD,NSW,150.860258,-33.663002,,,12404,Richmond - Windsor,124,Sydney - Outer West and Blue Mountains,R1,Updated 6-Feb-2020
5693,2766,EASTERN CREEK,NSW,150.850764,-33.810388,Delivery Area,Delivery Area,11603,Mount Druitt,116,Sydney - Blacktown,R1,Updated 6-Feb-2020
5694,2766,ROOTY HILL,NSW,150.850764,-33.810388,Delivery Area,Delivery Area,11603,Mount Druitt,116,Sydney - Blacktown,R1,Updated 6-Feb-2020
20659,2767,BUNGARRIBEE,NSW,150.8651828,-33.77972161,Delivery Area,Delivery Area,11603,Mount Druitt,116,Sydney - Blacktown,R1,Updated 6-Feb-2020
5695,2767,DOONSIDE,NSW,150.871134,-33.763843,Delivery Area,Delivery Area,11603,Mount Druitt,116,Sydney - Blacktown,R1,Updated 6-Feb-2020
5696,2767,WOODCROFT,NSW,150.871134,-33.763843,Delivery Area,Delivery Area,11603,Mount Druitt,116,Sydney - Blacktown,R1,Updated 6-Feb-2020
5697,2768,GLENWOOD,NSW,150.922732,-33.737863,Delivery Area,Delivery Area,11602,Blacktown - North,116,Sydney - Blacktown,R1,Updated 6-Feb-2020
5698,2768,PARKLEA,NSW,150.922732,-33.737863,Delivery Area,Delivery Area,11602,Blacktown - North,116,Sydney - Blacktown,R1,Updated 6-Feb-2020
5699,2768,STANHOPE GARDENS,NSW,150.922732,-33.737863,Delivery Area,Delivery Area,11602,Blacktown - North,116,Sydney - Blacktown,R1,Updated 6-Feb-2020
6,2769,THE PONDS,NSW,150.9054927,-33.7054643,Delivery Area,Delivery Area,11602,Blacktown - North,116,Sydney - Blacktown,R1,Updated 25-Mar-2020 AUSPOST
5700,2770,BIDWILL,NSW,150.810246,-33.756443,Delivery Area,Delivery Area,11603,Mount Druitt,116,Sydney - Blacktown,R1,Updated 6-Feb-2020
5701,2770,BLACKETT,NSW,150.810246,-33.756443,Delivery Area,Delivery Area,11603,Mount Druitt,116,Sydney - Blacktown,R1,Updated 6-Feb-2020
5702,2770,DHARRUK,NSW,150.810246,-33.756443,Delivery Area,Delivery Area,11603,Mount Druitt,116,Sydney - Blacktown,R1,Updated 6-Feb-2020
5703,2770,EMERTON,NSW,150.810246,-33.756443,Delivery Area,Delivery Area,11603,Mount Druitt,116,Sydney - Blacktown,R1,Updated 6-Feb-2020
5704,2770,HEBERSHAM,NSW,150.810246,-33.756443,Delivery Area,Delivery Area,11603,Mount Druitt,116,Sydney - Blacktown,R1,Updated 6-Feb-2020
5705,2770,LETHBRIDGE PARK,NSW,150.810246,-33.756443,Delivery Area,Delivery Area,11603,Mount Druitt,116,Sydney - Blacktown,R1,Updated 6-Feb-2020
5706,2770,MINCHINBURY,NSW,150.810246,-33.756443,Delivery Area,Delivery Area,11603,Mount Druitt,116,Sydney - Blacktown,R1,Updated 6-Feb-2020
5707,2770,MOUNT DRUITT,NSW,150.810246,-33.756443,Delivery Area,Delivery Area,11603,Mount Druitt,116,Sydney - Blacktown,R1,Updated 6-Feb-2020
5708,2770,MOUNT DRUITT VILLAGE,NSW,150.810246,-33.756443,Delivery Area,Delivery Area,11603,Mount Druitt,116,Sydney - Blacktown,R1,Updated 6-Feb-2020
5709,2770,SHALVEY,NSW,150.810246,-33.756443,Delivery Area,Delivery Area,11603,Mount Druitt,116,Sydney - Blacktown,R1,Updated 6-Feb-2020
5710,2770,TREGEAR,NSW,150.810246,-33.756443,Delivery Area,Delivery Area,11603,Mount Druitt,116,Sydney - Blacktown,R1,Updated 6-Feb-2020
5711,2770,WHALAN,NSW,150.810246,-33.756443,Delivery Area,Delivery Area,11603,Mount Druitt,116,Sydney - Blacktown,R1,Updated 6-Feb-2020
5712,2770,WILLMOT,NSW,150.810246,-33.756443,Delivery Area,Delivery Area,11603,Mount Druitt,116,Sydney - Blacktown,R1,Updated 6-Feb-2020
5713,2773,GLENBROOK,NSW,150.626788,-33.768837,Delivery Area,Delivery Area,12401,Blue Mountains,124,Sydney - Outer West and Blue Mountains,R3,Updated 6-Feb-2020
5714,2773,LAPSTONE,NSW,150.626788,-33.768837,Delivery Area,Delivery Area,12401,Blue Mountains,124,Sydney - Outer West and Blue Mountains,R3,Updated 6-Feb-2020
5715,2774,BLAXLAND,NSW,150.62902,-33.732671,Delivery Area,Delivery Area,12401,Blue Mountains,124,Sydney - Outer West and Blue Mountains,R3,Updated 6-Feb-2020
5716,2774,BLAXLAND EAST,NSW,150.62902,-33.732671,Delivery Area,Delivery Area,12401,Blue Mountains,124,Sydney - Outer West and Blue Mountains,R3,Updated 6-Feb-2020
5717,2774,MOUNT RIVERVIEW,NSW,150.62902,-33.732671,Delivery Area,Delivery Area,12401,Blue Mountains,124,Sydney - Outer West and Blue Mountains,R3,Updated 6-Feb-2020
5718,2774,WARRIMOO,NSW,150.62902,-33.732671,Delivery Area,Delivery Area,12401,Blue Mountains,124,Sydney - Outer West and Blue Mountains,R3,Updated 6-Feb-2020
5719,2775,CENTRAL MACDONALD,NSW,150.918639,-33.305478,Delivery Area,Delivery Area,11503,Hawkesbury,115,Sydney - Baulkham Hills and Hawkesbury,R3,Updated 6-Feb-2020
5720,2775,FERNANCES,NSW,150.918639,-33.305478,Delivery Area,Delivery Area,11503,Hawkesbury,115,Sydney - Baulkham Hills and Hawkesbury,R3,Updated 6-Feb-2020
5721,2775,GUNDERMAN,NSW,150.918639,-33.305478,Delivery Area,Delivery Area,11503,Hawkesbury,115,Sydney - Baulkham Hills and Hawkesbury,R3,Updated 6-Feb-2020
5722,2775,HIGHER MACDONALD,NSW,150.918639,-33.305478,Delivery Area,Delivery Area,11503,Hawkesbury,115,Sydney - Baulkham Hills and Hawkesbury,R3,Updated 6-Feb-2020
5443,2775,LAUGHTONDALE,NSW,150.918639,-33.305478,Delivery Area,Delivery Area,11503,Hawkesbury,115,Sydney - Baulkham Hills and Hawkesbury,R3,Updated 6-Feb-2020
20660,2775,LEETS VALE,NSW,150.9487827,-33.42581736,Delivery Area,Delivery Area,11503,Hawkesbury,115,Sydney - Baulkham Hills and Hawkesbury,R3,Updated 6-Feb-2020
5444,2775,LOWER HAWKESBURY,NSW,150.918639,-33.305478,,,11503,Hawkesbury,115,Sydney - Baulkham Hills and Hawkesbury,R3,Updated 6-Feb-2020
5445,2775,LOWER MACDONALD,NSW,150.918639,-33.305478,Delivery Area,Delivery Area,11503,Hawkesbury,115,Sydney - Baulkham Hills and Hawkesbury,R3,Updated 6-Feb-2020
5446,2775,MARLOW,NSW,150.918639,-33.305478,Delivery Area,Delivery Area,11503,Hawkesbury,115,Sydney - Baulkham Hills and Hawkesbury,R3,Updated 6-Feb-2020
20661,2775,MOGO CREEK,NSW,151.0693014,-33.14502192,Delivery Area,Delivery Area,11503,Hawkesbury,115,Sydney - Baulkham Hills and Hawkesbury,R3,Updated 6-Feb-2020
20662,2775,PERRYS CROSSING,NSW,150.978373,-33.16401067,Delivery Area,Delivery Area,11503,Hawkesbury,115,Sydney - Baulkham Hills and Hawkesbury,R3,Updated 6-Feb-2020
20663,2775,SINGLETONS MILL,NSW,151.0708341,-33.47544754,Delivery Area,Delivery Area,11503,Hawkesbury,115,Sydney - Baulkham Hills and Hawkesbury,R3,Updated 6-Feb-2020
5447,2775,SPENCER,NSW,150.918639,-33.305478,Delivery Area,Delivery Area,11503,Hawkesbury,115,Sydney - Baulkham Hills and Hawkesbury,R3,Updated 6-Feb-2020
5448,2775,ST ALBANS,NSW,150.918639,-33.305478,Delivery Area,Delivery Area,11503,Hawkesbury,115,Sydney - Baulkham Hills and Hawkesbury,R3,Updated 6-Feb-2020
5449,2775,UPPER MACDONALD,NSW,150.918639,-33.305478,Delivery Area,Delivery Area,11503,Hawkesbury,115,Sydney - Baulkham Hills and Hawkesbury,R3,Updated 6-Feb-2020
5450,2775,WEBBS CREEK,NSW,150.918639,-33.305478,Delivery Area,Delivery Area,11503,Hawkesbury,115,Sydney - Baulkham Hills and Hawkesbury,R3,Updated 6-Feb-2020
5451,2775,WISEMANS FERRY,NSW,150.918639,-33.305478,Delivery Area,Delivery Area,11503,Hawkesbury,115,Sydney - Baulkham Hills and Hawkesbury,R3,Updated 6-Feb-2020
20664,2775,WRIGHTS CREEK,NSW,151.0387409,-33.31145027,Delivery Area,Delivery Area,11503,Hawkesbury,115,Sydney - Baulkham Hills and Hawkesbury,R3,Updated 6-Feb-2020
5452,2776,FAULCONBRIDGE,NSW,150.553111,-33.666855,Delivery Area,Delivery Area,12401,Blue Mountains,124,Sydney - Outer West and Blue Mountains,R3,Updated 6-Feb-2020
5453,2777,HAWKESBURY HEIGHTS,NSW,150.587962,-33.692534,Delivery Area,Delivery Area,12401,Blue Mountains,124,Sydney - Outer West and Blue Mountains,R3,Updated 6-Feb-2020
5454,2777,SPRINGWOOD,NSW,150.587962,-33.692534,Delivery Area,Delivery Area,12401,Blue Mountains,124,Sydney - Outer West and Blue Mountains,R3,Updated 6-Feb-2020
5455,2777,SUN VALLEY,NSW,150.587962,-33.692534,Delivery Area,Delivery Area,12401,Blue Mountains,124,Sydney - Outer West and Blue Mountains,R3,Updated 6-Feb-2020
5456,2777,VALLEY HEIGHTS,NSW,150.587962,-33.692534,Delivery Area,Delivery Area,12401,Blue Mountains,124,Sydney - Outer West and Blue Mountains,R3,Updated 6-Feb-2020
5457,2777,WINMALEE,NSW,150.587962,-33.692534,Delivery Area,Delivery Area,12401,Blue Mountains,124,Sydney - Outer West and Blue Mountains,R3,Updated 6-Feb-2020
5458,2777,YELLOW ROCK,NSW,150.587962,-33.692534,Delivery Area,Delivery Area,12401,Blue Mountains,124,Sydney - Outer West and Blue Mountains,R3,Updated 6-Feb-2020
5459,2778,LINDEN,NSW,150.484549,-33.728545,Delivery Area,Delivery Area,12401,Blue Mountains,124,Sydney - Outer West and Blue Mountains,R3,Updated 6-Feb-2020
5460,2778,WOODFORD,NSW,150.484549,-33.728545,Delivery Area,Delivery Area,12401,Blue Mountains,124,Sydney - Outer West and Blue Mountains,R3,Updated 6-Feb-2020
5461,2779,HAZELBROOK,NSW,150.45933,-33.7237,Delivery Area,Delivery Area,12401,Blue Mountains,124,Sydney - Outer West and Blue Mountains,R3,Updated 6-Feb-2020
5462,2780,KATOOMBA,NSW,150.435639,-33.832923,Delivery Area,Delivery Area,12401,Blue Mountains,124,Sydney - Outer West and Blue Mountains,R3,Updated 6-Feb-2020
5463,2780,KATOOMBA DC,NSW,150.435639,-33.832923,,,12401,Blue Mountains,124,Sydney - Outer West and Blue Mountains,R3,Updated 6-Feb-2020
5464,2780,LEURA,NSW,150.435639,-33.832923,Delivery Area,Delivery Area,12401,Blue Mountains,124,Sydney - Outer West and Blue Mountains,R3,Updated 6-Feb-2020
5465,2780,MEDLOW BATH,NSW,150.435639,-33.832923,Delivery Area,Delivery Area,12401,Blue Mountains,124,Sydney - Outer West and Blue Mountains,R3,Updated 6-Feb-2020
5466,2780,YOSEMITE,NSW,150.435639,-33.832923,Delivery Area,Delivery Area,12401,Blue Mountains,124,Sydney - Outer West and Blue Mountains,R3,Updated 6-Feb-2020
5467,2782,WENTWORTH FALLS,NSW,150.366015,-33.704416,Delivery Area,Delivery Area,12401,Blue Mountains,124,Sydney - Outer West and Blue Mountains,R3,Updated 6-Feb-2020
5468,2783,LAWSON,NSW,150.431839,-33.725566,Delivery Area,Delivery Area,12401,Blue Mountains,124,Sydney - Outer West and Blue Mountains,R3,Updated 6-Feb-2020
5469,2784,BULLABURRA,NSW,150.407048,-33.729916,Delivery Area,Delivery Area,12401,Blue Mountains,124,Sydney - Outer West and Blue Mountains,R3,Updated 6-Feb-2020
5470,2785,BLACKHEATH,NSW,150.181517,-33.707725,Delivery Area,Delivery Area,12401,Blue Mountains,124,Sydney - Outer West and Blue Mountains,R3,Updated 6-Feb-2020
5471,2785,MEGALONG,NSW,150.181517,-33.707725,Delivery Area,Delivery Area,12401,Blue Mountains,124,Sydney - Outer West and Blue Mountains,R3,Updated 6-Feb-2020
20665,2785,MEGALONG VALLEY,NSW,150.2228056,-33.71946185,Delivery Area,Delivery Area,12401,Blue Mountains,124,Sydney - Outer West and Blue Mountains,R3,Updated 6-Feb-2020
5472,2785,SHIPLEY,NSW,150.181517,-33.707725,,,12401,Blue Mountains,124,Sydney - Outer West and Blue Mountains,R3,Updated 6-Feb-2020
5473,2786,BELL,NSW,150.317795,-33.533055,Delivery Area,Delivery Area,12401,Blue Mountains,124,Sydney - Outer West and Blue Mountains,R3,Updated 6-Feb-2020
5474,2786,DARGAN,NSW,150.317795,-33.533055,Delivery Area,Delivery Area,12401,Blue Mountains,124,Sydney - Outer West and Blue Mountains,R3,Updated 6-Feb-2020
5475,2786,MOUNT IRVINE,NSW,150.317795,-33.533055,Delivery Area,Delivery Area,12401,Blue Mountains,124,Sydney - Outer West and Blue Mountains,R3,Updated 6-Feb-2020
5476,2786,MOUNT VICTORIA,NSW,150.317795,-33.533055,Delivery Area,Delivery Area,12401,Blue Mountains,124,Sydney - Outer West and Blue Mountains,R3,Updated 6-Feb-2020
5477,2786,MOUNT WILSON,NSW,150.317795,-33.533055,Delivery Area,Delivery Area,12401,Blue Mountains,124,Sydney - Outer West and Blue Mountains,R3,Updated 6-Feb-2020
5478,2787,BLACK SPRINGS,NSW,150.153221,-34.06024,Delivery Area,Delivery Area,12403,Penrith,124,Sydney - Outer West and Blue Mountains,R3,Updated 6-Feb-2020
5479,2787,CHATHAM VALLEY,NSW,150.153221,-34.06024,Delivery Area,Delivery Area,12403,Penrith,124,Sydney - Outer West and Blue Mountains,R3,Updated 6-Feb-2020
5480,2787,DUCKMALOI,NSW,150.153221,-34.06024,Delivery Area,Delivery Area,12403,Penrith,124,Sydney - Outer West and Blue Mountains,R3,Updated 6-Feb-2020
5481,2787,EDITH,NSW,150.153221,-34.06024,Delivery Area,Delivery Area,12403,Penrith,124,Sydney - Outer West and Blue Mountains,R3,Updated 6-Feb-2020
20666,2787,ESSINGTON,NSW,149.7138893,-33.74061344,Delivery Area,Delivery Area,12403,Penrith,124,Sydney - Outer West and Blue Mountains,R3,Updated 6-Feb-2020
5482,2787,GINGKIN,NSW,150.153221,-34.06024,Delivery Area,Delivery Area,12403,Penrith,124,Sydney - Outer West and Blue Mountains,R3,Updated 6-Feb-2020
5483,2787,GURNANG,NSW,150.153221,-34.06024,Delivery Area,Delivery Area,12403,Penrith,124,Sydney - Outer West and Blue Mountains,R3,Updated 6-Feb-2020
5484,2787,HAZELGROVE,NSW,150.153221,-34.06024,Delivery Area,Delivery Area,12403,Penrith,124,Sydney - Outer West and Blue Mountains,R3,Updated 6-Feb-2020
5485,2787,JAUNTER,NSW,150.153221,-34.06024,Delivery Area,Delivery Area,12403,Penrith,124,Sydney - Outer West and Blue Mountains,R3,Updated 6-Feb-2020
5486,2787,KANANGRA,NSW,150.153221,-34.06024,Delivery Area,Delivery Area,12403,Penrith,124,Sydney - Outer West and Blue Mountains,R3,Updated 6-Feb-2020
5487,2787,MAYFIELD,NSW,150.153221,-34.06024,Delivery Area,Delivery Area,12403,Penrith,124,Sydney - Outer West and Blue Mountains,R3,Updated 6-Feb-2020
5488,2787,MOUNT OLIVE,NSW,150.153221,-34.06024,Delivery Area,Delivery Area,12403,Penrith,124,Sydney - Outer West and Blue Mountains,R3,Updated 6-Feb-2020
5489,2787,MOUNT WERONG,NSW,150.153221,-34.06024,Delivery Area,Delivery Area,12403,Penrith,124,Sydney - Outer West and Blue Mountains,R3,Updated 6-Feb-2020
5490,2787,MOZART,NSW,150.153221,-34.06024,Delivery Area,Delivery Area,12403,Penrith,124,Sydney - Outer West and Blue Mountains,R3,Updated 6-Feb-2020
5491,2787,NORWAY,NSW,150.153221,-34.06024,Delivery Area,Delivery Area,12403,Penrith,124,Sydney - Outer West and Blue Mountains,R3,Updated 6-Feb-2020
5492,2787,OBERON,NSW,150.153221,-34.06024,Delivery Area,Delivery Area,12403,Penrith,124,Sydney - Outer West and Blue Mountains,R3,Updated 6-Feb-2020
5493,2787,PORTERS RETREAT,NSW,150.153221,-34.06024,Delivery Area,Delivery Area,12403,Penrith,124,Sydney - Outer West and Blue Mountains,R3,Updated 6-Feb-2020
5494,2787,SHOOTERS HILL,NSW,150.153221,-34.06024,Delivery Area,Delivery Area,12403,Penrith,124,Sydney - Outer West and Blue Mountains,R3,Updated 6-Feb-2020
5495,2787,TARANA,NSW,150.153221,-34.06024,Delivery Area,Delivery Area,12403,Penrith,124,Sydney - Outer West and Blue Mountains,R3,Updated 6-Feb-2020
5496,2787,THE MEADOWS,NSW,150.153221,-34.06024,Delivery Area,Delivery Area,12403,Penrith,124,Sydney - Outer West and Blue Mountains,R3,Updated 6-Feb-2020
5497,2787,YERRANDERIE,NSW,150.153221,-34.06024,,,12403,Penrith,124,Sydney - Outer West and Blue Mountains,R3,Updated 6-Feb-2020
5498,2790,BEN BULLEN,NSW,150.356874,-33.310653,Delivery Area,Delivery Area,12401,Blue Mountains,124,Sydney - Outer West and Blue Mountains,R3,Updated 6-Feb-2020
5499,2790,BLACKMANS FLAT,NSW,150.356874,-33.310653,Delivery Area,Delivery Area,12401,Blue Mountains,124,Sydney - Outer West and Blue Mountains,R3,Updated 6-Feb-2020
5500,2790,BOWENFELS,NSW,150.356874,-33.310653,Delivery Area,Delivery Area,12401,Blue Mountains,124,Sydney - Outer West and Blue Mountains,R3,Updated 6-Feb-2020
5501,2790,CLARENCE,NSW,150.356874,-33.310653,Delivery Area,Delivery Area,12401,Blue Mountains,124,Sydney - Outer West and Blue Mountains,R3,Updated 6-Feb-2020
5502,2790,COBAR PARK,NSW,150.356874,-33.310653,Delivery Area,Delivery Area,12401,Blue Mountains,124,Sydney - Outer West and Blue Mountains,R3,Updated 6-Feb-2020
5503,2790,CORNEY TOWN,NSW,150.356874,-33.310653,Delivery Area,Delivery Area,12401,Blue Mountains,124,Sydney - Outer West and Blue Mountains,R3,Updated 6-Feb-2020
5504,2790,CULLEN BULLEN,NSW,150.356874,-33.310653,Delivery Area,Delivery Area,12401,Blue Mountains,124,Sydney - Outer West and Blue Mountains,R3,Updated 6-Feb-2020
20667,2790,DOCTORS GAP,NSW,150.1776756,-33.49168644,Delivery Area,Delivery Area,12401,Blue Mountains,124,Sydney - Outer West and Blue Mountains,R3,Updated 6-Feb-2020
5505,2790,GANBENANG,NSW,150.356874,-33.310653,Delivery Area,Delivery Area,12401,Blue Mountains,124,Sydney - Outer West and Blue Mountains,R3,Updated 6-Feb-2020
20668,2790,GOOD FOREST,NSW,150.1107946,-33.58752553,Delivery Area,Delivery Area,12401,Blue Mountains,124,Sydney - Outer West and Blue Mountains,R3,Updated 6-Feb-2020
5506,2790,HAMPTON,NSW,150.356874,-33.310653,,,12401,Blue Mountains,124,Sydney - Outer West and Blue Mountains,R3,Updated 6-Feb-2020
5507,2790,HARTLEY,NSW,150.356874,-33.310653,Delivery Area,Delivery Area,12401,Blue Mountains,124,Sydney - Outer West and Blue Mountains,R3,Updated 6-Feb-2020
5508,2790,HARTLEY VALE,NSW,150.356874,-33.310653,Delivery Area,Delivery Area,12401,Blue Mountains,124,Sydney - Outer West and Blue Mountains,R3,Updated 6-Feb-2020
20669,2790,HASSANS WALLS,NSW,150.1539617,-33.50767908,Delivery Area,Delivery Area,12401,Blue Mountains,124,Sydney - Outer West and Blue Mountains,R3,Updated 6-Feb-2020
20670,2790,HERMITAGE FLAT,NSW,150.1456683,-33.47767577,Delivery Area,Delivery Area,12401,Blue Mountains,124,Sydney - Outer West and Blue Mountains,R3,Updated 6-Feb-2020
5509,2790,JENOLAN,NSW,150.356874,-33.310653,Delivery Area,Delivery Area,12401,Blue Mountains,124,Sydney - Outer West and Blue Mountains,R3,Updated 6-Feb-2020
5510,2790,JENOLAN CAVES,NSW,150.356874,-33.310653,,,12401,Blue Mountains,124,Sydney - Outer West and Blue Mountains,R3,Updated 6-Feb-2020
5511,2790,KANIMBLA,NSW,150.356874,-33.310653,Delivery Area,Delivery Area,12401,Blue Mountains,124,Sydney - Outer West and Blue Mountains,R3,Updated 6-Feb-2020
5512,2790,LIDSDALE,NSW,150.356874,-33.310653,Delivery Area,Delivery Area,12401,Blue Mountains,124,Sydney - Outer West and Blue Mountains,R3,Updated 6-Feb-2020
5513,2790,LITHGOW,NSW,150.356874,-33.310653,Delivery Area,Delivery Area,12401,Blue Mountains,124,Sydney - Outer West and Blue Mountains,R3,Updated 6-Feb-2020
5514,2790,LITHGOW DC,NSW,150.356874,-33.310653,,,12401,Blue Mountains,124,Sydney - Outer West and Blue Mountains,R3,Updated 6-Feb-2020
5515,2790,LITTLE HARTLEY,NSW,150.356874,-33.310653,Delivery Area,Delivery Area,12401,Blue Mountains,124,Sydney - Outer West and Blue Mountains,R3,Updated 6-Feb-2020
20671,2790,LITTLETON,NSW,150.1395925,-33.49544008,Delivery Area,Delivery Area,12401,Blue Mountains,124,Sydney - Outer West and Blue Mountains,R3,Updated 6-Feb-2020
5516,2790,LOWTHER,NSW,150.356874,-33.310653,Delivery Area,Delivery Area,12401,Blue Mountains,124,Sydney - Outer West and Blue Mountains,R3,Updated 6-Feb-2020
5517,2790,MARRANGAROO,NSW,150.356874,-33.310653,Delivery Area,Delivery Area,12401,Blue Mountains,124,Sydney - Outer West and Blue Mountains,R3,Updated 6-Feb-2020
20672,2790,MCKELLARS PARK,NSW,150.153024,-33.47039743,Delivery Area,Delivery Area,12401,Blue Mountains,124,Sydney - Outer West and Blue Mountains,R3,Updated 6-Feb-2020
20673,2790,MORTS ESTATE,NSW,150.1677602,-33.46774778,Delivery Area,Delivery Area,12401,Blue Mountains,124,Sydney - Outer West and Blue Mountains,R3,Updated 6-Feb-2020
5518,2790,MOUNT LAMBIE,NSW,150.356874,-33.310653,Delivery Area,Delivery Area,12401,Blue Mountains,124,Sydney - Outer West and Blue Mountains,R3,Updated 6-Feb-2020
5519,2790,NEWNES,NSW,150.356874,-33.310653,Delivery Area,Delivery Area,12401,Blue Mountains,124,Sydney - Outer West and Blue Mountains,R3,Updated 6-Feb-2020
20674,2790,NEWNES PLATEAU,NSW,150.2724338,-33.32536303,Delivery Area,Delivery Area,12401,Blue Mountains,124,Sydney - Outer West and Blue Mountains,R3,Updated 6-Feb-2020
20675,2790,OAKY PARK,NSW,150.178208,-33.471048,Delivery Area,Delivery Area,12401,Blue Mountains,124,Sydney - Outer West and Blue Mountains,R3,Updated 6-Feb-2020
20676,2790,POTTERY ESTATE,NSW,150.1562313,-33.48724312,Delivery Area,Delivery Area,12401,Blue Mountains,124,Sydney - Outer West and Blue Mountains,R3,Updated 6-Feb-2020
5520,2790,RYDAL,NSW,150.356874,-33.310653,Delivery Area,Delivery Area,12401,Blue Mountains,124,Sydney - Outer West and Blue Mountains,R3,Updated 6-Feb-2020
20677,2790,SHEEDYS GULLY,NSW,150.1525396,-33.49620019,Delivery Area,Delivery Area,12401,Blue Mountains,124,Sydney - Outer West and Blue Mountains,R3,Updated 6-Feb-2020
5521,2790,SODWALLS,NSW,150.356874,-33.310653,Delivery Area,Delivery Area,12401,Blue Mountains,124,Sydney - Outer West and Blue Mountains,R3,Updated 6-Feb-2020
5522,2790,SOUTH BOWENFELS,NSW,150.356874,-33.310653,Delivery Area,Delivery Area,12401,Blue Mountains,124,Sydney - Outer West and Blue Mountains,R3,Updated 6-Feb-2020
20678,2790,SOUTH LITTLETON,NSW,150.1373195,-33.50065259,Delivery Area,Delivery Area,12401,Blue Mountains,124,Sydney - Outer West and Blue Mountains,R3,Updated 6-Feb-2020
20679,2790,SPRINGVALE,NSW,150.11719,-33.412094,Delivery Area,Delivery Area,12401,Blue Mountains,124,Sydney - Outer West and Blue Mountains,R3,Updated 6-Feb-2020
20680,2790,STATE MINE GULLY,NSW,150.2051736,-33.44813394,Delivery Area,Delivery Area,12401,Blue Mountains,124,Sydney - Outer West and Blue Mountains,R3,Updated 6-Feb-2020
20681,2790,VALE OF CLWYDD,NSW,150.1850644,-33.49009916,Delivery Area,Delivery Area,12401,Blue Mountains,124,Sydney - Outer West and Blue Mountains,R3,Updated 6-Feb-2020
5523,2790,WOLGAN VALLEY,NSW,150.356874,-33.310653,Delivery Area,Delivery Area,12401,Blue Mountains,124,Sydney - Outer West and Blue Mountains,R3,Updated 6-Feb-2020
20682,2790,WOLLANGAMBE,NSW,150.4413864,-33.34286524,Delivery Area,Delivery Area,12401,Blue Mountains,124,Sydney - Outer West and Blue Mountains,R3,Updated 6-Feb-2020
5524,2791,CARCOAR,NSW,149.164475,-33.634941,Delivery Area,Delivery Area,10304,Orange,103,Central West,R3,Updated 6-Feb-2020
5525,2791,ERROWANBANG,NSW,149.164475,-33.634941,Delivery Area,Delivery Area,10304,Orange,103,Central West,R3,Updated 6-Feb-2020
5526,2792,BURNT YARDS,NSW,149.08632,-33.626627,Delivery Area,Delivery Area,10304,Orange,103,Central West,R3,Updated 6-Feb-2020
5527,2792,MANDURAMA,NSW,149.08632,-33.626627,Delivery Area,Delivery Area,10304,Orange,103,Central West,R3,Updated 6-Feb-2020
5528,2793,DARBYS FALLS,NSW,148.90873,-33.783955,Delivery Area,Delivery Area,10304,Orange,103,Central West,R3,Updated 6-Feb-2020
5529,2793,MOUNT MCDONALD,NSW,148.90873,-33.783955,Delivery Area,Delivery Area,10304,Orange,103,Central West,R3,Updated 6-Feb-2020
20683,2793,ROSEBERG,NSW,149.0498273,-33.85547148,Delivery Area,Delivery Area,10304,Orange,103,Central West,R3,Updated 6-Feb-2020
5530,2793,WOODSTOCK,NSW,148.90873,-33.783955,Delivery Area,Delivery Area,10304,Orange,103,Central West,R3,Updated 6-Feb-2020
5531,2794,BUMBALDRY,NSW,148.664838,-33.898505,Delivery Area,Delivery Area,10302,Lachlan Valley,103,Central West,R3,Updated 6-Feb-2020
5532,2794,COWRA,NSW,148.664838,-33.898505,Delivery Area,Delivery Area,10302,Lachlan Valley,103,Central West,R3,Updated 6-Feb-2020
5533,2794,HOVELLS CREEK,NSW,148.664838,-33.898505,Delivery Area,Delivery Area,10302,Lachlan Valley,103,Central West,R3,Updated 6-Feb-2020
5534,2794,MOUNT COLLINS,NSW,148.664838,-33.898505,Delivery Area,Delivery Area,10302,Lachlan Valley,103,Central West,R3,Updated 6-Feb-2020
5535,2794,NOONBINNA,NSW,148.664838,-33.898505,Delivery Area,Delivery Area,10302,Lachlan Valley,103,Central West,R3,Updated 6-Feb-2020
5536,2794,WATTAMONDARA,NSW,148.664838,-33.898505,Delivery Area,Delivery Area,10302,Lachlan Valley,103,Central West,R3,Updated 6-Feb-2020
5537,2794,WESTVILLE,NSW,148.664838,-33.898505,,,10302,Lachlan Valley,103,Central West,R3,Updated 6-Feb-2020
5538,2795,ABERCROMBIE,NSW,149.474401,-33.820797,Delivery Area,Delivery Area,10304,Orange,103,Central West,R3,Updated 6-Feb-2020
20684,2795,ABERCROMBIE RIVER,NSW,149.3476918,-33.91030648,Delivery Area,Delivery Area,10304,Orange,103,Central West,R3,Updated 6-Feb-2020
5539,2795,ARKELL,NSW,149.474401,-33.820797,Delivery Area,Delivery Area,10304,Orange,103,Central West,R3,Updated 6-Feb-2020
5540,2795,ARKSTONE,NSW,149.474401,-33.820797,Delivery Area,Delivery Area,10304,Orange,103,Central West,R3,Updated 6-Feb-2020
5541,2795,BALD RIDGE,NSW,149.474401,-33.820797,Delivery Area,Delivery Area,10304,Orange,103,Central West,R3,Updated 6-Feb-2020
5542,2795,BALLYROE,NSW,149.474401,-33.820797,Delivery Area,Delivery Area,10304,Orange,103,Central West,R3,Updated 6-Feb-2020
5543,2795,BATHAMPTON,NSW,149.474401,-33.820797,Delivery Area,Delivery Area,10304,Orange,103,Central West,R3,Updated 6-Feb-2020
5544,2795,BATHURST,NSW,149.474401,-33.820797,Delivery Area,Delivery Area,10304,Orange,103,Central West,R3,Updated 6-Feb-2020
22827,2795,BATHURST WEST,NSW,0,0,,,,,,,R3,Added 25-Mar-2020
5545,2795,BILLYWILLINGA,NSW,149.474401,-33.820797,Delivery Area,Delivery Area,10304,Orange,103,Central West,R3,Updated 6-Feb-2020
5546,2795,BOX RIDGE,NSW,149.474401,-33.820797,Delivery Area,Delivery Area,10304,Orange,103,Central West,R3,Updated 6-Feb-2020
5547,2795,BREWONGLE,NSW,149.474401,-33.820797,Delivery Area,Delivery Area,10304,Orange,103,Central West,R3,Updated 6-Feb-2020
5548,2795,BRUINBUN,NSW,149.474401,-33.820797,Delivery Area,Delivery Area,10304,Orange,103,Central West,R3,Updated 6-Feb-2020
5549,2795,BURRAGA,NSW,149.474401,-33.820797,Delivery Area,Delivery Area,10304,Orange,103,Central West,R3,Updated 6-Feb-2020
5550,2795,CALOOLA,NSW,149.474401,-33.820797,Delivery Area,Delivery Area,10304,Orange,103,Central West,R3,Updated 6-Feb-2020
5551,2795,CHARLES STURT UNIVERSITY,NSW,149.474401,-33.820797,Delivery Area,Delivery Area,10304,Orange,103,Central West,R3,Updated 6-Feb-2020
5552,2795,CHARLTON,NSW,149.474401,-33.820797,Delivery Area,Delivery Area,10304,Orange,103,Central West,R3,Updated 6-Feb-2020
5553,2795,CLEAR CREEK,NSW,149.474401,-33.820797,Delivery Area,Delivery Area,10304,Orange,103,Central West,R3,Updated 6-Feb-2020
5554,2795,COLO,NSW,149.474401,-33.820797,Delivery Area,Delivery Area,10304,Orange,103,Central West,R3,Updated 6-Feb-2020
5555,2795,COPPERHANNIA,NSW,149.474401,-33.820797,Delivery Area,Delivery Area,10304,Orange,103,Central West,R3,Updated 6-Feb-2020
5556,2795,COW FLAT,NSW,149.474401,-33.820797,Delivery Area,Delivery Area,10304,Orange,103,Central West,R3,Updated 6-Feb-2020
5557,2795,CRUDINE,NSW,149.474401,-33.820797,Delivery Area,Delivery Area,10304,Orange,103,Central West,R3,Updated 6-Feb-2020
5558,2795,CURRAGH,NSW,149.474401,-33.820797,Delivery Area,Delivery Area,10304,Orange,103,Central West,R3,Updated 6-Feb-2020
5559,2795,DARK CORNER,NSW,149.474401,-33.820797,Delivery Area,Delivery Area,10304,Orange,103,Central West,R3,Updated 6-Feb-2020
5560,2795,DOG ROCKS,NSW,149.474401,-33.820797,Delivery Area,Delivery Area,10304,Orange,103,Central West,R3,Updated 6-Feb-2020
5561,2795,DUNKELD,NSW,149.474401,-33.820797,Delivery Area,Delivery Area,10304,Orange,103,Central West,R3,Updated 6-Feb-2020
5562,2795,DURAMANA,NSW,149.474401,-33.820797,Delivery Area,Delivery Area,10304,Orange,103,Central West,R3,Updated 6-Feb-2020
5563,2795,EGLINTON,NSW,149.474401,-33.820797,Delivery Area,Delivery Area,10304,Orange,103,Central West,R3,Updated 6-Feb-2020
5564,2795,ESSINGTON,NSW,149.474401,-33.820797,Delivery Area,Delivery Area,10304,Orange,103,Central West,R3,Updated 6-Feb-2020
5565,2795,EVANS PLAINS,NSW,149.474401,-33.820797,Delivery Area,Delivery Area,10304,Orange,103,Central West,R3,Updated 6-Feb-2020
5566,2795,FITZGERALDS VALLEY,NSW,149.474401,-33.820797,Delivery Area,Delivery Area,10304,Orange,103,Central West,R3,Updated 6-Feb-2020
5567,2795,FOREST GROVE,NSW,149.474401,-33.820797,Delivery Area,Delivery Area,10304,Orange,103,Central West,R3,Updated 6-Feb-2020
5568,2795,FOSTERS VALLEY,NSW,149.474401,-33.820797,Delivery Area,Delivery Area,10304,Orange,103,Central West,R3,Updated 6-Feb-2020
5569,2795,FREEMANTLE,NSW,149.474401,-33.820797,Delivery Area,Delivery Area,10304,Orange,103,Central West,R3,Updated 6-Feb-2020
5570,2795,GARTHOWEN,NSW,149.474401,-33.820797,Delivery Area,Delivery Area,10304,Orange,103,Central West,R3,Updated 6-Feb-2020
5571,2795,GEMALLA,NSW,149.474401,-33.820797,Delivery Area,Delivery Area,10304,Orange,103,Central West,R3,Updated 6-Feb-2020
5572,2795,GEORGES PLAINS,NSW,149.474401,-33.820797,Delivery Area,Delivery Area,10304,Orange,103,Central West,R3,Updated 6-Feb-2020
5573,2795,GILMANDYKE,NSW,149.474401,-33.820797,Delivery Area,Delivery Area,10304,Orange,103,Central West,R3,Updated 6-Feb-2020
5574,2795,GLANMIRE,NSW,149.474401,-33.820797,Delivery Area,Delivery Area,10304,Orange,103,Central West,R3,Updated 6-Feb-2020
5575,2795,GORMANS HILL,NSW,149.474401,-33.820797,Delivery Area,Delivery Area,10304,Orange,103,Central West,R3,Updated 6-Feb-2020
5576,2795,GOWAN,NSW,149.474401,-33.820797,Delivery Area,Delivery Area,10304,Orange,103,Central West,R3,Updated 6-Feb-2020
5577,2795,HOBBYS YARDS,NSW,149.474401,-33.820797,Delivery Area,Delivery Area,10304,Orange,103,Central West,R3,Updated 6-Feb-2020
5578,2795,ISABELLA,NSW,149.474401,-33.820797,Delivery Area,Delivery Area,10304,Orange,103,Central West,R3,Updated 6-Feb-2020
5579,2795,JEREMY,NSW,149.474401,-33.820797,Delivery Area,Delivery Area,10304,Orange,103,Central West,R3,Updated 6-Feb-2020
5580,2795,JUDDS CREEK,NSW,149.474401,-33.820797,Delivery Area,Delivery Area,10304,Orange,103,Central West,R3,Updated 6-Feb-2020
5581,2795,KELSO,NSW,149.474401,-33.820797,Delivery Area,Delivery Area,10304,Orange,103,Central West,R3,Updated 6-Feb-2020
5582,2795,KILLONGBUTTA,NSW,149.474401,-33.820797,Delivery Area,Delivery Area,10304,Orange,103,Central West,R3,Updated 6-Feb-2020
5583,2795,KIRKCONNELL,NSW,149.474401,-33.820797,Delivery Area,Delivery Area,10304,Orange,103,Central West,R3,Updated 6-Feb-2020
5301,2795,LAFFING WATERS,NSW,149.474401,-33.820797,Delivery Area,Delivery Area,10304,Orange,103,Central West,R3,Updated 6-Feb-2020
5302,2795,LIMEKILNS,NSW,149.474401,-33.820797,Delivery Area,Delivery Area,10304,Orange,103,Central West,R3,Updated 6-Feb-2020
5303,2795,LLANARTH,NSW,149.474401,-33.820797,Delivery Area,Delivery Area,10304,Orange,103,Central West,R3,Updated 6-Feb-2020
5304,2795,LOCKSLEY,NSW,149.474401,-33.820797,Delivery Area,Delivery Area,10304,Orange,103,Central West,R3,Updated 6-Feb-2020
5305,2795,MEADOW FLAT,NSW,149.474401,-33.820797,Delivery Area,Delivery Area,10304,Orange,103,Central West,R3,Updated 6-Feb-2020
5306,2795,MILKERS FLAT,NSW,149.474401,-33.820797,Delivery Area,Delivery Area,10304,Orange,103,Central West,R3,Updated 6-Feb-2020
5307,2795,MILLAH MURRAH,NSW,149.474401,-33.820797,Delivery Area,Delivery Area,10304,Orange,103,Central West,R3,Updated 6-Feb-2020
5308,2795,MITCHELL,NSW,149.474401,-33.820797,Delivery Area,Delivery Area,10304,Orange,103,Central West,R3,Updated 6-Feb-2020
5309,2795,MOORILDA,NSW,149.474401,-33.820797,Delivery Area,Delivery Area,10304,Orange,103,Central West,R3,Updated 6-Feb-2020
5310,2795,MOUNT DAVID,NSW,149.474401,-33.820797,Delivery Area,Delivery Area,10304,Orange,103,Central West,R3,Updated 6-Feb-2020
5311,2795,MOUNT PANORAMA,NSW,149.474401,-33.820797,Delivery Area,Delivery Area,10304,Orange,103,Central West,R3,Updated 6-Feb-2020
5312,2795,MOUNT RANKIN,NSW,149.474401,-33.820797,Delivery Area,Delivery Area,10304,Orange,103,Central West,R3,Updated 6-Feb-2020
5313,2795,NAPOLEON REEF,NSW,149.474401,-33.820797,Delivery Area,Delivery Area,10304,Orange,103,Central West,R3,Updated 6-Feb-2020
5314,2795,NEWBRIDGE,NSW,149.474401,-33.820797,Delivery Area,Delivery Area,10304,Orange,103,Central West,R3,Updated 6-Feb-2020
5316,2795,OCONNELL,NSW,149.474401,-33.820797,,,10304,Orange,103,Central West,R3,Updated 6-Feb-2020
5315,2795,O'CONNELL,NSW,149.474401,-33.820797,Delivery Area,Delivery Area,10304,Orange,103,Central West,R3,Updated 6-Feb-2020
5317,2795,ORTON PARK,NSW,149.474401,-33.820797,Delivery Area,Delivery Area,10304,Orange,103,Central West,R3,Updated 6-Feb-2020
5318,2795,PALING YARDS,NSW,149.474401,-33.820797,Delivery Area,Delivery Area,10304,Orange,103,Central West,R3,Updated 6-Feb-2020
5319,2795,PALMERS OAKY,NSW,149.474401,-33.820797,Delivery Area,Delivery Area,10304,Orange,103,Central West,R3,Updated 6-Feb-2020
5320,2795,PEEL,NSW,149.474401,-33.820797,Delivery Area,Delivery Area,10304,Orange,103,Central West,R3,Updated 6-Feb-2020
5321,2795,PERTHVILLE,NSW,149.474401,-33.820797,Delivery Area,Delivery Area,10304,Orange,103,Central West,R3,Updated 6-Feb-2020
5322,2795,RAGLAN,NSW,149.474401,-33.820797,Delivery Area,Delivery Area,10304,Orange,103,Central West,R3,Updated 6-Feb-2020
5323,2795,ROBIN HILL,NSW,149.474401,-33.820797,Delivery Area,Delivery Area,10304,Orange,103,Central West,R3,Updated 6-Feb-2020
5324,2795,ROCK FOREST,NSW,149.474401,-33.820797,Delivery Area,Delivery Area,10304,Orange,103,Central West,R3,Updated 6-Feb-2020
5325,2795,ROCKLEY,NSW,149.474401,-33.820797,Delivery Area,Delivery Area,10304,Orange,103,Central West,R3,Updated 6-Feb-2020
5326,2795,ROCKLEY MOUNT,NSW,149.474401,-33.820797,Delivery Area,Delivery Area,10304,Orange,103,Central West,R3,Updated 6-Feb-2020
5327,2795,SOFALA,NSW,149.474401,-33.820797,Delivery Area,Delivery Area,10304,Orange,103,Central West,R3,Updated 6-Feb-2020
5328,2795,SOUTH BATHURST,NSW,149.474401,-33.820797,Delivery Area,Delivery Area,10304,Orange,103,Central West,R3,Updated 6-Feb-2020
5329,2795,STEWARTS MOUNT,NSW,149.474401,-33.820797,Delivery Area,Delivery Area,10304,Orange,103,Central West,R3,Updated 6-Feb-2020
5330,2795,SUNNY CORNER,NSW,149.474401,-33.820797,Delivery Area,Delivery Area,10304,Orange,103,Central West,R3,Updated 6-Feb-2020
5331,2795,TAMBAROORA,NSW,149.474401,-33.820797,Delivery Area,Delivery Area,10304,Orange,103,Central West,R3,Updated 6-Feb-2020
20685,2795,TANNAS MOUNT,NSW,149.6409463,-33.61757059,Delivery Area,Delivery Area,10304,Orange,103,Central West,R3,Updated 6-Feb-2020
5332,2795,THE LAGOON,NSW,149.474401,-33.820797,Delivery Area,Delivery Area,10304,Orange,103,Central West,R3,Updated 6-Feb-2020
5333,2795,THE ROCKS,NSW,149.474401,-33.820797,Delivery Area,Delivery Area,10304,Orange,103,Central West,R3,Updated 6-Feb-2020
5334,2795,TRIANGLE FLAT,NSW,149.474401,-33.820797,Delivery Area,Delivery Area,10304,Orange,103,Central West,R3,Updated 6-Feb-2020
5335,2795,TRUNKEY,NSW,149.474401,-33.820797,Delivery Area,Delivery Area,10304,Orange,103,Central West,R3,Updated 6-Feb-2020
20686,2795,TRUNKEY CREEK,NSW,149.3375583,-33.8005985,Delivery Area,Delivery Area,10304,Orange,103,Central West,R3,Updated 6-Feb-2020
5336,2795,TURONDALE,NSW,149.474401,-33.820797,Delivery Area,Delivery Area,10304,Orange,103,Central West,R3,Updated 6-Feb-2020
5337,2795,TWENTY FORESTS,NSW,149.474401,-33.820797,Delivery Area,Delivery Area,10304,Orange,103,Central West,R3,Updated 6-Feb-2020
5338,2795,UPPER TURON,NSW,149.474401,-33.820797,Delivery Area,Delivery Area,10304,Orange,103,Central West,R3,Updated 6-Feb-2020
5339,2795,WALANG,NSW,149.474401,-33.820797,Delivery Area,Delivery Area,10304,Orange,103,Central West,R3,Updated 6-Feb-2020
5340,2795,WAMBOOL,NSW,149.474401,-33.820797,Delivery Area,Delivery Area,10304,Orange,103,Central West,R3,Updated 6-Feb-2020
5341,2795,WATTLE FLAT,NSW,149.474401,-33.820797,Delivery Area,Delivery Area,10304,Orange,103,Central West,R3,Updated 6-Feb-2020
5342,2795,WATTON,NSW,149.474401,-33.820797,Delivery Area,Delivery Area,10304,Orange,103,Central West,R3,Updated 6-Feb-2020
5343,2795,WEST BATHURST,NSW,149.474401,-33.820797,Delivery Area,Delivery Area,10304,Orange,103,Central West,R3,Updated 6-Feb-2020
5344,2795,WHITE ROCK,NSW,149.474401,-33.820797,Delivery Area,Delivery Area,10304,Orange,103,Central West,R3,Updated 6-Feb-2020
5345,2795,WIAGDON,NSW,149.474401,-33.820797,Delivery Area,Delivery Area,10304,Orange,103,Central West,R3,Updated 6-Feb-2020
5346,2795,WIMBLEDON,NSW,149.474401,-33.820797,Delivery Area,Delivery Area,10304,Orange,103,Central West,R3,Updated 6-Feb-2020
5347,2795,WINBURNDALE,NSW,149.474401,-33.820797,Delivery Area,Delivery Area,10304,Orange,103,Central West,R3,Updated 6-Feb-2020
5348,2795,WINDRADYNE,NSW,149.474401,-33.820797,Delivery Area,Delivery Area,10304,Orange,103,Central West,R3,Updated 6-Feb-2020
5349,2795,WISEMANS CREEK,NSW,149.474401,-33.820797,Delivery Area,Delivery Area,10304,Orange,103,Central West,R3,Updated 6-Feb-2020
5350,2795,YARRAS,NSW,149.474401,-33.820797,Delivery Area,Delivery Area,10304,Orange,103,Central West,R3,Updated 6-Feb-2020
5351,2795,YETHOLME,NSW,149.474401,-33.820797,Delivery Area,Delivery Area,10304,Orange,103,Central West,R3,Updated 6-Feb-2020
5353,2797,GARLAND,NSW,148.952525,-33.605124,Delivery Area,Delivery Area,10304,Orange,103,Central West,R3,Updated 6-Feb-2020
5354,2797,LYNDHURST,NSW,148.952525,-33.605124,Delivery Area,Delivery Area,10304,Orange,103,Central West,R3,Updated 6-Feb-2020
5355,2798,BENEREE,NSW,149.158755,-33.462193,,,10304,Orange,103,Central West,R3,Updated 6-Feb-2020
5356,2798,BYNG,NSW,149.158755,-33.462193,Delivery Area,Delivery Area,10304,Orange,103,Central West,R3,Updated 6-Feb-2020
5357,2798,FLYERS CREEK,NSW,149.158755,-33.462193,Delivery Area,Delivery Area,10304,Orange,103,Central West,R3,Updated 6-Feb-2020
5358,2798,FOREST REEFS,NSW,149.158755,-33.462193,Delivery Area,Delivery Area,10304,Orange,103,Central West,R3,Updated 6-Feb-2020
5359,2798,GUYONG,NSW,149.158755,-33.462193,Delivery Area,Delivery Area,10304,Orange,103,Central West,R3,Updated 6-Feb-2020
5360,2798,MILLTHORPE,NSW,149.158755,-33.462193,Delivery Area,Delivery Area,10304,Orange,103,Central West,R3,Updated 6-Feb-2020
5361,2798,SPRING TERRACE,NSW,149.158755,-33.462193,Delivery Area,Delivery Area,10304,Orange,103,Central West,R3,Updated 6-Feb-2020
5362,2798,TALLWOOD,NSW,149.158755,-33.462193,Delivery Area,Delivery Area,10304,Orange,103,Central West,R3,Updated 6-Feb-2020
5363,2799,BARRY,NSW,149.267666,-33.571335,Delivery Area,Delivery Area,10304,Orange,103,Central West,R3,Updated 6-Feb-2020
5364,2799,BLAYNEY,NSW,149.267666,-33.571335,Delivery Area,Delivery Area,10304,Orange,103,Central West,R3,Updated 6-Feb-2020
5365,2799,BROWNS CREEK,NSW,149.267666,-33.571335,Delivery Area,Delivery Area,10304,Orange,103,Central West,R3,Updated 6-Feb-2020
5366,2799,FITZGERALDS MOUNT,NSW,149.267666,-33.571335,Delivery Area,Delivery Area,10304,Orange,103,Central West,R3,Updated 6-Feb-2020
5367,2799,KINGS PLAINS,NSW,149.267666,-33.571335,Delivery Area,Delivery Area,10304,Orange,103,Central West,R3,Updated 6-Feb-2020
5368,2799,NEVILLE,NSW,149.267666,-33.571335,Delivery Area,Delivery Area,10304,Orange,103,Central West,R3,Updated 6-Feb-2020
5369,2799,VITTORIA,NSW,149.267666,-33.571335,Delivery Area,Delivery Area,10304,Orange,103,Central West,R3,Updated 6-Feb-2020
5370,2800,AMMERDOWN,NSW,149.116263,-33.233929,,,10304,Orange,103,Central West,R3,Updated 6-Feb-2020
5371,2800,BELGRAVIA,NSW,149.116263,-33.233929,Delivery Area,Delivery Area,10304,Orange,103,Central West,R3,Updated 6-Feb-2020
5372,2800,BLETCHINGTON,NSW,149.116263,-33.233929,,,10304,Orange,103,Central West,R3,Updated 6-Feb-2020
5373,2800,BLOOMFIELD,NSW,149.116263,-33.233929,Delivery Area,Delivery Area,10304,Orange,103,Central West,R3,Updated 6-Feb-2020
20687,2800,BOREE,NSW,148.8446662,-33.25176391,Delivery Area,Delivery Area,10304,Orange,103,Central West,R3,Updated 6-Feb-2020
5374,2800,BORENORE,NSW,149.116263,-33.233929,Delivery Area,Delivery Area,10304,Orange,103,Central West,R3,Updated 6-Feb-2020
5375,2800,BOWEN,NSW,149.116263,-33.233929,,,10304,Orange,103,Central West,R3,Updated 6-Feb-2020
20688,2800,BYNG,NSW,149.2451236,-33.34774733,Delivery Area,Delivery Area,10304,Orange,103,Central West,R3,Updated 6-Feb-2020
5376,2800,CADIA,NSW,149.116263,-33.233929,Delivery Area,Delivery Area,10304,Orange,103,Central West,R3,Updated 6-Feb-2020
5377,2800,CALARE,NSW,149.116263,-33.233929,,,10304,Orange,103,Central West,R3,Updated 6-Feb-2020
5378,2800,CANOBOLAS,NSW,149.116263,-33.233929,Delivery Area,Delivery Area,10304,Orange,103,Central West,R3,Updated 6-Feb-2020
5379,2800,CARGO,NSW,149.116263,-33.233929,Delivery Area,Delivery Area,10304,Orange,103,Central West,R3,Updated 6-Feb-2020
5380,2800,CHEESEMANS CREEK,NSW,149.116263,-33.233929,,,10304,Orange,103,Central West,R3,Updated 6-Feb-2020
5381,2800,CLERGATE,NSW,149.116263,-33.233929,Delivery Area,Delivery Area,10304,Orange,103,Central West,R3,Updated 6-Feb-2020
5382,2800,CLIFTON GROVE,NSW,149.116263,-33.233929,Delivery Area,Delivery Area,10304,Orange,103,Central West,R3,Updated 6-Feb-2020
5383,2800,CRANBURY,NSW,149.116263,-33.233929,,,10304,Orange,103,Central West,R3,Updated 6-Feb-2020
5384,2800,CULLYA,NSW,149.116263,-33.233929,,,10304,Orange,103,Central West,R3,Updated 6-Feb-2020
20689,2800,EMU SWAMP,NSW,149.1958871,-33.3020552,Delivery Area,Delivery Area,10304,Orange,103,Central West,R3,Updated 6-Feb-2020
5385,2800,FOUR MILE CREEK,NSW,149.116263,-33.233929,Delivery Area,Delivery Area,10304,Orange,103,Central West,R3,Updated 6-Feb-2020
5386,2800,GLENROI,NSW,149.116263,-33.233929,,,10304,Orange,103,Central West,R3,Updated 6-Feb-2020
5387,2800,HUNTLEY,NSW,149.116263,-33.233929,Delivery Area,Delivery Area,10304,Orange,103,Central West,R3,Updated 6-Feb-2020
5388,2800,KALEENTHA,NSW,149.116263,-33.233929,Delivery Area,Delivery Area,10304,Orange,103,Central West,R3,Updated 6-Feb-2020
20690,2800,KANGAROOBIE,NSW,149.0545281,-33.1685074,Delivery Area,Delivery Area,10304,Orange,103,Central West,R3,Updated 6-Feb-2020
5389,2800,KERRS CREEK,NSW,149.116263,-33.233929,Delivery Area,Delivery Area,10304,Orange,103,Central West,R3,Updated 6-Feb-2020
5390,2800,LEWIS PONDS,NSW,149.116263,-33.233929,Delivery Area,Delivery Area,10304,Orange,103,Central West,R3,Updated 6-Feb-2020
20691,2800,LIDSTER,NSW,148.923664,-33.32136418,Delivery Area,Delivery Area,10304,Orange,103,Central West,R3,Updated 6-Feb-2020
5391,2800,LONG POINT,NSW,149.116263,-33.233929,Delivery Area,Delivery Area,10304,Orange,103,Central West,R3,Updated 6-Feb-2020
5392,2800,LOWER LEWIS PONDS,NSW,149.116263,-33.233929,,,10304,Orange,103,Central West,R3,Updated 6-Feb-2020
5393,2800,LUCKNOW,NSW,149.116263,-33.233929,Delivery Area,Delivery Area,10304,Orange,103,Central West,R3,Updated 6-Feb-2020
5394,2800,MARCH,NSW,149.116263,-33.233929,Delivery Area,Delivery Area,10304,Orange,103,Central West,R3,Updated 6-Feb-2020
5395,2800,MULLION CREEK,NSW,149.116263,-33.233929,Delivery Area,Delivery Area,10304,Orange,103,Central West,R3,Updated 6-Feb-2020
5396,2800,NARRAMBLA,NSW,149.116263,-33.233929,,,10304,Orange,103,Central West,R3,Updated 6-Feb-2020
5397,2800,NASHDALE,NSW,149.116263,-33.233929,Delivery Area,Delivery Area,10304,Orange,103,Central West,R3,Updated 6-Feb-2020
5398,2800,OPHIR,NSW,149.116263,-33.233929,Delivery Area,Delivery Area,10304,Orange,103,Central West,R3,Updated 6-Feb-2020
5399,2800,ORANGE,NSW,149.116263,-33.233929,Delivery Area,Delivery Area,10304,Orange,103,Central West,R3,Updated 6-Feb-2020
5400,2800,ORANGE DC,NSW,149.116263,-33.233929,,,10304,Orange,103,Central West,R3,Updated 6-Feb-2020
5401,2800,ORANGE EAST,NSW,149.116263,-33.233929,Delivery Area,Delivery Area,10304,Orange,103,Central West,R3,Updated 6-Feb-2020
22855,2800,ORANGE MOULDER STREET,NSW,0,0,,,,,,,R3,Added 25-Mar-2020
5402,2800,PANUARA,NSW,149.116263,-33.233929,Delivery Area,Delivery Area,10304,Orange,103,Central West,R3,Updated 6-Feb-2020
5403,2800,PINNACLE,NSW,149.116263,-33.233929,Delivery Area,Delivery Area,10304,Orange,103,Central West,R3,Updated 6-Feb-2020
5404,2800,SHADFORTH,NSW,149.116263,-33.233929,Delivery Area,Delivery Area,10304,Orange,103,Central West,R3,Updated 6-Feb-2020
5405,2800,SPRING CREEK,NSW,149.116263,-33.233929,Delivery Area,Delivery Area,10304,Orange,103,Central West,R3,Updated 6-Feb-2020
5406,2800,SPRING HILL,NSW,149.116263,-33.233929,Delivery Area,Delivery Area,10304,Orange,103,Central West,R3,Updated 6-Feb-2020
5407,2800,SPRINGSIDE,NSW,149.116263,-33.233929,Delivery Area,Delivery Area,10304,Orange,103,Central West,R3,Updated 6-Feb-2020
5408,2800,SUMA PARK,NSW,149.116263,-33.233929,,,10304,Orange,103,Central West,R3,Updated 6-Feb-2020
5409,2800,SUMMER HILL,NSW,149.116263,-33.233929,Delivery Area,Delivery Area,10304,Orange,103,Central West,R3,Updated 6-Feb-2020
20692,2800,SUMMER HILL CREEK,NSW,149.1538747,-33.2066961,Delivery Area,Delivery Area,10304,Orange,103,Central West,R3,Updated 6-Feb-2020
5410,2800,TOWAC,NSW,149.116263,-33.233929,Delivery Area,Delivery Area,10304,Orange,103,Central West,R3,Updated 6-Feb-2020
20693,2800,WALDEGRAVE,NSW,149.0482565,-33.43795921,Delivery Area,Delivery Area,10304,Orange,103,Central West,R3,Updated 6-Feb-2020
5411,2800,WARRENDINE,NSW,149.116263,-33.233929,,,10304,Orange,103,Central West,R3,Updated 6-Feb-2020
20694,2800,WINDERA,NSW,149.0191144,-33.20831682,Delivery Area,Delivery Area,10304,Orange,103,Central West,R3,Updated 6-Feb-2020
5412,2803,BENDICK MURRELL,NSW,148.523704,-34.176731,Delivery Area,Delivery Area,10101,Goulburn - Yass,101,Capital Region,R3,Updated 6-Feb-2020
5413,2803,CROWTHER,NSW,148.523704,-34.176731,Delivery Area,Delivery Area,10101,Goulburn - Yass,101,Capital Region,R3,Updated 6-Feb-2020
5414,2803,WIRRIMAH,NSW,148.523704,-34.176731,Delivery Area,Delivery Area,10101,Goulburn - Yass,101,Capital Region,R3,Updated 6-Feb-2020
5415,2804,BILLIMARI,NSW,148.633991,-33.539564,Delivery Area,Delivery Area,10302,Lachlan Valley,103,Central West,R3,Updated 6-Feb-2020
5416,2804,BURDETT,NSW,148.633991,-33.539564,,,10302,Lachlan Valley,103,Central West,R3,Updated 6-Feb-2020
5417,2804,CANOWINDRA,NSW,148.633991,-33.539564,Delivery Area,Delivery Area,10302,Lachlan Valley,103,Central West,R3,Updated 6-Feb-2020
5418,2804,MOORBEL,NSW,148.633991,-33.539564,Delivery Area,Delivery Area,10302,Lachlan Valley,103,Central West,R3,Updated 6-Feb-2020
5419,2804,NYRANG CREEK,NSW,148.633991,-33.539564,Delivery Area,Delivery Area,10302,Lachlan Valley,103,Central West,R3,Updated 6-Feb-2020
5420,2805,GOOLOOGONG,NSW,148.420031,-33.64991,Delivery Area,Delivery Area,10302,Lachlan Valley,103,Central West,R3,Updated 6-Feb-2020
5421,2806,EUGOWRA,NSW,148.375577,-33.375562,Delivery Area,Delivery Area,10302,Lachlan Valley,103,Central West,R3,Updated 6-Feb-2020
5422,2806,NANAMI,NSW,148.375577,-33.375562,,,10302,Lachlan Valley,103,Central West,R3,Updated 6-Feb-2020
5423,2806,TRAJERE,NSW,148.375577,-33.375562,,,10302,Lachlan Valley,103,Central West,R3,Updated 6-Feb-2020
5424,2807,KOORAWATHA,NSW,148.562165,-34.036494,Delivery Area,Delivery Area,10302,Lachlan Valley,103,Central West,R3,Updated 6-Feb-2020
5425,2808,WYANGALA,NSW,149.02317,-33.976987,Delivery Area,Delivery Area,10302,Lachlan Valley,103,Central West,R3,Updated 6-Feb-2020
5426,2809,GREENETHORPE,NSW,148.432316,-33.972859,Delivery Area,Delivery Area,10302,Lachlan Valley,103,Central West,R3,Updated 6-Feb-2020
5427,2810,BIMBI,NSW,148.054607,-33.902869,Delivery Area,Delivery Area,10302,Lachlan Valley,103,Central West,R3,Updated 6-Feb-2020
5428,2810,CARAGABAL,NSW,148.054607,-33.902869,Delivery Area,Delivery Area,10302,Lachlan Valley,103,Central West,R3,Updated 6-Feb-2020
5429,2810,GLENELG,NSW,148.054607,-33.902869,Delivery Area,Delivery Area,10302,Lachlan Valley,103,Central West,R3,Updated 6-Feb-2020
5430,2810,GRENFELL,NSW,148.054607,-33.902869,Delivery Area,Delivery Area,10302,Lachlan Valley,103,Central West,R3,Updated 6-Feb-2020
5431,2810,PINEY RANGE,NSW,148.054607,-33.902869,Delivery Area,Delivery Area,10302,Lachlan Valley,103,Central West,R3,Updated 6-Feb-2020
5432,2810,PINNACLE,NSW,148.054607,-33.902869,Delivery Area,Delivery Area,10302,Lachlan Valley,103,Central West,R3,Updated 6-Feb-2020
5433,2810,PULLABOOKA,NSW,148.054607,-33.902869,Delivery Area,Delivery Area,10302,Lachlan Valley,103,Central West,R3,Updated 6-Feb-2020
5434,2810,WARRADERRY,NSW,148.054607,-33.902869,Delivery Area,Delivery Area,10302,Lachlan Valley,103,Central West,R3,Updated 6-Feb-2020
16710,2817,TONDERBURINE,NSW,148.7629,-31.3306,,,10503,Dubbo,105,Far West and Orana,R3,Updated 25-Mar-2020 SA3
16711,2817,TOORAWEENAH,NSW,148.9793,-31.4941,,,10503,Dubbo,105,Far West and Orana,R3,Updated 25-Mar-2020 SA3
16712,2818,BENOLONG,NSW,148.6686,-32.5009,,,,,,,R3,Added 23-Nov-2018
16713,2818,GEURIE,NSW,148.8581,-32.368,,,10503,Dubbo,105,Far West and Orana,R3,Updated 25-Mar-2020 SA3
16714,2818,PONTO,NSW,148.7881,-32.4815,,,10503,Dubbo,105,Far West and Orana,R3,Updated 25-Mar-2020 SA3
16715,2818,TERRABELLA,NSW,148.7315,-32.4439,,,10503,Dubbo,105,Far West and Orana,R3,Updated 25-Mar-2020 SA3
5435,2820,APSLEY,NSW,148.989227,-32.553282,Delivery Area,Delivery Area,10503,Dubbo,105,Far West and Orana,R3,Updated 6-Feb-2020
5436,2820,ARTHURVILLE,NSW,148.989227,-32.553282,Delivery Area,Delivery Area,10503,Dubbo,105,Far West and Orana,R3,Updated 6-Feb-2020
5437,2820,BAKERS SWAMP,NSW,148.989227,-32.553282,Delivery Area,Delivery Area,10503,Dubbo,105,Far West and Orana,R3,Updated 6-Feb-2020
5438,2820,BODANGORA,NSW,148.989227,-32.553282,Delivery Area,Delivery Area,10503,Dubbo,105,Far West and Orana,R3,Updated 6-Feb-2020
5439,2820,COMOBELLA,NSW,148.989227,-32.553282,Delivery Area,Delivery Area,10503,Dubbo,105,Far West and Orana,R3,Updated 6-Feb-2020
5440,2820,CURRA CREEK,NSW,148.989227,-32.553282,Delivery Area,Delivery Area,10503,Dubbo,105,Far West and Orana,R3,Updated 6-Feb-2020
5441,2820,DRIPSTONE,NSW,148.989227,-32.553282,Delivery Area,Delivery Area,10503,Dubbo,105,Far West and Orana,R3,Updated 6-Feb-2020
5442,2820,FARNHAM,NSW,148.989227,-32.553282,Delivery Area,Delivery Area,10503,Dubbo,105,Far West and Orana,R3,Updated 6-Feb-2020
5158,2820,GOLLAN,NSW,148.989227,-32.553282,Delivery Area,Delivery Area,10503,Dubbo,105,Far West and Orana,R3,Updated 6-Feb-2020
5159,2820,LAKE BURRENDONG,NSW,148.989227,-32.553282,Delivery Area,Delivery Area,10503,Dubbo,105,Far West and Orana,R3,Updated 6-Feb-2020
5160,2820,MARYVALE,NSW,148.989227,-32.553282,Delivery Area,Delivery Area,10503,Dubbo,105,Far West and Orana,R3,Updated 6-Feb-2020
20695,2820,MEDWAY,NSW,149.170568,-32.127033,Delivery Area,Delivery Area,10503,Dubbo,105,Far West and Orana,R3,Updated 6-Feb-2020
5161,2820,MONTEFIORES,NSW,148.989227,-32.553282,Delivery Area,Delivery Area,10503,Dubbo,105,Far West and Orana,R3,Updated 6-Feb-2020
5162,2820,MOOKERAWA,NSW,148.989227,-32.553282,Delivery Area,Delivery Area,10503,Dubbo,105,Far West and Orana,R3,Updated 6-Feb-2020
5163,2820,MOUNT AQUILA,NSW,148.989227,-32.553282,Delivery Area,Delivery Area,10503,Dubbo,105,Far West and Orana,R3,Updated 6-Feb-2020
5164,2820,MOUNT ARTHUR,NSW,148.989227,-32.553282,Delivery Area,Delivery Area,10503,Dubbo,105,Far West and Orana,R3,Updated 6-Feb-2020
5165,2820,MUMBIL,NSW,148.989227,-32.553282,Delivery Area,Delivery Area,10503,Dubbo,105,Far West and Orana,R3,Updated 6-Feb-2020
5166,2820,NANIMA,NSW,148.989227,-32.553282,Delivery Area,Delivery Area,10503,Dubbo,105,Far West and Orana,R3,Updated 6-Feb-2020
5167,2820,NEUREA,NSW,148.989227,-32.553282,Delivery Area,Delivery Area,10503,Dubbo,105,Far West and Orana,R3,Updated 6-Feb-2020
5168,2820,NORTH YEOVAL,NSW,148.989227,-32.553282,,,10503,Dubbo,105,Far West and Orana,R3,Updated 6-Feb-2020
5169,2820,SPICERS CREEK,NSW,148.989227,-32.553282,Delivery Area,Delivery Area,10503,Dubbo,105,Far West and Orana,R3,Updated 6-Feb-2020
5170,2820,STUART TOWN,NSW,148.989227,-32.553282,Delivery Area,Delivery Area,10503,Dubbo,105,Far West and Orana,R3,Updated 6-Feb-2020
5171,2820,SUNTOP,NSW,148.989227,-32.553282,Delivery Area,Delivery Area,10503,Dubbo,105,Far West and Orana,R3,Updated 6-Feb-2020
5172,2820,WALMER,NSW,148.989227,-32.553282,Delivery Area,Delivery Area,10503,Dubbo,105,Far West and Orana,R3,Updated 6-Feb-2020
5173,2820,WELLINGTON,NSW,148.989227,-32.553282,Delivery Area,Delivery Area,10503,Dubbo,105,Far West and Orana,R3,Updated 6-Feb-2020
5174,2820,WUULUMAN,NSW,148.989227,-32.553282,Delivery Area,Delivery Area,10503,Dubbo,105,Far West and Orana,R3,Updated 6-Feb-2020
5175,2820,YARRAGAL,NSW,148.989227,-32.553282,Delivery Area,Delivery Area,10503,Dubbo,105,Far West and Orana,R3,Updated 6-Feb-2020
5176,2821,BURROWAY,NSW,148.110385,-32.255249,Delivery Area,Delivery Area,10503,Dubbo,105,Far West and Orana,R3,Updated 6-Feb-2020
5177,2821,NARROMINE,NSW,148.110385,-32.255249,Delivery Area,Delivery Area,10503,Dubbo,105,Far West and Orana,R3,Updated 6-Feb-2020
5178,2821,WYANGA,NSW,148.110385,-32.255249,,,10503,Dubbo,105,Far West and Orana,R3,Updated 6-Feb-2020
16716,2822,BALLADORAN,NSW,148.558,-31.8948,,,10503,Dubbo,105,Far West and Orana,R3,Updated 25-Mar-2020 SA3
16717,2822,EUMUNGERIE,NSW,148.6301,-31.9849,,,10503,Dubbo,105,Far West and Orana,R3,Updated 25-Mar-2020 SA3
5179,2823,BUNDEMAR,NSW,147.838499,-32.07687,Delivery Area,Delivery Area,10503,Dubbo,105,Far West and Orana,R3,Updated 6-Feb-2020
5180,2823,CATHUNDRAL,NSW,147.838499,-32.07687,Delivery Area,Delivery Area,10503,Dubbo,105,Far West and Orana,R3,Updated 6-Feb-2020
5181,2823,DANDALOO,NSW,147.838499,-32.07687,Delivery Area,Delivery Area,10503,Dubbo,105,Far West and Orana,R3,Updated 6-Feb-2020
5182,2823,GIN GIN,NSW,147.838499,-32.07687,Delivery Area,Delivery Area,10503,Dubbo,105,Far West and Orana,R3,Updated 6-Feb-2020
5183,2823,TRANGIE,NSW,147.838499,-32.07687,Delivery Area,Delivery Area,10503,Dubbo,105,Far West and Orana,R3,Updated 6-Feb-2020
5184,2824,BEEMUNNEL,NSW,147.785831,-31.373201,Delivery Area,Delivery Area,10501,Bourke - Cobar - Coonamble,105,Far West and Orana,R3,Updated 6-Feb-2020
20696,2824,BULLAGREEN,NSW,148.0328583,-31.33322299,Delivery Area,Delivery Area,10501,Bourke - Cobar - Coonamble,105,Far West and Orana,R3,Updated 6-Feb-2020
5185,2824,EENAWEENA,NSW,147.785831,-31.373201,Delivery Area,Delivery Area,10501,Bourke - Cobar - Coonamble,105,Far West and Orana,R3,Updated 6-Feb-2020
5186,2824,MARTHAGUY,NSW,147.785831,-31.373201,Delivery Area,Delivery Area,10501,Bourke - Cobar - Coonamble,105,Far West and Orana,R3,Updated 6-Feb-2020
5187,2824,MOUNT FOSTER,NSW,147.785831,-31.373201,Delivery Area,Delivery Area,10501,Bourke - Cobar - Coonamble,105,Far West and Orana,R3,Updated 6-Feb-2020
5188,2824,MOUNT HARRIS,NSW,147.785831,-31.373201,Delivery Area,Delivery Area,10501,Bourke - Cobar - Coonamble,105,Far West and Orana,R3,Updated 6-Feb-2020
5189,2824,MUMBLEBONE PLAIN,NSW,147.785831,-31.373201,Delivery Area,Delivery Area,10501,Bourke - Cobar - Coonamble,105,Far West and Orana,R3,Updated 6-Feb-2020
20697,2824,OXLEY,NSW,147.6205823,-30.98197798,Delivery Area,Delivery Area,10501,Bourke - Cobar - Coonamble,105,Far West and Orana,R3,Updated 6-Feb-2020
5190,2824,PIGEONBAH,NSW,147.785831,-31.373201,Delivery Area,Delivery Area,10501,Bourke - Cobar - Coonamble,105,Far West and Orana,R3,Updated 6-Feb-2020
20698,2824,PINE CLUMP,NSW,148.1522204,-31.43432343,Delivery Area,Delivery Area,10501,Bourke - Cobar - Coonamble,105,Far West and Orana,R3,Updated 6-Feb-2020
5191,2824,RAVENSWOOD,NSW,147.785831,-31.373201,Delivery Area,Delivery Area,10501,Bourke - Cobar - Coonamble,105,Far West and Orana,R3,Updated 6-Feb-2020
20699,2824,RED HILL,NSW,147.7943646,-31.73454528,Delivery Area,Delivery Area,10501,Bourke - Cobar - Coonamble,105,Far West and Orana,R3,Updated 6-Feb-2020
5192,2824,SNAKES PLAIN,NSW,147.785831,-31.373201,Delivery Area,Delivery Area,10501,Bourke - Cobar - Coonamble,105,Far West and Orana,R3,Updated 6-Feb-2020
5193,2824,TENANDRA,NSW,147.785831,-31.373201,Delivery Area,Delivery Area,10501,Bourke - Cobar - Coonamble,105,Far West and Orana,R3,Updated 6-Feb-2020
5194,2824,WARREN,NSW,147.785831,-31.373201,Delivery Area,Delivery Area,10501,Bourke - Cobar - Coonamble,105,Far West and Orana,R3,Updated 6-Feb-2020
20700,2825,BABINDA,NSW,146.5079936,-31.92717863,Delivery Area,Delivery Area,10501,Bourke - Cobar - Coonamble,105,Far West and Orana,R3,Updated 6-Feb-2020
5195,2825,BOGAN,NSW,147.30573,-31.934883,Delivery Area,Delivery Area,10501,Bourke - Cobar - Coonamble,105,Far West and Orana,R3,Updated 6-Feb-2020
20701,2825,BUDDABADAH,NSW,147.1626847,-31.95106116,Delivery Area,Delivery Area,10501,Bourke - Cobar - Coonamble,105,Far West and Orana,R3,Updated 6-Feb-2020
5196,2825,CANONBA,NSW,147.30573,-31.934883,Delivery Area,Delivery Area,10501,Bourke - Cobar - Coonamble,105,Far West and Orana,R3,Updated 6-Feb-2020
20702,2825,HONEYBUGLE,NSW,146.8800985,-31.83535199,Delivery Area,Delivery Area,10501,Bourke - Cobar - Coonamble,105,Far West and Orana,R3,Updated 6-Feb-2020
5197,2825,MIANDETTA,NSW,147.30573,-31.934883,Delivery Area,Delivery Area,10501,Bourke - Cobar - Coonamble,105,Far West and Orana,R3,Updated 6-Feb-2020
20703,2825,MULLA,NSW,147.3065314,-31.80289145,Delivery Area,Delivery Area,10501,Bourke - Cobar - Coonamble,105,Far West and Orana,R3,Updated 6-Feb-2020
5198,2825,MULLENGUDGERY,NSW,147.30573,-31.934883,Delivery Area,Delivery Area,10501,Bourke - Cobar - Coonamble,105,Far West and Orana,R3,Updated 6-Feb-2020
20704,2825,MURRAWOMBIE,NSW,147.224189,-31.18095255,Delivery Area,Delivery Area,10501,Bourke - Cobar - Coonamble,105,Far West and Orana,R3,Updated 6-Feb-2020
5199,2825,NYNGAN,NSW,147.30573,-31.934883,Delivery Area,Delivery Area,10501,Bourke - Cobar - Coonamble,105,Far West and Orana,R3,Updated 6-Feb-2020
20705,2825,PANGEE,NSW,146.7678758,-32.0108815,Delivery Area,Delivery Area,10501,Bourke - Cobar - Coonamble,105,Far West and Orana,R3,Updated 6-Feb-2020
5200,2825,WARRIGAL,NSW,147.30573,-31.934883,,,10501,Bourke - Cobar - Coonamble,105,Far West and Orana,R3,Updated 6-Feb-2020
16718,2826,BOGAN,NSW,147.4794,-32.0288,,,10501,Bourke - Cobar - Coonamble,105,Far West and Orana,R3,Updated 25-Mar-2020 SA3
16719,2826,NEVERTIRE,NSW,147.6555,-31.8559,,,10503,Dubbo,105,Far West and Orana,R3,Updated 25-Mar-2020 SA3
5201,2827,BEARBONG,NSW,148.648353,-31.63315,Delivery Area,Delivery Area,10503,Dubbo,105,Far West and Orana,R3,Updated 6-Feb-2020
5202,2827,BIDDON,NSW,148.648353,-31.63315,Delivery Area,Delivery Area,10503,Dubbo,105,Far West and Orana,R3,Updated 6-Feb-2020
5203,2827,BREELONG,NSW,148.648353,-31.63315,Delivery Area,Delivery Area,10503,Dubbo,105,Far West and Orana,R3,Updated 6-Feb-2020
5204,2827,COLLIE,NSW,148.648353,-31.63315,Delivery Area,Delivery Area,10503,Dubbo,105,Far West and Orana,R3,Updated 6-Feb-2020
5205,2827,CURBAN,NSW,148.648353,-31.63315,Delivery Area,Delivery Area,10503,Dubbo,105,Far West and Orana,R3,Updated 6-Feb-2020
5206,2827,GILGANDRA,NSW,148.648353,-31.63315,Delivery Area,Delivery Area,10503,Dubbo,105,Far West and Orana,R3,Updated 6-Feb-2020
5207,2827,MERRIGAL,NSW,148.648353,-31.63315,Delivery Area,Delivery Area,10503,Dubbo,105,Far West and Orana,R3,Updated 6-Feb-2020
20706,2828,ARMATREE,NSW,148.4918433,-31.42558954,Delivery Area,Delivery Area,10503,Dubbo,105,Far West and Orana,R3,Updated 6-Feb-2020
5208,2828,BLACK HOLLOW,NSW,148.581142,-31.298962,Delivery Area,Delivery Area,10503,Dubbo,105,Far West and Orana,R3,Updated 6-Feb-2020
5209,2828,BOURBAH,NSW,148.581142,-31.298962,Delivery Area,Delivery Area,10503,Dubbo,105,Far West and Orana,R3,Updated 6-Feb-2020
5210,2828,GULARGAMBONE,NSW,148.581142,-31.298962,Delivery Area,Delivery Area,10503,Dubbo,105,Far West and Orana,R3,Updated 6-Feb-2020
20707,2828,MOUNT TENANDRA,NSW,148.7649842,-31.20029702,Delivery Area,Delivery Area,10503,Dubbo,105,Far West and Orana,R3,Updated 6-Feb-2020
20708,2828,QUANDA,NSW,148.7855369,-31.09132163,Delivery Area,Delivery Area,10503,Dubbo,105,Far West and Orana,R3,Updated 6-Feb-2020
5211,2828,TONDERBURINE,NSW,148.581142,-31.298962,Delivery Area,Delivery Area,10503,Dubbo,105,Far West and Orana,R3,Updated 6-Feb-2020
5212,2828,WARRUMBUNGLE,NSW,148.581142,-31.298962,Delivery Area,Delivery Area,10503,Dubbo,105,Far West and Orana,R3,Updated 6-Feb-2020
20709,2829,BILLEROY,NSW,148.4543715,-30.63014904,Delivery Area,Delivery Area,10503,Dubbo,105,Far West and Orana,R3,Updated 6-Feb-2020
5213,2829,COMBARA,NSW,148.261265,-30.766245,Delivery Area,Delivery Area,10503,Dubbo,105,Far West and Orana,R3,Updated 6-Feb-2020
5214,2829,CONIMBIA,NSW,148.261265,-30.766245,Delivery Area,Delivery Area,10503,Dubbo,105,Far West and Orana,R3,Updated 6-Feb-2020
5215,2829,COONAMBLE,NSW,148.261265,-30.766245,Delivery Area,Delivery Area,10503,Dubbo,105,Far West and Orana,R3,Updated 6-Feb-2020
5216,2829,GILGOOMA,NSW,148.261265,-30.766245,Delivery Area,Delivery Area,10503,Dubbo,105,Far West and Orana,R3,Updated 6-Feb-2020
20710,2829,GUNGALMAN,NSW,147.9905755,-30.50717876,Delivery Area,Delivery Area,10503,Dubbo,105,Far West and Orana,R3,Updated 6-Feb-2020
5217,2829,MAGOMETON,NSW,148.261265,-30.766245,Delivery Area,Delivery Area,10503,Dubbo,105,Far West and Orana,R3,Updated 6-Feb-2020
20711,2829,NEBEA,NSW,148.5624197,-30.89157867,Delivery Area,Delivery Area,10503,Dubbo,105,Far West and Orana,R3,Updated 6-Feb-2020
20712,2829,PINE GROVE,NSW,148.68683,-30.89103192,Delivery Area,Delivery Area,10503,Dubbo,105,Far West and Orana,R3,Updated 6-Feb-2020
5218,2829,TERIDGERIE,NSW,148.261265,-30.766245,Delivery Area,Delivery Area,10503,Dubbo,105,Far West and Orana,R3,Updated 6-Feb-2020
20713,2829,TOOLOON,NSW,148.158758,-30.99937747,Delivery Area,Delivery Area,10503,Dubbo,105,Far West and Orana,R3,Updated 6-Feb-2020
20714,2829,URAWILKIE,NSW,148.7305245,-30.69454596,Delivery Area,Delivery Area,10503,Dubbo,105,Far West and Orana,R3,Updated 6-Feb-2020
20715,2829,WINGADEE,NSW,148.2838588,-30.52197868,Delivery Area,Delivery Area,10503,Dubbo,105,Far West and Orana,R3,Updated 6-Feb-2020
5219,2830,BALLIMORE,NSW,148.657282,-32.24224,Delivery Area,Delivery Area,10503,Dubbo,105,Far West and Orana,R3,Updated 6-Feb-2020
5220,2830,BARBIGAL,NSW,148.657282,-32.24224,Delivery Area,Delivery Area,10503,Dubbo,105,Far West and Orana,R3,Updated 6-Feb-2020
5221,2830,BENI,NSW,148.657282,-32.24224,Delivery Area,Delivery Area,10503,Dubbo,105,Far West and Orana,R3,Updated 6-Feb-2020
5222,2830,BOOTHENBA,NSW,148.657282,-32.24224,Delivery Area,Delivery Area,10503,Dubbo,105,Far West and Orana,R3,Updated 6-Feb-2020
5223,2830,BROCKLEHURST,NSW,148.657282,-32.24224,Delivery Area,Delivery Area,10503,Dubbo,105,Far West and Orana,R3,Updated 6-Feb-2020
5224,2830,CUMBOOGLE,NSW,148.657282,-32.24224,Delivery Area,Delivery Area,10503,Dubbo,105,Far West and Orana,R3,Updated 6-Feb-2020
5225,2830,DELROY GARDENS,NSW,148.657282,-32.24224,Delivery Area,Delivery Area,10503,Dubbo,105,Far West and Orana,R3,Updated 6-Feb-2020
5226,2830,DICKYGUNDI,NSW,148.657282,-32.24224,Delivery Area,Delivery Area,10503,Dubbo,105,Far West and Orana,R3,Updated 6-Feb-2020
5227,2830,DUBBO,NSW,148.657282,-32.24224,Delivery Area,Delivery Area,10503,Dubbo,105,Far West and Orana,R3,Updated 6-Feb-2020
5228,2830,DUBBO DC,NSW,148.657282,-32.24224,,,10503,Dubbo,105,Far West and Orana,R3,Updated 6-Feb-2020
5229,2830,DUBBO EAST,NSW,148.657282,-32.24224,Delivery Area,Delivery Area,10503,Dubbo,105,Far West and Orana,R3,Updated 6-Feb-2020
5230,2830,DUBBO GROVE,NSW,148.657282,-32.24224,Delivery Area,Delivery Area,10503,Dubbo,105,Far West and Orana,R3,Updated 6-Feb-2020
5231,2830,DUBBO WEST,NSW,148.657282,-32.24224,Delivery Area,Delivery Area,10503,Dubbo,105,Far West and Orana,R3,Updated 6-Feb-2020
5232,2830,ESCHOL,NSW,148.657282,-32.24224,Delivery Area,Delivery Area,10503,Dubbo,105,Far West and Orana,R3,Updated 6-Feb-2020
5233,2830,EULOMOGO,NSW,148.657282,-32.24224,Delivery Area,Delivery Area,10503,Dubbo,105,Far West and Orana,R3,Updated 6-Feb-2020
20716,2830,GOONOO FOREST,NSW,148.8770885,-32.01447034,Delivery Area,Delivery Area,10503,Dubbo,105,Far West and Orana,R3,Updated 6-Feb-2020
5234,2830,KICKABIL,NSW,148.657282,-32.24224,Delivery Area,Delivery Area,10503,Dubbo,105,Far West and Orana,R3,Updated 6-Feb-2020
5235,2830,MANERA HEIGHTS,NSW,148.657282,-32.24224,Delivery Area,Delivery Area,10503,Dubbo,105,Far West and Orana,R3,Updated 6-Feb-2020
5236,2830,MINORE,NSW,148.657282,-32.24224,Delivery Area,Delivery Area,10503,Dubbo,105,Far West and Orana,R3,Updated 6-Feb-2020
5237,2830,MOGRIGUY,NSW,148.657282,-32.24224,Delivery Area,Delivery Area,10503,Dubbo,105,Far West and Orana,R3,Updated 6-Feb-2020
5238,2830,MURONBUNG,NSW,148.657282,-32.24224,,,10503,Dubbo,105,Far West and Orana,R3,Updated 6-Feb-2020
5239,2830,ORANA HEIGHTS,NSW,148.657282,-32.24224,Delivery Area,Delivery Area,10503,Dubbo,105,Far West and Orana,R3,Updated 6-Feb-2020
5240,2830,RAWSONVILLE,NSW,148.657282,-32.24224,Delivery Area,Delivery Area,10503,Dubbo,105,Far West and Orana,R3,Updated 6-Feb-2020
5241,2830,TALBRAGAR,NSW,148.657282,-32.24224,Delivery Area,Delivery Area,10503,Dubbo,105,Far West and Orana,R3,Updated 6-Feb-2020
5242,2830,TERRAMUNGAMINE,NSW,148.657282,-32.24224,Delivery Area,Delivery Area,10503,Dubbo,105,Far West and Orana,R3,Updated 6-Feb-2020
5243,2830,TOONGI,NSW,148.657282,-32.24224,Delivery Area,Delivery Area,10503,Dubbo,105,Far West and Orana,R3,Updated 6-Feb-2020
5244,2830,TROY JUNCTION,NSW,148.657282,-32.24224,Delivery Area,Delivery Area,10503,Dubbo,105,Far West and Orana,R3,Updated 6-Feb-2020
20717,2830,WAMBANGALANG,NSW,148.5008494,-32.56143424,Delivery Area,Delivery Area,10503,Dubbo,105,Far West and Orana,R3,Updated 6-Feb-2020
5245,2830,WHYLANDRA CROSSING,NSW,148.657282,-32.24224,Delivery Area,Delivery Area,10503,Dubbo,105,Far West and Orana,R3,Updated 6-Feb-2020
5246,2831,ARMATREE,NSW,146.615174,-31.927892,Delivery Area,Delivery Area,10503,Dubbo,105,Far West and Orana,R3,Updated 6-Feb-2020
5247,2831,BALLADORAN,NSW,146.615174,-31.927892,Delivery Area,Delivery Area,10503,Dubbo,105,Far West and Orana,R3,Updated 6-Feb-2020
5248,2831,BRENDA,NSW,146.615174,-31.927892,Delivery Area,Delivery Area,10503,Dubbo,105,Far West and Orana,R3,Updated 6-Feb-2020
5249,2831,BULLAGREEN,NSW,146.615174,-31.927892,Delivery Area,Delivery Area,10503,Dubbo,105,Far West and Orana,R3,Updated 6-Feb-2020
5250,2831,BYROCK,NSW,146.615174,-31.927892,Delivery Area,Delivery Area,10503,Dubbo,105,Far West and Orana,R3,Updated 6-Feb-2020
5251,2831,CARINDA,NSW,146.615174,-31.927892,Delivery Area,Delivery Area,10503,Dubbo,105,Far West and Orana,R3,Updated 6-Feb-2020
5252,2831,COOLABAH,NSW,146.615174,-31.927892,Delivery Area,Delivery Area,10503,Dubbo,105,Far West and Orana,R3,Updated 6-Feb-2020
5253,2831,ELONG ELONG,NSW,146.615174,-31.927892,Delivery Area,Delivery Area,10503,Dubbo,105,Far West and Orana,R3,Updated 6-Feb-2020
5254,2831,EUMUNGERIE,NSW,146.615174,-31.927892,Delivery Area,Delivery Area,10503,Dubbo,105,Far West and Orana,R3,Updated 6-Feb-2020
5255,2831,GEURIE,NSW,146.615174,-31.927892,Delivery Area,Delivery Area,10503,Dubbo,105,Far West and Orana,R3,Updated 6-Feb-2020
5256,2831,GIRILAMBONE,NSW,146.615174,-31.927892,Delivery Area,Delivery Area,10503,Dubbo,105,Far West and Orana,R3,Updated 6-Feb-2020
5257,2831,GOODOOGA,NSW,146.615174,-31.927892,Delivery Area,Delivery Area,10503,Dubbo,105,Far West and Orana,R3,Updated 6-Feb-2020
5258,2831,HERMIDALE,NSW,146.615174,-31.927892,Delivery Area,Delivery Area,10503,Dubbo,105,Far West and Orana,R3,Updated 6-Feb-2020
20718,2831,MACQUARIE MARSHES,NSW,147.630411,-30.69592531,Delivery Area,Delivery Area,10503,Dubbo,105,Far West and Orana,R3,Updated 6-Feb-2020
5259,2831,MERRYGOEN,NSW,146.615174,-31.927892,Delivery Area,Delivery Area,10503,Dubbo,105,Far West and Orana,R3,Updated 6-Feb-2020
5260,2831,MURIEL,NSW,146.615174,-31.927892,Delivery Area,Delivery Area,10503,Dubbo,105,Far West and Orana,R3,Updated 6-Feb-2020
5261,2831,NEILREX,NSW,146.615174,-31.927892,Delivery Area,Delivery Area,10503,Dubbo,105,Far West and Orana,R3,Updated 6-Feb-2020
5262,2831,NEVERTIRE,NSW,146.615174,-31.927892,Delivery Area,Delivery Area,10503,Dubbo,105,Far West and Orana,R3,Updated 6-Feb-2020
5263,2831,NUBINGERIE,NSW,146.615174,-31.927892,Delivery Area,Delivery Area,10503,Dubbo,105,Far West and Orana,R3,Updated 6-Feb-2020
5264,2831,NYMAGEE,NSW,146.615174,-31.927892,Delivery Area,Delivery Area,10503,Dubbo,105,Far West and Orana,R3,Updated 6-Feb-2020
5265,2831,PINE CLUMP,NSW,146.615174,-31.927892,Delivery Area,Delivery Area,10503,Dubbo,105,Far West and Orana,R3,Updated 6-Feb-2020
5266,2831,PONTO,NSW,146.615174,-31.927892,Delivery Area,Delivery Area,10503,Dubbo,105,Far West and Orana,R3,Updated 6-Feb-2020
5267,2831,QUAMBONE,NSW,146.615174,-31.927892,Delivery Area,Delivery Area,10503,Dubbo,105,Far West and Orana,R3,Updated 6-Feb-2020
5268,2831,TERRABELLA,NSW,146.615174,-31.927892,Delivery Area,Delivery Area,10503,Dubbo,105,Far West and Orana,R3,Updated 6-Feb-2020
5269,2831,THE MARRA,NSW,146.615174,-31.927892,Delivery Area,Delivery Area,10503,Dubbo,105,Far West and Orana,R3,Updated 6-Feb-2020
5270,2831,TOORAWEENAH,NSW,146.615174,-31.927892,Delivery Area,Delivery Area,10503,Dubbo,105,Far West and Orana,R3,Updated 6-Feb-2020
5271,2831,WESTELLA,NSW,146.615174,-31.927892,Delivery Area,Delivery Area,10503,Dubbo,105,Far West and Orana,R3,Updated 6-Feb-2020
5272,2831,WONGARBON,NSW,146.615174,-31.927892,Delivery Area,Delivery Area,10503,Dubbo,105,Far West and Orana,R3,Updated 6-Feb-2020
5273,2832,ANGLEDOOL,NSW,147.983033,-29.958521,Delivery Area,Delivery Area,10501,Bourke - Cobar - Coonamble,105,Far West and Orana,R3,Updated 6-Feb-2020
5274,2832,BOOROOMA,NSW,147.983033,-29.958521,Delivery Area,Delivery Area,10501,Bourke - Cobar - Coonamble,105,Far West and Orana,R3,Updated 6-Feb-2020
5275,2832,BULYEROI,NSW,147.983033,-29.958521,,,10501,Bourke - Cobar - Coonamble,105,Far West and Orana,R3,Updated 6-Feb-2020
5276,2832,COME BY CHANCE,NSW,147.983033,-29.958521,Delivery Area,Delivery Area,10501,Bourke - Cobar - Coonamble,105,Far West and Orana,R3,Updated 6-Feb-2020
5277,2832,CRYON,NSW,147.983033,-29.958521,Delivery Area,Delivery Area,10501,Bourke - Cobar - Coonamble,105,Far West and Orana,R3,Updated 6-Feb-2020
5278,2832,CUMBORAH,NSW,147.983033,-29.958521,Delivery Area,Delivery Area,10501,Bourke - Cobar - Coonamble,105,Far West and Orana,R3,Updated 6-Feb-2020
20719,2832,GRAWIN OPAL FIELDS,NSW,147.6109368,-29.68175838,Delivery Area,Delivery Area,10501,Bourke - Cobar - Coonamble,105,Far West and Orana,R3,Updated 6-Feb-2020
5279,2832,WALGETT,NSW,147.983033,-29.958521,Delivery Area,Delivery Area,10501,Bourke - Cobar - Coonamble,105,Far West and Orana,R3,Updated 6-Feb-2020
5280,2833,COLLARENEBRI,NSW,148.378523,-29.391492,Delivery Area,Delivery Area,11003,Moree - Narrabri,110,New England and North West,R3,Updated 6-Feb-2020
20720,2834,ANGLEDOOL,NSW,147.9287091,-29.12157608,Delivery Area,Delivery Area,10501,Bourke - Cobar - Coonamble,105,Far West and Orana,R3,Updated 6-Feb-2020
5281,2834,LIGHTNING RIDGE,NSW,147.966635,-29.445997,Delivery Area,Delivery Area,10501,Bourke - Cobar - Coonamble,105,Far West and Orana,R3,Updated 6-Feb-2020
5282,2835,BULLA,NSW,145.406579,-31.551822,Delivery Area,Delivery Area,10501,Bourke - Cobar - Coonamble,105,Far West and Orana,R3,Updated 6-Feb-2020
5283,2835,CANBELEGO,NSW,145.406579,-31.551822,Delivery Area,Delivery Area,10501,Bourke - Cobar - Coonamble,105,Far West and Orana,R3,Updated 6-Feb-2020
5284,2835,COBAR,NSW,145.406579,-31.551822,Delivery Area,Delivery Area,10501,Bourke - Cobar - Coonamble,105,Far West and Orana,R3,Updated 6-Feb-2020
5285,2835,CUBBA,NSW,145.406579,-31.551822,Delivery Area,Delivery Area,10501,Bourke - Cobar - Coonamble,105,Far West and Orana,R3,Updated 6-Feb-2020
5286,2835,GILGUNNIA,NSW,145.406579,-31.551822,Delivery Area,Delivery Area,10501,Bourke - Cobar - Coonamble,105,Far West and Orana,R3,Updated 6-Feb-2020
5287,2835,IRYMPLE,NSW,145.406579,-31.551822,Delivery Area,Delivery Area,10501,Bourke - Cobar - Coonamble,105,Far West and Orana,R3,Updated 6-Feb-2020
5288,2835,KERRIGUNDI,NSW,145.406579,-31.551822,Delivery Area,Delivery Area,10501,Bourke - Cobar - Coonamble,105,Far West and Orana,R3,Updated 6-Feb-2020
5289,2835,KULWIN,NSW,145.406579,-31.551822,Delivery Area,Delivery Area,10501,Bourke - Cobar - Coonamble,105,Far West and Orana,R3,Updated 6-Feb-2020
5290,2835,LERIDA,NSW,145.406579,-31.551822,Delivery Area,Delivery Area,10501,Bourke - Cobar - Coonamble,105,Far West and Orana,R3,Updated 6-Feb-2020
5291,2835,NOONA,NSW,145.406579,-31.551822,Delivery Area,Delivery Area,10501,Bourke - Cobar - Coonamble,105,Far West and Orana,R3,Updated 6-Feb-2020
5292,2835,SANDY CREEK,NSW,145.406579,-31.551822,Delivery Area,Delivery Area,10501,Bourke - Cobar - Coonamble,105,Far West and Orana,R3,Updated 6-Feb-2020
5293,2835,TINDAREY,NSW,145.406579,-31.551822,Delivery Area,Delivery Area,10501,Bourke - Cobar - Coonamble,105,Far West and Orana,R3,Updated 6-Feb-2020
5294,2836,GEMVILLE,NSW,143.270562,-31.498123,Delivery Area,Delivery Area,10502,Broken Hill and Far West,105,Far West and Orana,R3,Updated 6-Feb-2020
5295,2836,WHITE CLIFFS,NSW,143.270562,-31.498123,Delivery Area,Delivery Area,10502,Broken Hill and Far West,105,Far West and Orana,R3,Updated 6-Feb-2020
5296,2836,WILCANNIA,NSW,143.270562,-31.498123,Delivery Area,Delivery Area,10502,Broken Hill and Far West,105,Far West and Orana,R3,Updated 6-Feb-2020
16720,2838,GOODOOGA,NSW,147.404,-29.3107,,,10503,Dubbo,105,Far West and Orana,R3,Updated 25-Mar-2020 SA3
5297,2839,BREWARRINA,NSW,146.94474,-29.8313,Delivery Area,Delivery Area,10501,Bourke - Cobar - Coonamble,105,Far West and Orana,R3,Updated 6-Feb-2020
20721,2839,COLLERINA,NSW,146.6917173,-29.51160991,Delivery Area,Delivery Area,10501,Bourke - Cobar - Coonamble,105,Far West and Orana,R3,Updated 6-Feb-2020
5298,2839,GONGOLGON,NSW,146.94474,-29.8313,Delivery Area,Delivery Area,10501,Bourke - Cobar - Coonamble,105,Far West and Orana,R3,Updated 6-Feb-2020
20722,2839,NARRAN LAKE,NSW,147.3208465,-29.8371247,Delivery Area,Delivery Area,10501,Bourke - Cobar - Coonamble,105,Far West and Orana,R3,Updated 6-Feb-2020
20723,2839,TALAWANTA,NSW,147.0599838,-29.60129298,Delivery Area,Delivery Area,10501,Bourke - Cobar - Coonamble,105,Far West and Orana,R3,Updated 6-Feb-2020
5299,2839,WEILMORINGLE,NSW,146.94474,-29.8313,Delivery Area,Delivery Area,10501,Bourke - Cobar - Coonamble,105,Far West and Orana,R3,Updated 6-Feb-2020
5300,2840,BARRINGUN,NSW,145.251371,-30.205908,Delivery Area,Delivery Area,10502,Broken Hill and Far West,105,Far West and Orana,R3,Updated 6-Feb-2020
5015,2840,BOURKE,NSW,145.251371,-30.205908,Delivery Area,Delivery Area,10502,Broken Hill and Far West,105,Far West and Orana,R3,Updated 6-Feb-2020
5016,2840,ENNGONIA,NSW,145.251371,-30.205908,Delivery Area,Delivery Area,10502,Broken Hill and Far West,105,Far West and Orana,R3,Updated 6-Feb-2020
5017,2840,FORDS BRIDGE,NSW,145.251371,-30.205908,Delivery Area,Delivery Area,10502,Broken Hill and Far West,105,Far West and Orana,R3,Updated 6-Feb-2020
20724,2840,GUMBALIE,NSW,145.2166226,-30.08082971,Delivery Area,Delivery Area,10502,Broken Hill and Far West,105,Far West and Orana,R3,Updated 6-Feb-2020
5018,2840,GUNDERBOOKA,NSW,145.251371,-30.205908,Delivery Area,Delivery Area,10502,Broken Hill and Far West,105,Far West and Orana,R3,Updated 6-Feb-2020
20725,2840,HUNGERFORD,NSW,144.6153754,-29.1707458,Delivery Area,Delivery Area,10502,Broken Hill and Far West,105,Far West and Orana,R3,Updated 6-Feb-2020
5019,2840,LOUTH,NSW,145.251371,-30.205908,Delivery Area,Delivery Area,10502,Broken Hill and Far West,105,Far West and Orana,R3,Updated 6-Feb-2020
20726,2840,NORTH BOURKE,NSW,146.0753866,-29.74530244,Delivery Area,Delivery Area,10502,Broken Hill and Far West,105,Far West and Orana,R3,Updated 6-Feb-2020
5020,2840,TILPA,NSW,145.251371,-30.205908,Delivery Area,Delivery Area,10502,Broken Hill and Far West,105,Far West and Orana,R3,Updated 6-Feb-2020
5021,2840,URISINO,NSW,145.251371,-30.205908,Delivery Area,Delivery Area,10502,Broken Hill and Far West,105,Far West and Orana,R3,Updated 6-Feb-2020
5022,2840,WANAARING,NSW,145.251371,-30.205908,Delivery Area,Delivery Area,10502,Broken Hill and Far West,105,Far West and Orana,R3,Updated 6-Feb-2020
5023,2840,YANTABULLA,NSW,145.251371,-30.205908,Delivery Area,Delivery Area,10502,Broken Hill and Far West,105,Far West and Orana,R3,Updated 6-Feb-2020
5024,2842,MENDOORAN,NSW,149.051954,-31.690852,Delivery Area,Delivery Area,10503,Dubbo,105,Far West and Orana,R3,Updated 6-Feb-2020
20727,2842,MOLLYAN,NSW,149.2014179,-31.58474786,Delivery Area,Delivery Area,10503,Dubbo,105,Far West and Orana,R3,Updated 6-Feb-2020
5025,2842,NEW MOLLYAN,NSW,149.051954,-31.690852,,,10503,Dubbo,105,Far West and Orana,R3,Updated 6-Feb-2020
5026,2842,YARRAGRIN,NSW,149.051954,-31.690852,Delivery Area,Delivery Area,10503,Dubbo,105,Far West and Orana,R3,Updated 6-Feb-2020
5027,2843,COOLAH,NSW,149.727798,-31.82434,Delivery Area,Delivery Area,10503,Dubbo,105,Far West and Orana,R3,Updated 6-Feb-2020
5028,2844,BIRRIWA,NSW,149.319295,-31.924969,Delivery Area,Delivery Area,10303,Lithgow - Mudgee,103,Central West,R3,Updated 6-Feb-2020
5029,2844,COBBORA,NSW,149.319295,-31.924969,,,10303,Lithgow - Mudgee,103,Central West,R3,Updated 6-Feb-2020
5030,2844,DUNEDOO,NSW,149.319295,-31.924969,Delivery Area,Delivery Area,10303,Lithgow - Mudgee,103,Central West,R3,Updated 6-Feb-2020
5031,2844,LEADVILLE,NSW,149.319295,-31.924969,Delivery Area,Delivery Area,10303,Lithgow - Mudgee,103,Central West,R3,Updated 6-Feb-2020
5032,2845,ANGUS PLACE,NSW,150.04201,-33.404961,,,10303,Lithgow - Mudgee,103,Central West,R3,Updated 6-Feb-2020
5033,2845,WALLERAWANG,NSW,150.04201,-33.404961,Delivery Area,Delivery Area,10303,Lithgow - Mudgee,103,Central West,R3,Updated 6-Feb-2020
5034,2846,AIRLY,NSW,150.118609,-33.071806,,,10303,Lithgow - Mudgee,103,Central West,R3,Updated 6-Feb-2020
5035,2846,CAPERTEE,NSW,150.118609,-33.071806,Delivery Area,Delivery Area,10303,Lithgow - Mudgee,103,Central West,R3,Updated 6-Feb-2020
5036,2846,GLEN DAVIS,NSW,150.118609,-33.071806,Delivery Area,Delivery Area,10303,Lithgow - Mudgee,103,Central West,R3,Updated 6-Feb-2020
5037,2846,KANGAROO FLAT,NSW,150.118609,-33.071806,Delivery Area,Delivery Area,10303,Lithgow - Mudgee,103,Central West,R3,Updated 6-Feb-2020
5038,2846,ROUND SWAMP,NSW,150.118609,-33.071806,Delivery Area,Delivery Area,10303,Lithgow - Mudgee,103,Central West,R3,Updated 6-Feb-2020
5039,2847,PIPERS FLAT,NSW,149.969799,-33.404462,,,10303,Lithgow - Mudgee,103,Central West,R3,Updated 6-Feb-2020
5040,2847,PORTLAND,NSW,149.969799,-33.404462,Delivery Area,Delivery Area,10303,Lithgow - Mudgee,103,Central West,R3,Updated 6-Feb-2020
5041,2848,BROGANS CREEK,NSW,149.964131,-32.901412,Delivery Area,Delivery Area,10303,Lithgow - Mudgee,103,Central West,R3,Updated 6-Feb-2020
5042,2848,CHARBON,NSW,149.964131,-32.901412,Delivery Area,Delivery Area,10303,Lithgow - Mudgee,103,Central West,R3,Updated 6-Feb-2020
5043,2848,CLANDULLA,NSW,149.964131,-32.901412,Delivery Area,Delivery Area,10303,Lithgow - Mudgee,103,Central West,R3,Updated 6-Feb-2020
5044,2848,KANDOS,NSW,149.964131,-32.901412,Delivery Area,Delivery Area,10303,Lithgow - Mudgee,103,Central West,R3,Updated 6-Feb-2020
5045,2849,BOGEE,NSW,150.059088,-32.708935,Delivery Area,Delivery Area,10303,Lithgow - Mudgee,103,Central West,R3,Updated 6-Feb-2020
5046,2849,BREAKFAST CREEK,NSW,150.059088,-32.708935,Delivery Area,Delivery Area,10303,Lithgow - Mudgee,103,Central West,R3,Updated 6-Feb-2020
5047,2849,BUDDEN,NSW,150.059088,-32.708935,Delivery Area,Delivery Area,10303,Lithgow - Mudgee,103,Central West,R3,Updated 6-Feb-2020
5048,2849,BYLONG,NSW,150.059088,-32.708935,Delivery Area,Delivery Area,10303,Lithgow - Mudgee,103,Central West,R3,Updated 6-Feb-2020
5049,2849,CAMBOON,NSW,150.059088,-32.708935,Delivery Area,Delivery Area,10303,Lithgow - Mudgee,103,Central West,R3,Updated 6-Feb-2020
5050,2849,CARWELL,NSW,150.059088,-32.708935,Delivery Area,Delivery Area,10303,Lithgow - Mudgee,103,Central West,R3,Updated 6-Feb-2020
5051,2849,COGGAN,NSW,150.059088,-32.708935,Delivery Area,Delivery Area,10303,Lithgow - Mudgee,103,Central West,R3,Updated 6-Feb-2020
5052,2849,COXS CREEK,NSW,150.059088,-32.708935,Delivery Area,Delivery Area,10303,Lithgow - Mudgee,103,Central West,R3,Updated 6-Feb-2020
5053,2849,COXS CROWN,NSW,150.059088,-32.708935,Delivery Area,Delivery Area,10303,Lithgow - Mudgee,103,Central West,R3,Updated 6-Feb-2020
5054,2849,DABEE,NSW,150.059088,-32.708935,Delivery Area,Delivery Area,10303,Lithgow - Mudgee,103,Central West,R3,Updated 6-Feb-2020
5055,2849,DUNGEREE,NSW,150.059088,-32.708935,Delivery Area,Delivery Area,10303,Lithgow - Mudgee,103,Central West,R3,Updated 6-Feb-2020
5056,2849,DUNVILLE LOOP,NSW,150.059088,-32.708935,Delivery Area,Delivery Area,10303,Lithgow - Mudgee,103,Central West,R3,Updated 6-Feb-2020
5057,2849,GINGHI,NSW,150.059088,-32.708935,Delivery Area,Delivery Area,10303,Lithgow - Mudgee,103,Central West,R3,Updated 6-Feb-2020
5058,2849,GLEN ALICE,NSW,150.059088,-32.708935,Delivery Area,Delivery Area,10303,Lithgow - Mudgee,103,Central West,R3,Updated 6-Feb-2020
5059,2849,GROWEE,NSW,150.059088,-32.708935,Delivery Area,Delivery Area,10303,Lithgow - Mudgee,103,Central West,R3,Updated 6-Feb-2020
5060,2849,KELGOOLA,NSW,150.059088,-32.708935,Delivery Area,Delivery Area,10303,Lithgow - Mudgee,103,Central West,R3,Updated 6-Feb-2020
5061,2849,LEE CREEK,NSW,150.059088,-32.708935,Delivery Area,Delivery Area,10303,Lithgow - Mudgee,103,Central West,R3,Updated 6-Feb-2020
5062,2849,MOUNT MARSDEN,NSW,150.059088,-32.708935,Delivery Area,Delivery Area,10303,Lithgow - Mudgee,103,Central West,R3,Updated 6-Feb-2020
5063,2849,MURRUMBO,NSW,150.059088,-32.708935,Delivery Area,Delivery Area,10303,Lithgow - Mudgee,103,Central West,R3,Updated 6-Feb-2020
5064,2849,NULLO MOUNTAIN,NSW,150.059088,-32.708935,Delivery Area,Delivery Area,10303,Lithgow - Mudgee,103,Central West,R3,Updated 6-Feb-2020
5065,2849,OLINDA,NSW,150.059088,-32.708935,Delivery Area,Delivery Area,10303,Lithgow - Mudgee,103,Central West,R3,Updated 6-Feb-2020
5066,2849,PINNACLE SWAMP,NSW,150.059088,-32.708935,Delivery Area,Delivery Area,10303,Lithgow - Mudgee,103,Central West,R3,Updated 6-Feb-2020
5067,2849,PYANGLE,NSW,150.059088,-32.708935,Delivery Area,Delivery Area,10303,Lithgow - Mudgee,103,Central West,R3,Updated 6-Feb-2020
5068,2849,REEDY CREEK,NSW,150.059088,-32.708935,Delivery Area,Delivery Area,10303,Lithgow - Mudgee,103,Central West,R3,Updated 6-Feb-2020
5069,2849,RYLSTONE,NSW,150.059088,-32.708935,Delivery Area,Delivery Area,10303,Lithgow - Mudgee,103,Central West,R3,Updated 6-Feb-2020
5070,2849,UPPER BYLONG,NSW,150.059088,-32.708935,Delivery Area,Delivery Area,10303,Lithgow - Mudgee,103,Central West,R3,Updated 6-Feb-2020
5071,2849,UPPER GROWEE,NSW,150.059088,-32.708935,Delivery Area,Delivery Area,10303,Lithgow - Mudgee,103,Central West,R3,Updated 6-Feb-2020
5072,2849,UPPER NILE,NSW,150.059088,-32.708935,Delivery Area,Delivery Area,10303,Lithgow - Mudgee,103,Central West,R3,Updated 6-Feb-2020
5073,2849,WIRRABA,NSW,150.059088,-32.708935,Delivery Area,Delivery Area,10303,Lithgow - Mudgee,103,Central West,R3,Updated 6-Feb-2020
5074,2850,AARONS PASS,NSW,149.602925,-32.685033,Delivery Area,Delivery Area,10604,Upper Hunter,106,Hunter Valley exc Newcastle,R3,Updated 6-Feb-2020
5075,2850,APPLE TREE FLAT,NSW,149.602925,-32.685033,Delivery Area,Delivery Area,10604,Upper Hunter,106,Hunter Valley exc Newcastle,R3,Updated 6-Feb-2020
5076,2850,AVISFORD,NSW,149.602925,-32.685033,Delivery Area,Delivery Area,10604,Upper Hunter,106,Hunter Valley exc Newcastle,R3,Updated 6-Feb-2020
5077,2850,BARA,NSW,149.602925,-32.685033,Delivery Area,Delivery Area,10604,Upper Hunter,106,Hunter Valley exc Newcastle,R3,Updated 6-Feb-2020
5078,2850,BARIGAN,NSW,149.602925,-32.685033,Delivery Area,Delivery Area,10604,Upper Hunter,106,Hunter Valley exc Newcastle,R3,Updated 6-Feb-2020
5079,2850,BEN BUCKLEY,NSW,149.602925,-32.685033,Delivery Area,Delivery Area,10604,Upper Hunter,106,Hunter Valley exc Newcastle,R3,Updated 6-Feb-2020
5080,2850,BOCOBLE,NSW,149.602925,-32.685033,Delivery Area,Delivery Area,10604,Upper Hunter,106,Hunter Valley exc Newcastle,R3,Updated 6-Feb-2020
5081,2850,BOMBIRA,NSW,149.602925,-32.685033,Delivery Area,Delivery Area,10604,Upper Hunter,106,Hunter Valley exc Newcastle,R3,Updated 6-Feb-2020
5082,2850,BOTOBOLAR,NSW,149.602925,-32.685033,Delivery Area,Delivery Area,10604,Upper Hunter,106,Hunter Valley exc Newcastle,R3,Updated 6-Feb-2020
5083,2850,BUCKAROO,NSW,149.602925,-32.685033,Delivery Area,Delivery Area,10604,Upper Hunter,106,Hunter Valley exc Newcastle,R3,Updated 6-Feb-2020
5084,2850,BUDGEE BUDGEE,NSW,149.602925,-32.685033,Delivery Area,Delivery Area,10604,Upper Hunter,106,Hunter Valley exc Newcastle,R3,Updated 6-Feb-2020
5085,2850,BURRUNDULLA,NSW,149.602925,-32.685033,Delivery Area,Delivery Area,10604,Upper Hunter,106,Hunter Valley exc Newcastle,R3,Updated 6-Feb-2020
5086,2850,CAERLEON,NSW,149.602925,-32.685033,Delivery Area,Delivery Area,10604,Upper Hunter,106,Hunter Valley exc Newcastle,R3,Updated 6-Feb-2020
5087,2850,CANADIAN LEAD,NSW,149.602925,-32.685033,Delivery Area,Delivery Area,10604,Upper Hunter,106,Hunter Valley exc Newcastle,R3,Updated 6-Feb-2020
5088,2850,CARCALGONG,NSW,149.602925,-32.685033,Delivery Area,Delivery Area,10604,Upper Hunter,106,Hunter Valley exc Newcastle,R3,Updated 6-Feb-2020
5089,2850,COLLINGWOOD,NSW,149.602925,-32.685033,Delivery Area,Delivery Area,10604,Upper Hunter,106,Hunter Valley exc Newcastle,R3,Updated 6-Feb-2020
5090,2850,COOKS GAP,NSW,149.602925,-32.685033,Delivery Area,Delivery Area,10604,Upper Hunter,106,Hunter Valley exc Newcastle,R3,Updated 6-Feb-2020
5091,2850,COOYAL,NSW,149.602925,-32.685033,Delivery Area,Delivery Area,10604,Upper Hunter,106,Hunter Valley exc Newcastle,R3,Updated 6-Feb-2020
5092,2850,CROSS ROADS,NSW,149.602925,-32.685033,Delivery Area,Delivery Area,10604,Upper Hunter,106,Hunter Valley exc Newcastle,R3,Updated 6-Feb-2020
5093,2850,CUDGEGONG,NSW,149.602925,-32.685033,Delivery Area,Delivery Area,10604,Upper Hunter,106,Hunter Valley exc Newcastle,R3,Updated 6-Feb-2020
5094,2850,CULLENBONE,NSW,149.602925,-32.685033,Delivery Area,Delivery Area,10604,Upper Hunter,106,Hunter Valley exc Newcastle,R3,Updated 6-Feb-2020
5095,2850,CUMBO,NSW,149.602925,-32.685033,Delivery Area,Delivery Area,10604,Upper Hunter,106,Hunter Valley exc Newcastle,R3,Updated 6-Feb-2020
5096,2850,ERUDGERE,NSW,149.602925,-32.685033,Delivery Area,Delivery Area,10604,Upper Hunter,106,Hunter Valley exc Newcastle,R3,Updated 6-Feb-2020
5097,2850,EURUNDEREE,NSW,149.602925,-32.685033,Delivery Area,Delivery Area,10604,Upper Hunter,106,Hunter Valley exc Newcastle,R3,Updated 6-Feb-2020
5098,2850,FROG ROCK,NSW,149.602925,-32.685033,Delivery Area,Delivery Area,10604,Upper Hunter,106,Hunter Valley exc Newcastle,R3,Updated 6-Feb-2020
5099,2850,GALAMBINE,NSW,149.602925,-32.685033,Delivery Area,Delivery Area,10604,Upper Hunter,106,Hunter Valley exc Newcastle,R3,Updated 6-Feb-2020
5100,2850,GLEN AYR,NSW,149.602925,-32.685033,Delivery Area,Delivery Area,10604,Upper Hunter,106,Hunter Valley exc Newcastle,R3,Updated 6-Feb-2020
5101,2850,GRATTAI,NSW,149.602925,-32.685033,Delivery Area,Delivery Area,10604,Upper Hunter,106,Hunter Valley exc Newcastle,R3,Updated 6-Feb-2020
5102,2850,GREEN GULLY,NSW,149.602925,-32.685033,Delivery Area,Delivery Area,10604,Upper Hunter,106,Hunter Valley exc Newcastle,R3,Updated 6-Feb-2020
5103,2850,GULGAMREE,NSW,149.602925,-32.685033,,,10604,Upper Hunter,106,Hunter Valley exc Newcastle,R3,Updated 6-Feb-2020
5104,2850,HARGRAVES,NSW,149.602925,-32.685033,Delivery Area,Delivery Area,10604,Upper Hunter,106,Hunter Valley exc Newcastle,R3,Updated 6-Feb-2020
5105,2850,HAVILAH,NSW,149.602925,-32.685033,Delivery Area,Delivery Area,10604,Upper Hunter,106,Hunter Valley exc Newcastle,R3,Updated 6-Feb-2020
5106,2850,HAYES GAP,NSW,149.602925,-32.685033,Delivery Area,Delivery Area,10604,Upper Hunter,106,Hunter Valley exc Newcastle,R3,Updated 6-Feb-2020
5107,2850,HILL END,NSW,149.602925,-32.685033,Delivery Area,Delivery Area,10604,Upper Hunter,106,Hunter Valley exc Newcastle,R3,Updated 6-Feb-2020
5108,2850,HOME RULE,NSW,149.602925,-32.685033,Delivery Area,Delivery Area,10604,Upper Hunter,106,Hunter Valley exc Newcastle,R3,Updated 6-Feb-2020
5109,2850,ILFORD,NSW,149.602925,-32.685033,Delivery Area,Delivery Area,10604,Upper Hunter,106,Hunter Valley exc Newcastle,R3,Updated 6-Feb-2020
5110,2850,KAINS FLAT,NSW,149.602925,-32.685033,Delivery Area,Delivery Area,10604,Upper Hunter,106,Hunter Valley exc Newcastle,R3,Updated 6-Feb-2020
5111,2850,LINBURN,NSW,149.602925,-32.685033,Delivery Area,Delivery Area,10604,Upper Hunter,106,Hunter Valley exc Newcastle,R3,Updated 6-Feb-2020
5112,2850,LONG CREEK,NSW,149.602925,-32.685033,,,10604,Upper Hunter,106,Hunter Valley exc Newcastle,R3,Updated 6-Feb-2020
5113,2850,LUE,NSW,149.602925,-32.685033,Delivery Area,Delivery Area,10604,Upper Hunter,106,Hunter Valley exc Newcastle,R3,Updated 6-Feb-2020
5114,2850,MAITLAND BAR,NSW,149.602925,-32.685033,Delivery Area,Delivery Area,10604,Upper Hunter,106,Hunter Valley exc Newcastle,R3,Updated 6-Feb-2020
5115,2850,MENAH,NSW,149.602925,-32.685033,Delivery Area,Delivery Area,10604,Upper Hunter,106,Hunter Valley exc Newcastle,R3,Updated 6-Feb-2020
5116,2850,MEROO,NSW,149.602925,-32.685033,Delivery Area,Delivery Area,10604,Upper Hunter,106,Hunter Valley exc Newcastle,R3,Updated 6-Feb-2020
5117,2850,MILLSVILLE,NSW,149.602925,-32.685033,,,10604,Upper Hunter,106,Hunter Valley exc Newcastle,R3,Updated 6-Feb-2020
5118,2850,MILROY,NSW,149.602925,-32.685033,Delivery Area,Delivery Area,10604,Upper Hunter,106,Hunter Valley exc Newcastle,R3,Updated 6-Feb-2020
5119,2850,MOGO,NSW,149.602925,-32.685033,Delivery Area,Delivery Area,10604,Upper Hunter,106,Hunter Valley exc Newcastle,R3,Updated 6-Feb-2020
5120,2850,MONIVAE,NSW,149.602925,-32.685033,Delivery Area,Delivery Area,10604,Upper Hunter,106,Hunter Valley exc Newcastle,R3,Updated 6-Feb-2020
5121,2850,MOOLARBEN,NSW,149.602925,-32.685033,Delivery Area,Delivery Area,10604,Upper Hunter,106,Hunter Valley exc Newcastle,R3,Updated 6-Feb-2020
5122,2850,MOUNT FROME,NSW,149.602925,-32.685033,Delivery Area,Delivery Area,10604,Upper Hunter,106,Hunter Valley exc Newcastle,R3,Updated 6-Feb-2020
5123,2850,MOUNT KNOWLES,NSW,149.602925,-32.685033,Delivery Area,Delivery Area,10604,Upper Hunter,106,Hunter Valley exc Newcastle,R3,Updated 6-Feb-2020
5124,2850,MUDGEE,NSW,149.602925,-32.685033,Delivery Area,Delivery Area,10604,Upper Hunter,106,Hunter Valley exc Newcastle,R3,Updated 6-Feb-2020
5125,2850,MULLAMUDDY,NSW,149.602925,-32.685033,Delivery Area,Delivery Area,10604,Upper Hunter,106,Hunter Valley exc Newcastle,R3,Updated 6-Feb-2020
5126,2850,MUNGHORN,NSW,149.602925,-32.685033,Delivery Area,Delivery Area,10604,Upper Hunter,106,Hunter Valley exc Newcastle,R3,Updated 6-Feb-2020
5127,2850,MURRAGAMBA,NSW,149.602925,-32.685033,,,10604,Upper Hunter,106,Hunter Valley exc Newcastle,R3,Updated 6-Feb-2020
5128,2850,PIAMBONG,NSW,149.602925,-32.685033,Delivery Area,Delivery Area,10604,Upper Hunter,106,Hunter Valley exc Newcastle,R3,Updated 6-Feb-2020
5129,2850,PUTTA BUCCA,NSW,149.602925,-32.685033,Delivery Area,Delivery Area,10604,Upper Hunter,106,Hunter Valley exc Newcastle,R3,Updated 6-Feb-2020
5130,2850,PYRAMUL,NSW,149.602925,-32.685033,Delivery Area,Delivery Area,10604,Upper Hunter,106,Hunter Valley exc Newcastle,R3,Updated 6-Feb-2020
5131,2850,QUEENS PINCH,NSW,149.602925,-32.685033,Delivery Area,Delivery Area,10604,Upper Hunter,106,Hunter Valley exc Newcastle,R3,Updated 6-Feb-2020
5132,2850,RAZORBACK,NSW,149.602925,-32.685033,Delivery Area,Delivery Area,10604,Upper Hunter,106,Hunter Valley exc Newcastle,R3,Updated 6-Feb-2020
5133,2850,RIVERLEA,NSW,149.602925,-32.685033,Delivery Area,Delivery Area,10604,Upper Hunter,106,Hunter Valley exc Newcastle,R3,Updated 6-Feb-2020
5134,2850,RUNNING STREAM,NSW,149.602925,-32.685033,Delivery Area,Delivery Area,10604,Upper Hunter,106,Hunter Valley exc Newcastle,R3,Updated 6-Feb-2020
5135,2850,SALLYS FLAT,NSW,149.602925,-32.685033,Delivery Area,Delivery Area,10604,Upper Hunter,106,Hunter Valley exc Newcastle,R3,Updated 6-Feb-2020
5136,2850,SPRING FLAT,NSW,149.602925,-32.685033,Delivery Area,Delivery Area,10604,Upper Hunter,106,Hunter Valley exc Newcastle,R3,Updated 6-Feb-2020
5137,2850,ST FILLANS,NSW,149.602925,-32.685033,Delivery Area,Delivery Area,10604,Upper Hunter,106,Hunter Valley exc Newcastle,R3,Updated 6-Feb-2020
5138,2850,STONY CREEK,NSW,149.602925,-32.685033,Delivery Area,Delivery Area,10604,Upper Hunter,106,Hunter Valley exc Newcastle,R3,Updated 6-Feb-2020
5139,2850,TAMBAROORA,NSW,149.602925,-32.685033,Delivery Area,Delivery Area,10604,Upper Hunter,106,Hunter Valley exc Newcastle,R3,Updated 6-Feb-2020
5140,2850,TICHULAR,NSW,149.602925,-32.685033,Delivery Area,Delivery Area,10604,Upper Hunter,106,Hunter Valley exc Newcastle,R3,Updated 6-Feb-2020
5141,2850,TOTNES VALLEY,NSW,149.602925,-32.685033,Delivery Area,Delivery Area,10604,Upper Hunter,106,Hunter Valley exc Newcastle,R3,Updated 6-Feb-2020
5142,2850,TRIAMBLE,NSW,149.602925,-32.685033,Delivery Area,Delivery Area,10604,Upper Hunter,106,Hunter Valley exc Newcastle,R3,Updated 6-Feb-2020
5143,2850,TURILL,NSW,149.602925,-32.685033,Delivery Area,Delivery Area,10604,Upper Hunter,106,Hunter Valley exc Newcastle,R3,Updated 6-Feb-2020
5144,2850,TWELVE MILE,NSW,149.602925,-32.685033,Delivery Area,Delivery Area,10604,Upper Hunter,106,Hunter Valley exc Newcastle,R3,Updated 6-Feb-2020
5145,2850,ULAN,NSW,149.602925,-32.685033,Delivery Area,Delivery Area,10604,Upper Hunter,106,Hunter Valley exc Newcastle,R3,Updated 6-Feb-2020
5146,2850,ULLAMALLA,NSW,149.602925,-32.685033,Delivery Area,Delivery Area,10604,Upper Hunter,106,Hunter Valley exc Newcastle,R3,Updated 6-Feb-2020
5147,2850,WILBETREE,NSW,149.602925,-32.685033,Delivery Area,Delivery Area,10604,Upper Hunter,106,Hunter Valley exc Newcastle,R3,Updated 6-Feb-2020
5148,2850,WILPINJONG,NSW,149.602925,-32.685033,Delivery Area,Delivery Area,10604,Upper Hunter,106,Hunter Valley exc Newcastle,R3,Updated 6-Feb-2020
5149,2850,WINDEYER,NSW,149.602925,-32.685033,Delivery Area,Delivery Area,10604,Upper Hunter,106,Hunter Valley exc Newcastle,R3,Updated 6-Feb-2020
5150,2850,WOLLAR,NSW,149.602925,-32.685033,Delivery Area,Delivery Area,10604,Upper Hunter,106,Hunter Valley exc Newcastle,R3,Updated 6-Feb-2020
5151,2850,WORLDS END,NSW,149.602925,-32.685033,Delivery Area,Delivery Area,10604,Upper Hunter,106,Hunter Valley exc Newcastle,R3,Updated 6-Feb-2020
5152,2850,YARRABIN,NSW,149.602925,-32.685033,Delivery Area,Delivery Area,10604,Upper Hunter,106,Hunter Valley exc Newcastle,R3,Updated 6-Feb-2020
5153,2850,YARRAWONGA,NSW,149.602925,-32.685033,Delivery Area,Delivery Area,10604,Upper Hunter,106,Hunter Valley exc Newcastle,R3,Updated 6-Feb-2020
5154,2852,BARNEYS REEF,NSW,149.45909,-32.280785,Delivery Area,Delivery Area,10503,Dubbo,105,Far West and Orana,R3,Updated 6-Feb-2020
5155,2852,BERYL,NSW,149.45909,-32.280785,Delivery Area,Delivery Area,10503,Dubbo,105,Far West and Orana,R3,Updated 6-Feb-2020
5156,2852,BIRAGANBIL,NSW,149.45909,-32.280785,Delivery Area,Delivery Area,10503,Dubbo,105,Far West and Orana,R3,Updated 6-Feb-2020
5157,2852,BUNGABA,NSW,149.45909,-32.280785,Delivery Area,Delivery Area,10503,Dubbo,105,Far West and Orana,R3,Updated 6-Feb-2020
4872,2852,COPE,NSW,149.45909,-32.280785,Delivery Area,Delivery Area,10503,Dubbo,105,Far West and Orana,R3,Updated 6-Feb-2020
4873,2852,CUMBANDRY,NSW,149.45909,-32.280785,Delivery Area,Delivery Area,10503,Dubbo,105,Far West and Orana,R3,Updated 6-Feb-2020
4874,2852,GOOLMA,NSW,149.45909,-32.280785,Delivery Area,Delivery Area,10503,Dubbo,105,Far West and Orana,R3,Updated 6-Feb-2020
4875,2852,GULGONG,NSW,149.45909,-32.280785,Delivery Area,Delivery Area,10503,Dubbo,105,Far West and Orana,R3,Updated 6-Feb-2020
20728,2852,GUNTAWANG,NSW,149.4469032,-32.40035665,Delivery Area,Delivery Area,10503,Dubbo,105,Far West and Orana,R3,Updated 6-Feb-2020
4876,2852,MEBUL,NSW,149.45909,-32.280785,Delivery Area,Delivery Area,10503,Dubbo,105,Far West and Orana,R3,Updated 6-Feb-2020
4877,2852,MEROTHERIE,NSW,149.45909,-32.280785,Delivery Area,Delivery Area,10503,Dubbo,105,Far West and Orana,R3,Updated 6-Feb-2020
4878,2852,STUBBO,NSW,149.45909,-32.280785,Delivery Area,Delivery Area,10503,Dubbo,105,Far West and Orana,R3,Updated 6-Feb-2020
4879,2852,TALLAWANG,NSW,149.45909,-32.280785,Delivery Area,Delivery Area,10503,Dubbo,105,Far West and Orana,R3,Updated 6-Feb-2020
4880,2852,TWO MILE FLAT,NSW,149.45909,-32.280785,,,10503,Dubbo,105,Far West and Orana,R3,Updated 6-Feb-2020
4881,2864,BOREE,NSW,148.731814,-33.340269,Delivery Area,Delivery Area,10304,Orange,103,Central West,R3,Updated 6-Feb-2020
4882,2864,BOWAN PARK,NSW,148.731814,-33.340269,Delivery Area,Delivery Area,10304,Orange,103,Central West,R3,Updated 6-Feb-2020
4883,2864,CUDAL,NSW,148.731814,-33.340269,Delivery Area,Delivery Area,10304,Orange,103,Central West,R3,Updated 6-Feb-2020
4884,2864,MURGA,NSW,148.731814,-33.340269,Delivery Area,Delivery Area,10304,Orange,103,Central West,R3,Updated 6-Feb-2020
4885,2864,TOOGONG,NSW,148.731814,-33.340269,Delivery Area,Delivery Area,10304,Orange,103,Central West,R3,Updated 6-Feb-2020
20729,2865,BOCOBRA,NSW,148.5386077,-33.09511057,Delivery Area,Delivery Area,10304,Orange,103,Central West,R3,Updated 6-Feb-2020
4886,2865,GUMBLE,NSW,148.684862,-33.213883,Delivery Area,Delivery Area,10304,Orange,103,Central West,R3,Updated 6-Feb-2020
4887,2865,MANILDRA,NSW,148.684862,-33.213883,Delivery Area,Delivery Area,10304,Orange,103,Central West,R3,Updated 6-Feb-2020
4888,2866,AMAROO,NSW,148.904531,-33.007264,Delivery Area,Delivery Area,10503,Dubbo,105,Far West and Orana,R3,Updated 6-Feb-2020
4889,2866,BOOMEY,NSW,148.904531,-33.007264,Delivery Area,Delivery Area,10503,Dubbo,105,Far West and Orana,R3,Updated 6-Feb-2020
4890,2866,CUNDUMBUL,NSW,148.904531,-33.007264,Delivery Area,Delivery Area,10503,Dubbo,105,Far West and Orana,R3,Updated 6-Feb-2020
4891,2866,EUCHAREENA,NSW,148.904531,-33.007264,Delivery Area,Delivery Area,10503,Dubbo,105,Far West and Orana,R3,Updated 6-Feb-2020
4892,2866,GARRA,NSW,148.904531,-33.007264,Delivery Area,Delivery Area,10503,Dubbo,105,Far West and Orana,R3,Updated 6-Feb-2020
4893,2866,LARRAS LEE,NSW,148.904531,-33.007264,Delivery Area,Delivery Area,10503,Dubbo,105,Far West and Orana,R3,Updated 6-Feb-2020
4894,2866,MOLONG,NSW,148.904531,-33.007264,Delivery Area,Delivery Area,10503,Dubbo,105,Far West and Orana,R3,Updated 6-Feb-2020
4895,2866,THE SHADES,NSW,148.904531,-33.007264,,,10503,Dubbo,105,Far West and Orana,R3,Updated 6-Feb-2020
4896,2866,WARNECLIFFE,NSW,148.904531,-33.007264,,,10503,Dubbo,105,Far West and Orana,R3,Updated 6-Feb-2020
4897,2867,BALDRY,NSW,148.611239,-32.965877,Delivery Area,Delivery Area,10503,Dubbo,105,Far West and Orana,R3,Updated 6-Feb-2020
4898,2867,CUMNOCK,NSW,148.611239,-32.965877,Delivery Area,Delivery Area,10503,Dubbo,105,Far West and Orana,R3,Updated 6-Feb-2020
20730,2867,EURIMBLA,NSW,148.8275768,-32.83897441,Delivery Area,Delivery Area,10503,Dubbo,105,Far West and Orana,R3,Updated 6-Feb-2020
4899,2867,EURIMBULA,NSW,148.611239,-32.965877,,,10503,Dubbo,105,Far West and Orana,R3,Updated 6-Feb-2020
20731,2867,LOOMBAH,NSW,148.735871,-32.78685,Delivery Area,Delivery Area,10503,Dubbo,105,Far West and Orana,R3,Updated 6-Feb-2020
4900,2867,YULLUNDRY,NSW,148.611239,-32.965877,Delivery Area,Delivery Area,10503,Dubbo,105,Far West and Orana,R3,Updated 6-Feb-2020
4901,2868,BOURNEWOOD,NSW,148.561505,-32.740876,Delivery Area,Delivery Area,10503,Dubbo,105,Far West and Orana,R3,Updated 6-Feb-2020
20732,2868,NORTH YEOVAL,NSW,148.6732145,-32.72303102,Delivery Area,Delivery Area,10503,Dubbo,105,Far West and Orana,R3,Updated 6-Feb-2020
4902,2868,OBLEY,NSW,148.561505,-32.740876,Delivery Area,Delivery Area,10503,Dubbo,105,Far West and Orana,R3,Updated 6-Feb-2020
4903,2868,YEOVAL,NSW,148.561505,-32.740876,Delivery Area,Delivery Area,10503,Dubbo,105,Far West and Orana,R3,Updated 6-Feb-2020
4904,2869,MUNGERY,NSW,148.266655,-32.584028,,,10503,Dubbo,105,Far West and Orana,R3,Updated 6-Feb-2020
4905,2869,PEAK HILL,NSW,148.266655,-32.584028,Delivery Area,Delivery Area,10503,Dubbo,105,Far West and Orana,R3,Updated 6-Feb-2020
4906,2869,TOMINGLEY,NSW,148.266655,-32.584028,Delivery Area,Delivery Area,10503,Dubbo,105,Far West and Orana,R3,Updated 6-Feb-2020
4907,2869,TREWILGA,NSW,148.266655,-32.584028,Delivery Area,Delivery Area,10503,Dubbo,105,Far West and Orana,R3,Updated 6-Feb-2020
4908,2870,ALECTOWN,NSW,148.16819,-33.035496,Delivery Area,Delivery Area,10304,Orange,103,Central West,R3,Updated 6-Feb-2020
4909,2870,BEARGAMIL,NSW,148.16819,-33.035496,Delivery Area,Delivery Area,10304,Orange,103,Central West,R3,Updated 6-Feb-2020
4910,2870,BINDOGUNDRA,NSW,148.16819,-33.035496,Delivery Area,Delivery Area,10304,Orange,103,Central West,R3,Updated 6-Feb-2020
4911,2870,BROLGAN,NSW,148.16819,-33.035496,Delivery Area,Delivery Area,10304,Orange,103,Central West,R3,Updated 6-Feb-2020
4912,2870,BUMBERRY,NSW,148.16819,-33.035496,Delivery Area,Delivery Area,10304,Orange,103,Central West,R3,Updated 6-Feb-2020
4913,2870,COOKAMIDGERA,NSW,148.16819,-33.035496,Delivery Area,Delivery Area,10304,Orange,103,Central West,R3,Updated 6-Feb-2020
4914,2870,COOKS MYALLS,NSW,148.16819,-33.035496,Delivery Area,Delivery Area,10304,Orange,103,Central West,R3,Updated 6-Feb-2020
4915,2870,DAROOBALGIE,NSW,148.16819,-33.035496,Delivery Area,Delivery Area,10304,Orange,103,Central West,R3,Updated 6-Feb-2020
4916,2870,GOOBANG,NSW,148.16819,-33.035496,Delivery Area,Delivery Area,10304,Orange,103,Central West,R3,Updated 6-Feb-2020
4917,2870,GOONUMBLA,NSW,148.16819,-33.035496,Delivery Area,Delivery Area,10304,Orange,103,Central West,R3,Updated 6-Feb-2020
4918,2870,KADINA,NSW,148.16819,-33.035496,Delivery Area,Delivery Area,10304,Orange,103,Central West,R3,Updated 6-Feb-2020
4919,2870,MANDAGERY,NSW,148.16819,-33.035496,Delivery Area,Delivery Area,10304,Orange,103,Central West,R3,Updated 6-Feb-2020
4920,2870,MICKIBRI,NSW,148.16819,-33.035496,Delivery Area,Delivery Area,10304,Orange,103,Central West,R3,Updated 6-Feb-2020
4921,2870,MUGINCOBLE,NSW,148.16819,-33.035496,Delivery Area,Delivery Area,10304,Orange,103,Central West,R3,Updated 6-Feb-2020
4922,2870,NANARDINE,NSW,148.16819,-33.035496,Delivery Area,Delivery Area,10304,Orange,103,Central West,R3,Updated 6-Feb-2020
4923,2870,PARKES,NSW,148.16819,-33.035496,Delivery Area,Delivery Area,10304,Orange,103,Central West,R3,Updated 6-Feb-2020
4924,2870,PARKESBOROUGH,NSW,148.16819,-33.035496,Delivery Area,Delivery Area,10304,Orange,103,Central West,R3,Updated 6-Feb-2020
4925,2870,SHALLOW RUSH,NSW,148.16819,-33.035496,,,10304,Orange,103,Central West,R3,Updated 6-Feb-2020
4926,2870,TICHBORNE,NSW,148.16819,-33.035496,Delivery Area,Delivery Area,10304,Orange,103,Central West,R3,Updated 6-Feb-2020
4927,2871,BANDON,NSW,147.811688,-33.476768,Delivery Area,Delivery Area,10302,Lachlan Valley,103,Central West,R3,Updated 6-Feb-2020
20733,2871,BEDGERABONG,NSW,147.6783707,-33.31936416,Delivery Area,Delivery Area,10302,Lachlan Valley,103,Central West,R3,Updated 6-Feb-2020
4928,2871,BEDGEREBONG,NSW,147.811688,-33.476768,Delivery Area,Delivery Area,10302,Lachlan Valley,103,Central West,R3,Updated 6-Feb-2020
4929,2871,BUNDABURRAH,NSW,147.811688,-33.476768,Delivery Area,Delivery Area,10302,Lachlan Valley,103,Central West,R3,Updated 6-Feb-2020
4930,2871,CALARIE,NSW,147.811688,-33.476768,Delivery Area,Delivery Area,10302,Lachlan Valley,103,Central West,R3,Updated 6-Feb-2020
4931,2871,CARRAWABBITY,NSW,147.811688,-33.476768,Delivery Area,Delivery Area,10302,Lachlan Valley,103,Central West,R3,Updated 6-Feb-2020
4932,2871,CORINELLA,NSW,147.811688,-33.476768,Delivery Area,Delivery Area,10302,Lachlan Valley,103,Central West,R3,Updated 6-Feb-2020
4933,2871,CUMBIJOWA,NSW,147.811688,-33.476768,Delivery Area,Delivery Area,10302,Lachlan Valley,103,Central West,R3,Updated 6-Feb-2020
4934,2871,FAIRHOLME,NSW,147.811688,-33.476768,Delivery Area,Delivery Area,10302,Lachlan Valley,103,Central West,R3,Updated 6-Feb-2020
4935,2871,FORBES,NSW,147.811688,-33.476768,Delivery Area,Delivery Area,10302,Lachlan Valley,103,Central West,R3,Updated 6-Feb-2020
4936,2871,GAREMA,NSW,147.811688,-33.476768,Delivery Area,Delivery Area,10302,Lachlan Valley,103,Central West,R3,Updated 6-Feb-2020
4937,2871,GRAWLIN,NSW,147.811688,-33.476768,Delivery Area,Delivery Area,10302,Lachlan Valley,103,Central West,R3,Updated 6-Feb-2020
4938,2871,GUNNING GAP,NSW,147.811688,-33.476768,Delivery Area,Delivery Area,10302,Lachlan Valley,103,Central West,R3,Updated 6-Feb-2020
4939,2871,JEMALONG,NSW,147.811688,-33.476768,Delivery Area,Delivery Area,10302,Lachlan Valley,103,Central West,R3,Updated 6-Feb-2020
4940,2871,MULYANDRY,NSW,147.811688,-33.476768,Delivery Area,Delivery Area,10302,Lachlan Valley,103,Central West,R3,Updated 6-Feb-2020
4941,2871,OOMA,NSW,147.811688,-33.476768,Delivery Area,Delivery Area,10302,Lachlan Valley,103,Central West,R3,Updated 6-Feb-2020
20734,2871,PAYTENS BRIDGE,NSW,148.3059671,-33.56215461,Delivery Area,Delivery Area,10302,Lachlan Valley,103,Central West,R3,Updated 6-Feb-2020
4942,2871,WARROO,NSW,147.811688,-33.476768,Delivery Area,Delivery Area,10302,Lachlan Valley,103,Central West,R3,Updated 6-Feb-2020
4943,2871,WEELONG,NSW,147.811688,-33.476768,Delivery Area,Delivery Area,10302,Lachlan Valley,103,Central West,R3,Updated 6-Feb-2020
4944,2871,WIRRINYA,NSW,147.811688,-33.476768,Delivery Area,Delivery Area,10302,Lachlan Valley,103,Central West,R3,Updated 6-Feb-2020
4945,2871,YARRAGONG,NSW,147.811688,-33.476768,Delivery Area,Delivery Area,10302,Lachlan Valley,103,Central West,R3,Updated 6-Feb-2020
4946,2873,ALBERT,NSW,147.260419,-32.269414,Delivery Area,Delivery Area,10302,Lachlan Valley,103,Central West,R3,Updated 6-Feb-2020
20735,2873,FIVE WAYS,NSW,146.9818409,-32.16577991,Delivery Area,Delivery Area,10302,Lachlan Valley,103,Central West,R3,Updated 6-Feb-2020
4947,2873,LANSDALE,NSW,147.260419,-32.269414,Delivery Area,Delivery Area,10302,Lachlan Valley,103,Central West,R3,Updated 6-Feb-2020
20736,2873,MIAMLEY,NSW,146.9280252,-32.4005571,Delivery Area,Delivery Area,10302,Lachlan Valley,103,Central West,R3,Updated 6-Feb-2020
4948,2873,TOTTENHAM,NSW,147.260419,-32.269414,Delivery Area,Delivery Area,10302,Lachlan Valley,103,Central West,R3,Updated 6-Feb-2020
4949,2874,TULLAMORE,NSW,147.538565,-32.619929,Delivery Area,Delivery Area,10302,Lachlan Valley,103,Central West,R3,Updated 6-Feb-2020
4950,2874,YETHERA,NSW,147.538565,-32.619929,Delivery Area,Delivery Area,10302,Lachlan Valley,103,Central West,R3,Updated 6-Feb-2020
4951,2875,BRUIE PLAINS,NSW,147.603587,-32.915604,Delivery Area,Delivery Area,10302,Lachlan Valley,103,Central West,R3,Updated 6-Feb-2020
4952,2875,FIFIELD,NSW,147.603587,-32.915604,Delivery Area,Delivery Area,10302,Lachlan Valley,103,Central West,R3,Updated 6-Feb-2020
4953,2875,OOTHA,NSW,147.603587,-32.915604,Delivery Area,Delivery Area,10302,Lachlan Valley,103,Central West,R3,Updated 6-Feb-2020
4954,2875,THE TROFFS,NSW,147.603587,-32.915604,Delivery Area,Delivery Area,10302,Lachlan Valley,103,Central West,R3,Updated 6-Feb-2020
4955,2875,TRUNDLE,NSW,147.603587,-32.915604,Delivery Area,Delivery Area,10302,Lachlan Valley,103,Central West,R3,Updated 6-Feb-2020
20737,2875,YARRABANDAI,NSW,147.5778762,-33.13540693,Delivery Area,Delivery Area,10302,Lachlan Valley,103,Central West,R3,Updated 6-Feb-2020
4956,2876,BOGAN GATE,NSW,147.772834,-33.159023,Delivery Area,Delivery Area,10302,Lachlan Valley,103,Central West,R3,Updated 6-Feb-2020
4957,2876,BOTFIELDS,NSW,147.772834,-33.159023,Delivery Area,Delivery Area,10302,Lachlan Valley,103,Central West,R3,Updated 6-Feb-2020
20738,2876,GUNNING GAP,NSW,147.7419456,-33.25391402,Delivery Area,Delivery Area,10302,Lachlan Valley,103,Central West,R3,Updated 6-Feb-2020
4958,2876,GUNNINGBLAND,NSW,147.772834,-33.159023,Delivery Area,Delivery Area,10302,Lachlan Valley,103,Central West,R3,Updated 6-Feb-2020
4959,2876,NELUNGALOO,NSW,147.772834,-33.159023,Delivery Area,Delivery Area,10302,Lachlan Valley,103,Central West,R3,Updated 6-Feb-2020
20739,2877,BOBADAH,NSW,146.6853835,-32.27339899,Delivery Area,Delivery Area,10501,Bourke - Cobar - Coonamble,105,Far West and Orana,R3,Updated 6-Feb-2020
20740,2877,BOONA MOUNT,NSW,147.2596405,-32.61704491,Delivery Area,Delivery Area,10501,Bourke - Cobar - Coonamble,105,Far West and Orana,R3,Updated 6-Feb-2020
4960,2877,CONDOBOLIN,NSW,146.085138,-32.844998,Delivery Area,Delivery Area,10501,Bourke - Cobar - Coonamble,105,Far West and Orana,R3,Updated 6-Feb-2020
4961,2877,DERRIWONG,NSW,146.085138,-32.844998,Delivery Area,Delivery Area,10501,Bourke - Cobar - Coonamble,105,Far West and Orana,R3,Updated 6-Feb-2020
4962,2877,EREMERANG,NSW,146.085138,-32.844998,Delivery Area,Delivery Area,10501,Bourke - Cobar - Coonamble,105,Far West and Orana,R3,Updated 6-Feb-2020
4963,2877,EUABALONG,NSW,146.085138,-32.844998,Delivery Area,Delivery Area,10501,Bourke - Cobar - Coonamble,105,Far West and Orana,R3,Updated 6-Feb-2020
4964,2877,EUABALONG WEST,NSW,146.085138,-32.844998,Delivery Area,Delivery Area,10501,Bourke - Cobar - Coonamble,105,Far West and Orana,R3,Updated 6-Feb-2020
20741,2877,GILGUNNIA,NSW,146.0725651,-32.44167267,Delivery Area,Delivery Area,10501,Bourke - Cobar - Coonamble,105,Far West and Orana,R3,Updated 6-Feb-2020
4965,2877,KIACATOO,NSW,146.085138,-32.844998,Delivery Area,Delivery Area,10501,Bourke - Cobar - Coonamble,105,Far West and Orana,R3,Updated 6-Feb-2020
4966,2877,MILBY,NSW,146.085138,-32.844998,Delivery Area,Delivery Area,10501,Bourke - Cobar - Coonamble,105,Far West and Orana,R3,Updated 6-Feb-2020
4967,2877,MOUNT HOPE,NSW,146.085138,-32.844998,Delivery Area,Delivery Area,10501,Bourke - Cobar - Coonamble,105,Far West and Orana,R3,Updated 6-Feb-2020
4968,2877,MULGUTHRIE,NSW,146.085138,-32.844998,Delivery Area,Delivery Area,10501,Bourke - Cobar - Coonamble,105,Far West and Orana,R3,Updated 6-Feb-2020
4969,2878,BEILPAJAH,NSW,144.495401,-32.823221,Delivery Area,Delivery Area,10902,Lower Murray,109,Murray,R3,Updated 6-Feb-2020
4970,2878,CONOBLE,NSW,144.495401,-32.823221,Delivery Area,Delivery Area,10902,Lower Murray,109,Murray,R3,Updated 6-Feb-2020
4971,2878,IVANHOE,NSW,144.495401,-32.823221,Delivery Area,Delivery Area,10902,Lower Murray,109,Murray,R3,Updated 6-Feb-2020
4972,2878,MANARA,NSW,144.495401,-32.823221,Delivery Area,Delivery Area,10902,Lower Murray,109,Murray,R3,Updated 6-Feb-2020
4973,2878,MOSSGIEL,NSW,144.495401,-32.823221,Delivery Area,Delivery Area,10902,Lower Murray,109,Murray,R3,Updated 6-Feb-2020
4974,2878,TRIDA,NSW,144.495401,-32.823221,Delivery Area,Delivery Area,10902,Lower Murray,109,Murray,R3,Updated 6-Feb-2020
4975,2879,COPI HOLLOW,NSW,142.666608,-32.366157,Delivery Area,Delivery Area,10502,Broken Hill and Far West,105,Far West and Orana,R3,Updated 6-Feb-2020
4976,2879,MENINDEE,NSW,142.666608,-32.366157,Delivery Area,Delivery Area,10502,Broken Hill and Far West,105,Far West and Orana,R3,Updated 6-Feb-2020
20742,2879,SUNSET STRIP,NSW,142.3328819,-32.27503624,Delivery Area,Delivery Area,10502,Broken Hill and Far West,105,Far West and Orana,R3,Updated 6-Feb-2020
4977,2880,BROKEN HILL,NSW,142.203381,-30.170441,Delivery Area,Delivery Area,10502,Broken Hill and Far West,105,Far West and Orana,R3,Updated 6-Feb-2020
4978,2880,BROKEN HILL NORTH,NSW,142.203381,-30.170441,Delivery Area,Delivery Area,10502,Broken Hill and Far West,105,Far West and Orana,R3,Updated 6-Feb-2020
4979,2880,BROKEN HILL WEST,NSW,142.203381,-30.170441,Delivery Area,Delivery Area,10502,Broken Hill and Far West,105,Far West and Orana,R3,Updated 6-Feb-2020
20743,2880,BROUGHAMS GATE,NSW,141.2505149,-30.88847002,Delivery Area,Delivery Area,10502,Broken Hill and Far West,105,Far West and Orana,R3,Updated 6-Feb-2020
4980,2880,BURNS,NSW,142.203381,-30.170441,Delivery Area,Delivery Area,10502,Broken Hill and Far West,105,Far West and Orana,R3,Updated 6-Feb-2020
4981,2880,CAMERON CORNER,NSW,142.203381,-30.170441,Delivery Area,Delivery Area,10502,Broken Hill and Far West,105,Far West and Orana,R3,Updated 6-Feb-2020
4982,2880,EURIOWIE,NSW,142.203381,-30.170441,Delivery Area,Delivery Area,10502,Broken Hill and Far West,105,Far West and Orana,R3,Updated 6-Feb-2020
20744,2880,FOWLERS GAP,NSW,141.6786461,-31.36460967,Delivery Area,Delivery Area,10502,Broken Hill and Far West,105,Far West and Orana,R3,Updated 6-Feb-2020
4983,2880,KINALUNG,NSW,142.203381,-30.170441,Delivery Area,Delivery Area,10502,Broken Hill and Far West,105,Far West and Orana,R3,Updated 6-Feb-2020
4984,2880,LITTLE TOPAR,NSW,142.203381,-30.170441,Delivery Area,Delivery Area,10502,Broken Hill and Far West,105,Far West and Orana,R3,Updated 6-Feb-2020
20745,2880,MILPARINKA,NSW,141.5718884,-29.89347499,Delivery Area,Delivery Area,10502,Broken Hill and Far West,105,Far West and Orana,R3,Updated 6-Feb-2020
4985,2880,MOUNT GIPPS,NSW,142.203381,-30.170441,Delivery Area,Delivery Area,10502,Broken Hill and Far West,105,Far West and Orana,R3,Updated 6-Feb-2020
20746,2880,MUTAWINTJI,NSW,142.335428,-31.20008632,Delivery Area,Delivery Area,10502,Broken Hill and Far West,105,Far West and Orana,R3,Updated 6-Feb-2020
20747,2880,PACKSADDLE,NSW,142.1705125,-30.4419729,Delivery Area,Delivery Area,10502,Broken Hill and Far West,105,Far West and Orana,R3,Updated 6-Feb-2020
4986,2880,SILVERTON,NSW,142.203381,-30.170441,Delivery Area,Delivery Area,10502,Broken Hill and Far West,105,Far West and Orana,R3,Updated 6-Feb-2020
4987,2880,SOUTH BROKEN HILL,NSW,142.203381,-30.170441,Delivery Area,Delivery Area,10502,Broken Hill and Far West,105,Far West and Orana,R3,Updated 6-Feb-2020
4988,2880,STEPHENS CREEK,NSW,142.203381,-30.170441,Delivery Area,Delivery Area,10502,Broken Hill and Far West,105,Far West and Orana,R3,Updated 6-Feb-2020
4989,2880,TIBOOBURRA,NSW,142.203381,-30.170441,Delivery Area,Delivery Area,10502,Broken Hill and Far West,105,Far West and Orana,R3,Updated 6-Feb-2020
4990,2890,AUSTRALIAN DEFENCE FORCES,NSW,150.1390075,-32.8310013,,,,,,,R3,Updated 25-Mar-2020 AUSPOST
4991,2891,SYDNEY GATEWAY FACILITY,NSW,,,,,,,,,R3,
4992,2898,LORD HOWE ISLAND,NSW,159.081217,-31.55247,Delivery Area,Delivery Area,10803,Lord Howe Island,108,Mid North Coast,R3,Updated 6-Feb-2020
4993,2899,NORFOLK ISLAND,NSW,146.928783,-36.084231,Delivery Area,Delivery Area,,,,,R1,Updated 25-Jan-2020
7809,3500,PARINGI,NSW,142.154161,-34.1931,,,21502,Mildura,215,North West,R3,Updated 6-Feb-2020
7305,3585,MURRAY DOWNS,NSW,143.336906,-35.348388,Delivery Area,Delivery Area,21503,Murray River - Swan Hill,215,North West,R3,Updated 6-Feb-2020
7314,3586,MALLAN,NSW,143.792594,-35.114021,Delivery Area,Delivery Area,21503,Murray River - Swan Hill,215,North West,R3,Updated 6-Feb-2020
7162,3644,BAROOGA,NSW,145.632682,-35.945353,Delivery Area,Delivery Area,21602,Moira,216,Shepparton,R3,Updated 6-Feb-2020
20912,3644,LALALTY,NSW,145.7225347,-35.80932627,Delivery Area,Delivery Area,21602,Moira,216,Shepparton,R3,Updated 6-Feb-2020
20925,3691,LAKE HUME VILLAGE,NSW,147.0344634,-36.09357335,Delivery Area,Delivery Area,20403,Wodonga - Alpine,204,Hume,R3,Updated 6-Feb-2020
7111,3707,BRINGENBRONG,NSW,148.037958,-36.586316,Delivery Area,Delivery Area,20502,Gippsland - East,205,Latrobe - Gippsland,R3,Updated 6-Feb-2020
21102,4377,MARYLAND,NSW,152.0460516,-28.53923902,Delivery Area,Delivery Area,30703,Granite Belt,307,Darling Downs - Maranoa,R3,Updated 6-Feb-2020
21104,4380,AMOSFIELD,NSW,152.0579789,-28.65836586,Delivery Area,Delivery Area,30703,Granite Belt,307,Darling Downs - Maranoa,R3,Updated 6-Feb-2020
21111,4380,MINGOOLA,NSW,151.5292131,-28.94099323,Delivery Area,Delivery Area,30703,Granite Belt,307,Darling Downs - Maranoa,R3,Updated 6-Feb-2020
21116,4380,RUBY CREEK,NSW,152.0183455,-28.62591135,Delivery Area,Delivery Area,30703,Granite Belt,307,Darling Downs - Maranoa,R3,Updated 6-Feb-2020
21122,4380,UNDERCLIFFE,NSW,152.1822634,-28.62255099,Delivery Area,Delivery Area,30703,Granite Belt,307,Darling Downs - Maranoa,R3,Updated 6-Feb-2020
21127,4383,JENNINGS,NSW,151.9694117,-28.94051178,Delivery Area,Delivery Area,30703,Granite Belt,307,Darling Downs - Maranoa,R3,Updated 6-Feb-2020
21128,4385,CAMP CREEK,NSW,150.8803595,-28.75511649,Delivery Area,Delivery Area,30701,Darling Downs (West) - Maranoa,307,Darling Downs - Maranoa,R3,Updated 6-Feb-2020
22877,4385,TEXAS,NSW,,,,,,,,,,Added 16-May-2020
